IBTS/IBTS_CruiseNotebook/Data/CTD/sta0005.cnv
* Sea-Bird SBE 9 Data File:
* FileName = C:\Seabird\CTDData\sta0005.hex
* Software Version Seasave V 7.21f
* Temperature SN = 2491
* Conductivity SN = 2694
* Number of Bytes Per Scan = 40
* Number of Voltage Words = 5
* Number of Scans Averaged by the Deck Unit = 1
* NMEA Latitude = 61 01.47 N
* NMEA Longitude = 002 42.85 E
* NMEA UTC (Time) = Feb 10 2020 09:41:34
* NMEA baud rate = 4800
** Ship: 10 F/F "G. O. Sars"
** Station: 0005
** Echodepth: 231
** Log: 7700.13
** Wind-Dir Force: 28 26
** Air-temp (dry): 3.5
** Weather Sky:
** Sea Ice:
# nquan = 20                                
# nvalues = 222                         
# units = specified
# name 0 = scan: Scan Count
# name 1 = prDM: Pressure, Digiquartz [db]
# name 2 = t068C: Temperature [ITS-68, deg C]
# name 3 = t168C: Temperature, 2 [ITS-68, deg C]
# name 4 = c0S/m: Conductivity [S/m]
# name 5 = c1S/m: Conductivity, 2 [S/m]
# name 6 = sbeox0V: Oxygen raw, SBE 43 [V]
# name 7 = altM: Altimeter [m]
# name 8 = flC: Fluorescence, Chelsea Aqua 3 Chl Con [ug/l]
# name 9 = par: PAR/Irradiance, Biospherical/Licor
# name 10 = spar: SPAR/Surface Irradiance
# name 11 = timeS: Time, Elapsed [seconds]
# name 12 = timeJ: Julian Days
# name 13 = sbeox0ML/L: Oxygen, SBE 43 [ml/l], WS = 2
# name 14 = sal00: Salinity, Practical [PSU]
# name 15 = sal11: Salinity, Practical, 2 [PSU]
# name 16 = sigma-t00: Density [sigma-t, Kg/m^3 ]
# name 17 = svCM: Sound Velocity [Chen-Millero, m/s]
# name 18 = avgsvCM: Average Sound Velocity [Chen-Millero, m/s], minP = 1, minS = 5
# name 19 = flag: flag
# span 0 =        -42,       6038       
# span 1 =      4.000,    225.000       
# span 2 =     8.8797,     8.9033       
# span 3 =     8.8791,     8.9033       
# span 4 =   3.729482,   3.741567       
# span 5 =   3.729663,   3.741675       
# span 6 =     2.5974,     2.6677       
# span 7 =      -0.77,     102.37       
# span 8 =     0.0358,     0.0542       
# span 9 = 5.1418e-02, 3.9532e+01       
# span 10 = -1.653e+00, 1.2786e+02      
# span 11 =     -1.804,    251.544      
# span 12 =  41.403868,  41.406800      
# span 13 =    6.17177,    6.23182      
# span 14 =    35.2731,    35.2750      
# span 15 =    35.2753,    35.2778      
# span 16 =    27.3489,    27.3531      
# span 17 =    1486.16,    1489.87      
# span 18 =    1486.16,    1488.00      
# span 19 = 0.0000e+00, 0.0000e+00      
# interval = decibars: 1                
# start_time = Feb 10 2020 09:41:36 [System UTC, header]
# bad_flag = -9.990e-29
*END*
        -42      4.000     8.8812     8.8819   3.729608   3.729938     2.6533     102.37     0.0511 3.9532e+01 2.3317e+01     -1.804  41.403868    6.17177    35.2750    35.2778    27.3531    1486.16    1486.16 0.0000e+00
        100      5.000     8.8817     8.8822   3.729702   3.730015     2.6559      93.19     0.0542 3.1493e+01 8.5111e+01      4.106  41.403936    6.18949    35.2750    35.2778    27.3530    1486.18    1486.16 0.0000e+00
        488      6.000     8.8808     8.8805   3.729543   3.729768     2.6594      99.28     0.0527 2.8458e+01 8.5047e+01     20.312  41.404124    6.19881    35.2737    35.2764    27.3522    1486.19    1486.17 0.0000e+00
        566      7.000     8.8797     8.8791   3.729482   3.729663     2.6603      -0.77     0.0497 2.9410e+01 3.4512e+01     23.541  41.404161    6.19503    35.2737    35.2762    27.3523    1486.20    1486.17 0.0000e+00
        580      8.000     8.8813     8.8816   3.729690   3.729968     2.6613      96.38     0.0515 2.6334e+01 7.3867e+01     24.122  41.404168    6.20155    35.2738    35.2765    27.3521    1486.22    1486.18 0.0000e+00
        596      9.000     8.8850     8.8850   3.730142   3.730391     2.6607      98.90     0.0523 2.3779e+01 9.0931e+01     24.797  41.404176    6.19359    35.2744    35.2770    27.3520    1486.25    1486.19 0.0000e+00
        612     10.000     8.8854     8.8856   3.730241   3.730497     2.6594      98.86     0.0481 2.1280e+01 8.9196e+01     25.448  41.404183    6.18833    35.2746    35.2771    27.3521    1486.27    1486.19 0.0000e+00
        627     11.000     8.8855     8.8856   3.730289   3.730552     2.6584      98.87     0.0479 1.9004e+01 8.7746e+01     26.064  41.404191    6.18790    35.2745    35.2772    27.3520    1486.29    1486.20 0.0000e+00
        641     12.000     8.8850     8.8851   3.730302   3.730551     2.6578      98.86     0.0480 1.7627e+01 9.0124e+01     26.650  41.404197    6.19089    35.2747    35.2772    27.3522    1486.30    1486.21 0.0000e+00
        665     13.000     8.8843     8.8842   3.730243   3.730490     2.6579      98.86     0.0493 1.7718e+01 9.1725e+01     27.660  41.404209    6.20110    35.2743    35.2770    27.3520    1486.32    1486.22 0.0000e+00
        692     14.000     8.8840     8.8844   3.730274   3.730543     2.6603      98.86     0.0518 1.6942e+01 9.2696e+01     28.800  41.404222    6.21329    35.2744    35.2768    27.3522    1486.33    1486.23 0.0000e+00
        725     15.000     8.8828     8.8836   3.730211   3.730530     2.6629      98.86     0.0527 1.4893e+01 9.2338e+01     30.175  41.404238    6.22053    35.2744    35.2770    27.3524    1486.34    1486.24 0.0000e+00
        764     16.000     8.8814     8.8813   3.730135   3.730355     2.6656      98.86     0.0503 1.4592e+01 3.9355e+01     31.789  41.404257    6.22834    35.2746    35.2770    27.3527    1486.36    1486.24 0.0000e+00
        788     17.000     8.8819     8.8817   3.730219   3.730439     2.6673      98.86     0.0500 1.4306e+01 5.4847e+01     32.787  41.404268    6.23182    35.2745    35.2770    27.3525    1486.37    1486.25 0.0000e+00
        808     18.000     8.8813     8.8814   3.730217   3.730460     2.6677      98.86     0.0523 1.3677e+01 1.5714e+01     33.632  41.404278    6.22779    35.2745    35.2770    27.3527    1486.39    1486.26 0.0000e+00
        826     19.000     8.8814     8.8813   3.730286   3.730514     2.6675      98.87     0.0479 1.2949e+01 8.5892e+00     34.375  41.404287    6.22191    35.2747    35.2772    27.3528    1486.41    1486.27 0.0000e+00
        842     20.000     8.8811     8.8812   3.730299   3.730543     2.6661      98.86     0.0445 1.2303e+01 5.9473e+01     35.043  41.404294    6.21275    35.2746    35.2771    27.3528    1486.42    1486.27 0.0000e+00
        857     21.000     8.8813     8.8813   3.730362   3.730593     2.6643      98.86     0.0474 1.1592e+01 7.8906e+01     35.683  41.404302    6.20869    35.2746    35.2771    27.3528    1486.44    1486.28 0.0000e+00
        872     22.000     8.8815     8.8812   3.730429   3.730623     2.6629      98.87     0.0488 1.0815e+01 8.9511e+01     36.299  41.404309    6.21130    35.2747    35.2770    27.3528    1486.45    1486.29 0.0000e+00
        887     23.000     8.8843     8.8846   3.730743   3.730986     2.6629      98.86     0.0475 1.0060e+01 8.6441e+01     36.925  41.404316    6.21055    35.2747    35.2770    27.3523    1486.48    1486.30 0.0000e+00
        943     24.000     8.8860     8.8862   3.730919   3.731176     2.6621      91.39     0.0470 9.7718e+00 9.3382e+01     39.258  41.404343    6.21057    35.2744    35.2769    27.3518    1486.50    1486.31 0.0000e+00
        993     25.000     8.8867     8.8868   3.731037   3.731289     2.6618      88.12     0.0504 9.4176e+00 7.9682e+01     41.321  41.404367    6.22384    35.2744    35.2770    27.3518    1486.52    1486.31 0.0000e+00
       1012     26.000     8.8870     8.8871   3.731133   3.731362     2.6641      99.18     0.0479 8.8165e+00 3.6407e+01     42.130  41.404376    6.22976    35.2747    35.2770    27.3519    1486.54    1486.32 0.0000e+00
       1029     27.000     8.8871     8.8871   3.731183   3.731414     2.6645      98.86     0.0469 8.2514e+00 1.9518e+00     42.832  41.404385    6.21803    35.2746    35.2770    27.3518    1486.56    1486.33 0.0000e+00
       1048     28.000     8.8869     8.8869   3.731213   3.731442     2.6618      84.88     0.0476 7.7401e+00 4.0733e+01     43.610  41.404394    6.20769    35.2746    35.2771    27.3519    1486.57    1486.34 0.0000e+00
       1071     29.000     8.8871     8.8872   3.731279   3.731505     2.6616      96.63     0.0475 7.4333e+00 8.6106e+01     44.599  41.404405    6.22197    35.2747    35.2769    27.3519    1486.59    1486.35 0.0000e+00
       1094     30.000     8.8873     8.8872   3.731349   3.731562     2.6627      98.91     0.0454 7.2454e+00 9.8825e+01     45.559  41.404416    6.22394    35.2747    35.2771    27.3519    1486.61    1486.36 0.0000e+00
       1113     31.000     8.8879     8.8878   3.731456   3.731662     2.6624      92.52     0.0467 7.0002e+00 9.8605e+01     46.329  41.404425    6.21423    35.2748    35.2770    27.3518    1486.63    1486.37 0.0000e+00
       1129     32.000     8.8882     8.8880   3.731527   3.731726     2.6604      77.99     0.0441 6.7039e+00 8.9438e+01     47.009  41.404433    6.21473    35.2747    35.2770    27.3517    1486.64    1486.38 0.0000e+00
       1145     33.000     8.8877     8.8874   3.731510   3.731706     2.6617      98.33     0.0448 6.3631e+00 9.1505e+01     47.651  41.404440    6.22577    35.2746    35.2769    27.3517    1486.66    1486.38 0.0000e+00
       1159     34.000     8.8873     8.8875   3.731535   3.731740     2.6617      98.86     0.0480 5.9981e+00 5.2531e+01     48.270  41.404447    6.22425    35.2747    35.2767    27.3519    1486.67    1486.39 0.0000e+00
       1174     35.000     8.8875     8.8875   3.731586   3.731805     2.6619      98.86     0.0448 5.6508e+00 7.6354e+01     48.873  41.404455    6.22687    35.2746    35.2769    27.3518    1486.69    1486.40 0.0000e+00
       1189     36.000     8.8879     8.8880   3.731681   3.731905     2.6627      98.87     0.0460 5.3485e+00 7.1050e+01     49.483  41.404462    6.22702    35.2747    35.2770    27.3518    1486.71    1486.41 0.0000e+00
       1204     37.000     8.8881     8.8883   3.731751   3.731973     2.6620      98.86     0.0455 5.0592e+00 8.4712e+01     50.109  41.404469    6.22029    35.2748    35.2769    27.3518    1486.73    1486.42 0.0000e+00
       1218     38.000     8.8882     8.8883   3.731809   3.732021     2.6613      98.86     0.0444 4.8043e+00 9.9569e+01     50.721  41.404476    6.21838    35.2748    35.2769    27.3518    1486.74    1486.43 0.0000e+00
       1233     39.000     8.8879     8.8875   3.731828   3.731998     2.6606      98.86     0.0447 4.5849e+00 9.5654e+01     51.326  41.404483    6.21748    35.2748    35.2770    27.3519    1486.76    1486.44 0.0000e+00
       1247     40.000     8.8869     8.8865   3.731777   3.731943     2.6600      98.86     0.0443 4.4130e+00 9.1187e+01     51.919  41.404490    6.21286    35.2748    35.2769    27.3520    1486.77    1486.44 0.0000e+00
       1290     41.000     8.8868     8.8863   3.731795   3.731948     2.6588      84.82     0.0449 4.3213e+00 6.6002e+01     53.689  41.404510    6.21626    35.2746    35.2767    27.3519    1486.79    1486.45 0.0000e+00
       1366     42.000     8.8870     8.8868   3.731871   3.732047     2.6609      99.08     0.0488 4.1425e+00 9.8783e+00     56.878  41.404547    6.22578    35.2747    35.2768    27.3519    1486.80    1486.46 0.0000e+00
       1384     43.000     8.8869     8.8871   3.731909   3.732131     2.6598      98.86     0.0465 3.8652e+00 3.9468e+01     57.612  41.404556    6.21923    35.2747    35.2769    27.3520    1486.82    1486.47 0.0000e+00
       1400     44.000     8.8870     8.8871   3.731968   3.732180     2.6594      98.86     0.0448 3.5971e+00 7.0726e+01     58.299  41.404564    6.21851    35.2748    35.2769    27.3520    1486.84    1486.48 0.0000e+00
       1416     45.000     8.8874     8.8874   3.732038   3.732248     2.6585      98.86     0.0426 3.3575e+00 9.6255e+01     58.953  41.404571    6.21417    35.2746    35.2768    27.3518    1486.85    1486.49 0.0000e+00
       1431     46.000     8.8877     8.8875   3.732109   3.732304     2.6571      98.86     0.0452 3.1730e+00 9.6442e+01     59.591  41.404579    6.21090    35.2746    35.2769    27.3517    1486.87    1486.49 0.0000e+00
       1446     47.000     8.8875     8.8875   3.732158   3.732355     2.6567      98.86     0.0463 3.0335e+00 1.0108e+02     60.210  41.404586    6.20893    35.2748    35.2769    27.3519    1486.89    1486.50 0.0000e+00
       1461     48.000     8.8877     8.8876   3.732218   3.732415     2.6552      98.86     0.0465 2.9289e+00 1.0108e+02     60.821  41.404593    6.20277    35.2748    35.2770    27.3519    1486.91    1486.51 0.0000e+00
       1475     49.000     8.8878     8.8877   3.732267   3.732459     2.6534      98.86     0.0478 2.8438e+00 9.2649e+01     61.425  41.404600    6.20285    35.2747    35.2768    27.3518    1486.92    1486.52 0.0000e+00
       1490     50.000     8.8876     8.8876   3.732292   3.732494     2.6532      98.86     0.0467 2.7689e+00 8.3012e+01     62.035  41.404607    6.21011    35.2747    35.2768    27.3518    1486.94    1486.53 0.0000e+00
       1506     51.000     8.8871     8.8870   3.732284   3.732487     2.6536      98.86     0.0439 2.7131e+00 1.5933e+01     62.705  41.404615    6.21034    35.2746    35.2769    27.3519    1486.95    1486.54 0.0000e+00
       1524     52.000     8.8865     8.8865   3.732285   3.732491     2.6526      98.87     0.0460 2.6794e+00 -6.372e-02     63.443  41.404623    6.20516    35.2748    35.2769    27.3520    1486.97    1486.54 0.0000e+00
       1541     53.000     8.8874     8.8873   3.732407   3.732599     2.6521      98.64     0.0478 2.5814e+00 3.0750e-04     64.162  41.404632    6.20415    35.2747    35.2768    27.3518    1486.99    1486.55 0.0000e+00
       1563     54.000     8.8869     8.8869   3.732395   3.732608     2.6515      91.65     0.0486 2.4364e+00 3.0440e-12     65.081  41.404642    6.21468    35.2746    35.2768    27.3518    1487.00    1486.56 0.0000e+00
       1609     55.000     8.8873     8.8876   3.732479   3.732706     2.6544      95.36     0.0456 2.2672e+00 3.7307e+01     66.989  41.404664    6.22104    35.2746    35.2767    27.3518    1487.02    1486.57 0.0000e+00
       1644     56.000     8.8881     8.8880   3.732602   3.732793     2.6550      92.56     0.0422 2.1380e+00 9.8113e+01     68.459  41.404681    6.22510    35.2746    35.2767    27.3516    1487.04    1486.58 0.0000e+00
       1663     57.000     8.8883     8.8882   3.732675   3.732869     2.6552      98.89     0.0413 2.0374e+00 9.6974e+01     69.253  41.404690    6.21549    35.2747    35.2768    27.3517    1487.06    1486.59 0.0000e+00
       1679     58.000     8.8886     8.8886   3.732751   3.732948     2.6536      98.86     0.0451 1.9382e+00 8.4493e+01     69.926  41.404698    6.21129    35.2747    35.2768    27.3517    1487.07    1486.59 0.0000e+00
       1694     59.000     8.8887     8.8888   3.732808   3.733001     2.6533      98.87     0.0442 1.8502e+00 8.4007e+01     70.562  41.404705    6.21591    35.2747    35.2766    27.3517    1487.09    1486.60 0.0000e+00
       1710     60.000     8.8888     8.8888   3.732860   3.733059     2.6534      98.86     0.0438 1.7809e+00 1.1111e+01     71.191  41.404713    6.21564    35.2747    35.2768    27.3516    1487.11    1486.61 0.0000e+00
       1725     61.000     8.8889     8.8889   3.732922   3.733117     2.6524      98.61     0.0449 1.7216e+00 -2.383e-02     71.814  41.404720    6.21179    35.2747    35.2768    27.3517    1487.12    1486.62 0.0000e+00
       1739     62.000     8.8891     8.8890   3.732972   3.733165     2.6520      98.67     0.0431 1.6687e+00 -2.597e-05     72.422  41.404727    6.21355    35.2746    35.2767    27.3515    1487.14    1486.63 0.0000e+00
       1756     63.000     8.8890     8.8890   3.733008   3.733202     2.6518      98.85     0.0410 1.6083e+00 5.3762e-15     73.145  41.404736    6.21669    35.2746    35.2766    27.3515    1487.16    1486.64 0.0000e+00
       1782     64.000     8.8893     8.8892   3.733074   3.733273     2.6520      98.27     0.0409 1.5667e+00 -4.174e-27     74.197  41.404748    6.21611    35.2745    35.2767    27.3514    1487.17    1486.64 0.0000e+00
       1807     65.000     8.8897     8.8896   3.733162   3.733347     2.6510      98.14     0.0441 1.4923e+00 1.6793e-25     75.235  41.404760    6.21413    35.2746    35.2766    27.3514    1487.19    1486.65 0.0000e+00
       1830     66.000     8.8898     8.8898   3.733221   3.733415     2.6517      98.85     0.0429 1.4140e+00 5.8773e-07     76.192  41.404771    6.22300    35.2746    35.2766    27.3514    1487.21    1486.66 0.0000e+00
       1876     67.000     8.8896     8.8897   3.733246   3.733443     2.6522      98.47     0.0421 1.3368e+00 4.9526e+01     78.114  41.404793    6.22166    35.2746    35.2765    27.3514    1487.22    1486.67 0.0000e+00
       1922     68.000     8.8898     8.8898   3.733318   3.733514     2.6521      98.89     0.0407 1.2723e+00 9.5917e+01     80.034  41.404815    6.22131    35.2747    35.2767    27.3514    1487.24    1486.68 0.0000e+00
       1939     69.000     8.8900     8.8900   3.733393   3.733584     2.6521      98.86     0.0419 1.2161e+00 8.4750e+01     80.765  41.404824    6.21825    35.2748    35.2768    27.3515    1487.26    1486.69 0.0000e+00
       1956     70.000     8.8906     8.8906   3.733497   3.733687     2.6513      98.86     0.0425 1.1553e+00 8.1491e+01     81.446  41.404832    6.20664    35.2748    35.2768    27.3514    1487.28    1486.69 0.0000e+00
       1971     71.000     8.8908     8.8909   3.733562   3.733751     2.6484      98.62     0.0430 1.0986e+00 4.5596e+01     82.090  41.404839    6.19508    35.2748    35.2767    27.3514    1487.29    1486.70 0.0000e+00
       1986     72.000     8.8909     8.8910   3.733605   3.733805     2.6464      98.87     0.0474 1.0595e+00 8.9835e+01     82.728  41.404846    6.19743    35.2747    35.2767    27.3513    1487.31    1486.71 0.0000e+00
       2001     73.000     8.8908     8.8909   3.733657   3.733848     2.6458      98.86     0.0475 1.0249e+00 2.5742e+01     83.348  41.404853    6.20432    35.2748    35.2767    27.3514    1487.33    1486.72 0.0000e+00
       2016     74.000     8.8908     8.8909   3.733709   3.733905     2.6459      97.98     0.0441 9.9162e-01 1.4083e-01     83.955  41.404861    6.20875    35.2749    35.2769    27.3515    1487.34    1486.73 0.0000e+00
       2030     75.000     8.8908     8.8909   3.733738   3.733937     2.6461      98.65     0.0435 9.6283e-01 6.4974e-08     84.556  41.404867    6.20949    35.2747    35.2767    27.3513    1487.36    1486.74 0.0000e+00
