IBTS/IBTS_CruiseNotebook/Data/CTD/sta0025.cnv
* Sea-Bird SBE 9 Data File:
* FileName = C:\Seabird\CTDData\sta0025.hex
* Software Version Seasave V 7.21f
* Temperature SN = 2491
* Conductivity SN = 2694
* Number of Bytes Per Scan = 40
* Number of Voltage Words = 5
* Number of Scans Averaged by the Deck Unit = 1
* NMEA Latitude = 61 10.38 N
* NMEA Longitude = 000 37.22 E
* NMEA UTC (Time) = Feb 13 2020 12:28:43
* NMEA baud rate = 4800
** Ship: 10 F/F "G. O. Sars"
** Station: 0025
** Echodepth: 152
** Log: 8184.6
** Wind-Dir Force: 27 10
** Air-temp (dry): 4.4
** Weather Sky:
** Sea Ice:
# nquan = 20                                
# nvalues = 140                         
# units = specified
# name 0 = scan: Scan Count
# name 1 = prDM: Pressure, Digiquartz [db]
# name 2 = t068C: Temperature [ITS-68, deg C]
# name 3 = t168C: Temperature, 2 [ITS-68, deg C]
# name 4 = c0S/m: Conductivity [S/m]
# name 5 = c1S/m: Conductivity, 2 [S/m]
# name 6 = sbeox0V: Oxygen raw, SBE 43 [V]
# name 7 = altM: Altimeter [m]
# name 8 = flC: Fluorescence, Chelsea Aqua 3 Chl Con [ug/l]
# name 9 = par: PAR/Irradiance, Biospherical/Licor
# name 10 = spar: SPAR/Surface Irradiance
# name 11 = timeS: Time, Elapsed [seconds]
# name 12 = timeJ: Julian Days
# name 13 = sbeox0ML/L: Oxygen, SBE 43 [ml/l], WS = 2
# name 14 = sal00: Salinity, Practical [PSU]
# name 15 = sal11: Salinity, Practical, 2 [PSU]
# name 16 = sigma-t00: Density [sigma-t, Kg/m^3 ]
# name 17 = svCM: Sound Velocity [Chen-Millero, m/s]
# name 18 = avgsvCM: Average Sound Velocity [Chen-Millero, m/s], minP = 1, minS = 5
# name 19 = flag: flag
# span 0 =       -258,       3475       
# span 1 =      4.000,    143.000       
# span 2 =     8.9835,     9.0013       
# span 3 =     8.9833,     9.0013       
# span 4 =   3.742110,   3.749706       
# span 5 =   3.742253,   3.749831       
# span 6 =     2.6082,     2.6490       
# span 7 =      10.04,     101.71       
# span 8 =     0.0695,     0.1094       
# span 9 = 5.1434e-02, 5.4708e+01       
# span 10 = 2.5371e+02, 3.2271e+02      
# span 11 =    -10.786,    144.766      
# span 12 =  44.519852,  44.521652      
# span 13 =    6.11347,    6.16599      
# span 14 =    35.3020,    35.3044      
# span 15 =    35.3046,    35.3060      
# span 16 =    27.3562,    27.3596      
# span 17 =    1486.59,    1488.91      
# span 18 =    1486.60,    1487.73      
# span 19 = 0.0000e+00, 0.0000e+00      
# interval = decibars: 1                
# start_time = Feb 13 2020 12:28:46 [System UTC, header]
# bad_flag = -9.990e-29
*END*
       -258      4.000     8.9936     8.9967   3.742798   3.743471     2.6464     101.55     0.0902 5.4708e+01 2.5371e+02    -10.786  44.519852    6.13799    35.3020    35.3060    27.3562    1486.60    1486.60 0.0000e+00
        438      5.000     8.9835     8.9833   3.742110   3.742253     2.6481      94.45     0.0896 4.8684e+01 2.8179e+02     18.219  44.520188    6.14696    35.3043    35.3060    27.3596    1486.59    1486.60 0.0000e+00
        552      6.000     8.9907     8.9911   3.742840   3.743003     2.6482      60.25     0.0868 4.5134e+01 2.8111e+02     22.954  44.520243    6.14351    35.3044    35.3057    27.3585    1486.63    1486.61 0.0000e+00
        572      7.000     8.9937     8.9940   3.743163   3.743322     2.6479      46.88     0.0850 4.0642e+01 2.7332e+02     23.796  44.520252    6.14593    35.3043    35.3057    27.3579    1486.66    1486.61 0.0000e+00
        590      8.000     8.9946     8.9948   3.743289   3.743445     2.6490      85.71     0.0847 3.6686e+01 2.7147e+02     24.527  44.520261    6.14814    35.3043    35.3057    27.3578    1486.68    1486.62 0.0000e+00
        604      9.000     8.9926     8.9936   3.743136   3.743370     2.6478      98.68     0.0869 3.2340e+01 2.6477e+02     25.138  44.520268    6.13943    35.3042    35.3056    27.3580    1486.69    1486.63 0.0000e+00
        617     10.000     8.9922     8.9926   3.743120   3.743291     2.6467      98.86     0.0879 2.8372e+01 2.6627e+02     25.680  44.520274    6.13311    35.3039    35.3053    27.3579    1486.70    1486.64 0.0000e+00
        630     11.000     8.9923     8.9924   3.743163   3.743301     2.6462      98.87     0.0868 2.4993e+01 2.6373e+02     26.220  44.520280    6.13262    35.3038    35.3051    27.3578    1486.72    1486.64 0.0000e+00
        651     12.000     8.9924     8.9923   3.743222   3.743338     2.6441      44.02     0.0868 2.3596e+01 2.6893e+02     27.082  44.520290    6.14143    35.3038    35.3051    27.3578    1486.73    1486.65 0.0000e+00
        676     13.000     8.9919     8.9922   3.743216   3.743370     2.6468      99.20     0.0901 2.1772e+01 2.7402e+02     28.110  44.520302    6.15578    35.3038    35.3051    27.3578    1486.75    1486.66 0.0000e+00
        698     14.000     8.9908     8.9910   3.743157   3.743302     2.6478      98.86     0.0908 1.8987e+01 2.7999e+02     29.039  44.520313    6.15164    35.3038    35.3051    27.3580    1486.76    1486.67 0.0000e+00
        719     15.000     8.9910     8.9909   3.743219   3.743347     2.6470      45.97     0.0870 1.7214e+01 2.8298e+02     29.921  44.520323    6.14977    35.3037    35.3052    27.3579    1486.78    1486.67 0.0000e+00
        746     16.000     8.9905     8.9899   3.743210   3.743280     2.6476      96.30     0.0908 1.6570e+01 2.8891e+02     31.031  44.520336    6.15027    35.3036    35.3050    27.3579    1486.79    1486.68 0.0000e+00
        780     17.000     8.9897     8.9899   3.743168   3.743309     2.6455      67.26     0.0957 1.6762e+01 2.9374e+02     32.449  44.520352    6.13731    35.3035    35.3048    27.3580    1486.81    1486.69 0.0000e+00
        806     18.000     8.9896     8.9897   3.743211   3.743357     2.6447      77.80     0.0945 1.6549e+01 2.9927e+02     33.549  44.520365    6.15139    35.3036    35.3050    27.3580    1486.82    1486.70 0.0000e+00
        824     19.000     8.9899     8.9900   3.743287   3.743427     2.6459      98.96     0.0952 1.5487e+01 2.9888e+02     34.295  44.520374    6.15206    35.3036    35.3050    27.3580    1486.84    1486.70 0.0000e+00
        840     20.000     8.9914     8.9909   3.743490   3.743562     2.6457      98.86     0.0979 1.4246e+01 2.9196e+02     34.946  44.520381    6.14233    35.3038    35.3050    27.3579    1486.86    1486.71 0.0000e+00
        855     21.000     8.9918     8.9918   3.743581   3.743695     2.6444      58.14     0.0931 1.3180e+01 2.8949e+02     35.572  44.520389    6.13819    35.3038    35.3050    27.3579    1486.88    1486.72 0.0000e+00
        870     22.000     8.9917     8.9914   3.743612   3.743723     2.6430      40.94     0.0915 1.2569e+01 2.8412e+02     36.192  44.520396    6.13976    35.3038    35.3053    27.3579    1486.90    1486.73 0.0000e+00
        884     23.000     8.9928     8.9929   3.743787   3.743899     2.6440      97.77     0.0942 1.2606e+01 2.8011e+02     36.801  44.520403    6.14487    35.3040    35.3051    27.3579    1486.92    1486.74 0.0000e+00
        900     24.000     8.9941     8.9943   3.743951   3.744085     2.6427      98.86     0.0942 1.3002e+01 2.7683e+02     37.439  44.520410    6.13610    35.3040    35.3052    27.3576    1486.94    1486.74 0.0000e+00
        925     25.000     8.9939     8.9942   3.743973   3.744117     2.6410      65.71     0.0952 1.2904e+01 2.7484e+02     38.501  44.520422    6.13952    35.3039    35.3052    27.3576    1486.95    1486.75 0.0000e+00
        952     26.000     8.9942     8.9945   3.744048   3.744191     2.6442      81.43     0.1007 1.2465e+01 2.7897e+02     39.629  44.520436    6.16417    35.3040    35.3052    27.3576    1486.97    1486.76 0.0000e+00
        972     27.000     8.9944     8.9947   3.744118   3.744263     2.6447      67.49     0.1094 1.1818e+01 2.8389e+02     40.465  44.520445    6.15311    35.3040    35.3052    27.3576    1486.99    1486.77 0.0000e+00
        989     28.000     8.9951     8.9950   3.744229   3.744334     2.6456      75.42     0.0984 1.1214e+01 2.8710e+02     41.182  44.520453    6.15372    35.3040    35.3052    27.3575    1487.01    1486.78 0.0000e+00
       1007     29.000     8.9948     8.9943   3.744230   3.744321     2.6441      17.69     0.0919 1.1014e+01 2.9354e+02     41.926  44.520462    6.14637    35.3038    35.3053    27.3574    1487.02    1486.79 0.0000e+00
       1040     30.000     8.9918     8.9915   3.743987   3.744082     2.6446      41.80     0.0983 1.0691e+01 3.0278e+02     43.311  44.520478    6.15904    35.3038    35.3051    27.3578    1487.03    1486.79 0.0000e+00
       1081     31.000     8.9895     8.9895   3.743816   3.743931     2.6473     101.71     0.0976 1.0696e+01 3.1145e+02     44.980  44.520497    6.16101    35.3038    35.3050    27.3582    1487.04    1486.80 0.0000e+00
       1101     32.000     8.9901     8.9899   3.743928   3.744022     2.6437      44.34     0.0923 1.0262e+01 3.1470e+02     45.846  44.520507    6.14197    35.3039    35.3051    27.3582    1487.05    1486.81 0.0000e+00
       1118     33.000     8.9901     8.9910   3.743969   3.744183     2.6440      64.47     0.0947 9.7356e+00 3.1551e+02     46.532  44.520515    6.14936    35.3038    35.3052    27.3582    1487.07    1486.82 0.0000e+00
       1133     34.000     8.9903     8.9911   3.744046   3.744247     2.6425      31.70     0.0925 9.2337e+00 3.1685e+02     47.175  44.520523    6.14803    35.3040    35.3053    27.3582    1487.09    1486.83 0.0000e+00
       1148     35.000     8.9897     8.9898   3.744025   3.744150     2.6431      98.75     0.0932 8.7771e+00 3.1499e+02     47.791  44.520530    6.14780    35.3039    35.3051    27.3582    1487.10    1486.83 0.0000e+00
       1165     36.000     8.9905     8.9907   3.744146   3.744284     2.6409      63.28     0.0914 8.3399e+00 3.1222e+02     48.479  44.520538    6.13899    35.3038    35.3051    27.3581    1487.12    1486.84 0.0000e+00
       1187     37.000     8.9912     8.9914   3.744264   3.744401     2.6399      60.86     0.0937 7.7939e+00 3.1000e+02     49.396  44.520549    6.14091    35.3039    35.3052    27.3580    1487.14    1486.85 0.0000e+00
       1207     38.000     8.9911     8.9908   3.744302   3.744384     2.6391      45.24     0.0935 7.5468e+00 3.0706e+02     50.265  44.520559    6.15249    35.3039    35.3051    27.3581    1487.16    1486.86 0.0000e+00
       1225     39.000     8.9903     8.9902   3.744261   3.744362     2.6421      98.97     0.0898 7.2837e+00 3.0165e+02     50.981  44.520567    6.16029    35.3038    35.3050    27.3581    1487.17    1486.87 0.0000e+00
       1240     40.000     8.9901     8.9900   3.744280   3.744399     2.6407      54.39     0.0877 6.9895e+00 3.0321e+02     51.639  44.520574    6.15595    35.3037    35.3051    27.3581    1487.19    1486.87 0.0000e+00
       1256     41.000     8.9902     8.9901   3.744334   3.744451     2.6433      86.38     0.0900 6.6751e+00 3.0323e+02     52.298  44.520582    6.16599    35.3037    35.3050    27.3580    1487.20    1486.88 0.0000e+00
       1278     42.000     8.9899     8.9899   3.744348   3.744465     2.6419      78.41     0.0907 6.2272e+00 3.0054e+02     53.208  44.520593    6.14560    35.3037    35.3049    27.3581    1487.22    1486.89 0.0000e+00
       1315     43.000     8.9892     8.9892   3.744347   3.744459     2.6410      83.12     0.0940 6.0003e+00 2.9939e+02     54.748  44.520610    6.15890    35.3039    35.3051    27.3583    1487.23    1486.90 0.0000e+00
       1352     44.000     8.9905     8.9897   3.744531   3.744553     2.6419      99.50     0.0905 5.7736e+00 3.0529e+02     56.311  44.520629    6.15487    35.3040    35.3051    27.3583    1487.25    1486.91 0.0000e+00
       1377     45.000     8.9902     8.9905   3.744536   3.744673     2.6406      78.78     0.0888 5.4327e+00 3.1539e+02     57.314  44.520640    6.14622    35.3039    35.3051    27.3582    1487.27    1486.91 0.0000e+00
       1395     46.000     8.9914     8.9906   3.744696   3.744737     2.6396      65.88     0.0885 5.0982e+00 3.1606e+02     58.086  44.520649    6.14917    35.3039    35.3051    27.3580    1487.29    1486.92 0.0000e+00
       1411     47.000     8.9907     8.9907   3.744686   3.744789     2.6396      99.37     0.0915 4.7879e+00 3.1794e+02     58.760  44.520657    6.14760    35.3040    35.3051    27.3582    1487.30    1486.93 0.0000e+00
       1427     48.000     8.9912     8.9911   3.744758   3.744863     2.6377      98.87     0.0889 4.5193e+00 3.1857e+02     59.398  44.520664    6.13864    35.3038    35.3050    27.3580    1487.32    1486.94 0.0000e+00
       1441     49.000     8.9912     8.9912   3.744810   3.744926     2.6374      98.86     0.0888 4.2727e+00 3.1890e+02     60.018  44.520671    6.13620    35.3039    35.3051    27.3580    1487.34    1486.95 0.0000e+00
       1457     50.000     8.9918     8.9918   3.744923   3.745021     2.6347      56.56     0.0865 4.0415e+00 3.1539e+02     60.647  44.520679    6.13234    35.3040    35.3050    27.3580    1487.36    1486.95 0.0000e+00
       1472     51.000     8.9922     8.9923   3.744998   3.745123     2.6347      72.00     0.0852 3.8236e+00 3.1025e+02     61.301  44.520686    6.14140    35.3039    35.3051    27.3579    1487.37    1486.96 0.0000e+00
       1490     52.000     8.9928     8.9930   3.745114   3.745234     2.6348      98.63     0.0858 3.6252e+00 3.0501e+02     62.035  44.520695    6.14373    35.3040    35.3051    27.3579    1487.39    1486.97 0.0000e+00
       1510     53.000     8.9953     8.9938   3.745407   3.745359     2.6350      98.81     0.0893 3.4660e+00 3.0073e+02     62.867  44.520705    6.14966    35.3042    35.3051    27.3576    1487.42    1486.98 0.0000e+00
       1536     54.000     8.9961     8.9961   3.745534   3.745635     2.6368      98.29     0.0873 3.3526e+00 2.9938e+02     63.947  44.520717    6.15141    35.3042    35.3053    27.3575    1487.44    1486.99 0.0000e+00
       1568     55.000     8.9966     8.9967   3.745626   3.745730     2.6352      97.24     0.0838 3.1894e+00 2.9971e+02     65.308  44.520733    6.13955    35.3042    35.3052    27.3574    1487.46    1487.00 0.0000e+00
       1596     56.000     8.9966     8.9967   3.745666   3.745780     2.6346      96.66     0.0821 3.0024e+00 3.0118e+02     66.472  44.520746    6.14512    35.3041    35.3052    27.3573    1487.47    1487.01 0.0000e+00
       1617     57.000     8.9963     8.9963   3.745684   3.745797     2.6345      96.00     0.0812 2.8287e+00 3.0422e+02     67.319  44.520756    6.14460    35.3041    35.3053    27.3574    1487.49    1487.01 0.0000e+00
       1634     58.000     8.9959     8.9956   3.745690   3.745777     2.6345      95.06     0.0834 2.6601e+00 3.0528e+02     68.040  44.520764    6.14649    35.3041    35.3053    27.3574    1487.50    1487.02 0.0000e+00
       1650     59.000     8.9947     8.9948   3.745619   3.745738     2.6344      94.24     0.0839 2.5066e+00 3.0244e+02     68.725  44.520772    6.14904    35.3041    35.3052    27.3576    1487.52    1487.03 0.0000e+00
       1669     60.000     8.9953     8.9953   3.745715   3.745831     2.6350      93.18     0.0837 2.3434e+00 3.0837e+02     69.514  44.520781    6.15116    35.3040    35.3052    27.3575    1487.53    1487.04 0.0000e+00
       1695     61.000     8.9955     8.9953   3.745782   3.745872     2.6353      91.91     0.0814 2.1905e+00 3.1344e+02     70.564  44.520794    6.15511    35.3040    35.3052    27.3574    1487.55    1487.05 0.0000e+00
       1723     62.000     8.9950     8.9948   3.745768   3.745862     2.6364      90.79     0.0810 2.0972e+00 3.0551e+02     71.734  44.520807    6.15717    35.3039    35.3051    27.3574    1487.57    1487.06 0.0000e+00
       1746     63.000     8.9957     8.9955   3.745908   3.745982     2.6364      89.83     0.0806 2.0080e+00 3.0488e+02     72.694  44.520818    6.15545    35.3042    35.3052    27.3575    1487.59    1487.06 0.0000e+00
       1764     64.000     8.9967     8.9967   3.746035   3.746145     2.6363      89.01     0.0813 1.9163e+00 3.0228e+02     73.474  44.520827    6.15524    35.3041    35.3052    27.3573    1487.61    1487.07 0.0000e+00
       1781     65.000     8.9966     8.9966   3.746074   3.746204     2.6361      88.06     0.0795 1.8326e+00 3.0274e+02     74.184  44.520835    6.15396    35.3041    35.3055    27.3573    1487.62    1487.08 0.0000e+00
       1798     66.000     8.9967     8.9967   3.746139   3.746257     2.6357      87.16     0.0770 1.7414e+00 3.0369e+02     74.893  44.520844    6.14483    35.3042    35.3054    27.3574    1487.64    1487.09 0.0000e+00
       1818     67.000     8.9968     8.9969   3.746191   3.746313     2.6324      85.89     0.0762 1.6407e+00 3.0311e+02     75.704  44.520853    6.12818    35.3042    35.3054    27.3573    1487.66    1487.10 0.0000e+00
       1840     68.000     8.9970     8.9970   3.746253   3.746373     2.6294      84.73     0.0769 1.5429e+00 3.0714e+02     76.609  44.520864    6.12986    35.3041    35.3054    27.3573    1487.67    1487.11 0.0000e+00
       1861     69.000     8.9971     8.9972   3.746313   3.746426     2.6288      83.73     0.0800 1.4568e+00 3.0618e+02     77.483  44.520874    6.13585    35.3042    35.3053    27.3573    1487.69    1487.11 0.0000e+00
       1879     70.000     8.9971     8.9970   3.746353   3.746455     2.6284      82.84     0.0792 1.3793e+00 3.0193e+02     78.248  44.520883    6.13544    35.3041    35.3053    27.3573    1487.71    1487.12 0.0000e+00
       1896     71.000     8.9972     8.9973   3.746406   3.746536     2.6281      82.03     0.0770 1.3019e+00 3.0323e+02     78.960  44.520891    6.13564    35.3041    35.3054    27.3572    1487.72    1487.13 0.0000e+00
       1914     72.000     8.9973     8.9972   3.746466   3.746572     2.6278      80.96     0.0766 1.2282e+00 3.0116e+02     79.704  44.520899    6.14010    35.3042    35.3054    27.3572    1487.74    1487.14 0.0000e+00
       1946     73.000     8.9971     8.9972   3.746490   3.746601     2.6293      79.70     0.0751 1.1484e+00 3.0386e+02     81.032  44.520915    6.14571    35.3041    35.3052    27.3573    1487.76    1487.15 0.0000e+00
       1991     74.000     8.9970     8.9970   3.746528   3.746629     2.6281      78.57     0.0731 1.0966e+00 3.0955e+02     82.904  44.520936    6.13253    35.3042    35.3052    27.3573    1487.77    1487.16 0.0000e+00
       2014     75.000     8.9969     8.9970   3.746564   3.746672     2.6269      77.85     0.0753 1.0514e+00 3.1437e+02     83.882  44.520948    6.12828    35.3041    35.3052    27.3573    1487.79    1487.17 0.0000e+00
