IBTS/IBTS_CruiseNotebook/Data/CTD/sta0030.cnv
* Sea-Bird SBE 9 Data File:
* FileName = C:\Seabird\CTDData\sta0030.hex
* Software Version Seasave V 7.21f
* Temperature SN = 2491
* Conductivity SN = 2694
* Number of Bytes Per Scan = 40
* Number of Voltage Words = 5
* Number of Scans Averaged by the Deck Unit = 1
* NMEA Latitude = 60 52.46 N
* NMEA Longitude = 000 41.10 E
* NMEA UTC (Time) = Feb 13 2020 23:30:55
* NMEA baud rate = 4800
** Ship: 10 F/F "G. O. Sars"
** Station: 0030
** Echodepth: 147
** Log: 8259.5
** Wind-Dir Force: 03 16
** Air-temp (dry): 3.3
** Weather Sky:
** Sea Ice:
# nquan = 20                                
# nvalues = 137                         
# units = specified
# name 0 = scan: Scan Count
# name 1 = prDM: Pressure, Digiquartz [db]
# name 2 = t068C: Temperature [ITS-68, deg C]
# name 3 = t168C: Temperature, 2 [ITS-68, deg C]
# name 4 = c0S/m: Conductivity [S/m]
# name 5 = c1S/m: Conductivity, 2 [S/m]
# name 6 = sbeox0V: Oxygen raw, SBE 43 [V]
# name 7 = altM: Altimeter [m]
# name 8 = flC: Fluorescence, Chelsea Aqua 3 Chl Con [ug/l]
# name 9 = par: PAR/Irradiance, Biospherical/Licor
# name 10 = spar: SPAR/Surface Irradiance
# name 11 = timeS: Time, Elapsed [seconds]
# name 12 = timeJ: Julian Days
# name 13 = sbeox0ML/L: Oxygen, SBE 43 [ml/l], WS = 2
# name 14 = sal00: Salinity, Practical [PSU]
# name 15 = sal11: Salinity, Practical, 2 [PSU]
# name 16 = sigma-t00: Density [sigma-t, Kg/m^3 ]
# name 17 = svCM: Sound Velocity [Chen-Millero, m/s]
# name 18 = avgsvCM: Average Sound Velocity [Chen-Millero, m/s], minP = 1, minS = 5
# name 19 = flag: flag
# span 0 =       -307,       3621       
# span 1 =      4.000,    140.000       
# span 2 =     8.9099,     8.9277       
# span 3 =     8.9103,     8.9277       
# span 4 =   3.733946,   3.741616       
# span 5 =   3.734182,   3.741710       
# span 6 =     2.6033,     2.6415       
# span 7 =       8.61,      99.40       
# span 8 =     0.0831,     0.0971       
# span 9 = 5.1428e-02, 1.0131e+00       
# span 10 = 8.0314e-01, 1.9669e+00      
# span 11 =    -12.814,    150.814      
# span 12 =  44.979667,  44.981561      
# span 13 =    6.09536,    6.15898      
# span 14 =    35.2876,    35.2901      
# span 15 =    35.2908,    35.2915      
# span 16 =    27.3567,    27.3599      
# span 17 =    1486.32,    1488.58      
# span 18 =    1486.32,    1487.42      
# span 19 = 0.0000e+00, 0.0000e+00      
# interval = decibars: 1                
# start_time = Feb 13 2020 23:30:56 [System UTC, header]
# bad_flag = -9.990e-29
*END*
[from data line 73]
       2318     77.000     8.9229     8.9230   3.738299   3.738422     2.6230      70.86     0.0953 5.1462e-02 -9.990e-29     96.548  44.980932    6.13259    35.2898    35.2910    27.3580    1487.53    1486.89 0.0000e+00
       2346     78.000     8.9225     8.9227   3.738298   3.738424     2.6224      69.61     0.0933 5.1441e-02 -9.990e-29     97.721  44.980946    6.14086    35.2898    35.2909    27.3580    1487.55    1486.90 0.0000e+00
       2379     79.000     8.9225     8.9226   3.738332   3.738460     2.6245      68.52     0.0931 5.1442e-02 -9.990e-29     99.090  44.980962    6.15530    35.2896    35.2909    27.3579    1487.56    1486.91 0.0000e+00
       2406     80.000     8.9227     8.9227   3.738399   3.738530     2.6264      67.61     0.0911 5.1450e-02 -9.990e-29    100.188  44.980974    6.15087    35.2897    35.2910    27.3579    1487.58    1486.92 0.0000e+00
       2428     81.000     8.9227     8.9228   3.738447   3.738574     2.6246      66.70     0.0932 5.1471e-02 -9.990e-29    101.108  44.980985    6.13368    35.2897    35.2909    27.3579    1487.60    1486.93 0.0000e+00
       2448     82.000     8.9230     8.9229   3.738527   3.738636     2.6221      65.76     0.0890 5.1462e-02 -9.990e-29    101.967  44.980995    6.13062    35.2897    35.2910    27.3579    1487.61    1486.93 0.0000e+00
       2468     83.000     8.9230     8.9230   3.738579   3.738707     2.6213      64.81     0.0881 5.1464e-02 -9.990e-29    102.782  44.981004    6.13322    35.2898    35.2912    27.3580    1487.63    1486.94 0.0000e+00
       2486     84.000     8.9231     8.9231   3.738640   3.738744     2.6204      63.87     0.0902 5.1477e-02 -9.990e-29    103.528  44.981013    6.13386    35.2899    35.2910    27.3580    1487.65    1486.95 0.0000e+00
       2502     85.000     8.9228     8.9228   3.738659   3.738770     2.6203      62.94     0.0937 5.1438e-02 -9.990e-29    104.204  44.981021    6.13870    35.2899    35.2911    27.3581    1487.66    1486.96 0.0000e+00
       2517     86.000     8.9230     8.9231   3.738740   3.738839     2.6205      62.03     0.0944 5.1456e-02 -9.990e-29    104.825  44.981028    6.14176    35.2901    35.2910    27.3582    1487.68    1486.97 0.0000e+00
       2532     87.000     8.9235     8.9234   3.738818   3.738926     2.6215      60.80     0.0933 5.1459e-02 -9.990e-29    105.441  44.981035    6.13967    35.2899    35.2911    27.3580    1487.70    1486.98 0.0000e+00
       2546     88.000     8.9238     8.9239   3.738891   3.738997     2.6199      59.59     0.0923 5.1476e-02 -9.990e-29    106.047  44.981042    6.13091    35.2899    35.2909    27.3579    1487.71    1486.98 0.0000e+00
       2561     89.000     8.9234     8.9234   3.738903   3.739010     2.6191      58.86     0.0926 5.1452e-02 -9.990e-29    106.680  44.981049    6.13363    35.2899    35.2911    27.3580    1487.73    1486.99 0.0000e+00
       2602     90.000     8.9233     8.9232   3.738919   3.739015     2.6198      57.51     0.0949 5.1475e-02 -9.990e-29    108.376  44.981069    6.14235    35.2897    35.2908    27.3579    1487.75    1487.00 0.0000e+00
       2653     91.000     8.9232     8.9233   3.738932   3.739074     2.6210      56.53     0.0944 5.1458e-02 -9.990e-29    110.483  44.981094    6.14242    35.2895    35.2909    27.3577    1487.76    1487.01 0.0000e+00
       2674     92.000     8.9234     8.9236   3.739016   3.739166     2.6198      55.82     0.0925 5.1472e-02 -9.990e-29    111.361  44.981104    6.13436    35.2897    35.2911    27.3578    1487.78    1487.02 0.0000e+00
       2691     93.000     8.9239     8.9239   3.739104   3.739238     2.6188      54.99     0.0897 5.1463e-02 -9.990e-29    112.065  44.981112    6.13229    35.2896    35.2910    27.3577    1487.80    1487.03 0.0000e+00
       2706     94.000     8.9238     8.9238   3.739148   3.739277     2.6179      54.13     0.0905 5.1485e-02 -9.990e-29    112.703  44.981119    6.13270    35.2897    35.2911    27.3578    1487.81    1487.03 0.0000e+00
       2721     95.000     8.9238     8.9238   3.739198   3.739325     2.6176      53.19     0.0943 5.1486e-02 -9.990e-29    113.330  44.981127    6.13251    35.2898    35.2911    27.3578    1487.83    1487.04 0.0000e+00
       2736     96.000     8.9238     8.9238   3.739241   3.739364     2.6168      52.20     0.0971 5.1466e-02 -9.990e-29    113.956  44.981134    6.12572    35.2897    35.2910    27.3578    1487.85    1487.05 0.0000e+00
       2751     97.000     8.9238     8.9239   3.739292   3.739409     2.6151      51.21     0.0962 5.1428e-02 -9.990e-29    114.582  44.981141    6.11810    35.2898    35.2909    27.3578    1487.86    1487.06 0.0000e+00
       2766     98.000     8.9238     8.9239   3.739337   3.739468     2.6132      50.21     0.0955 5.1466e-02 -9.990e-29    115.204  44.981148    6.11875    35.2898    35.2911    27.3578    1487.88    1487.07 0.0000e+00
       2782     99.000     8.9238     8.9238   3.739380   3.739496     2.6130      49.13     0.0950 5.1435e-02 -9.990e-29    115.890  44.981156    6.12723    35.2898    35.2910    27.3578    1487.90    1487.08 0.0000e+00
       2804    100.000     8.9238     8.9238   3.739423   3.739545     2.6134      47.94     0.0935 5.1449e-02 1.9438e+00    116.787  44.981167    6.13147    35.2897    35.2910    27.3578    1487.91    1487.08 0.0000e+00
       2828    101.000     8.9239     8.9239   3.739474   3.739603     2.6141      46.85     0.0900 5.1462e-02 1.3543e+00    117.798  44.981178    6.13948    35.2897    35.2910    27.3577    1487.93    1487.09 0.0000e+00
       2855    102.000     8.9239     8.9240   3.739512   3.739648     2.6166      45.79     0.0918 5.1485e-02 1.9415e+00    118.933  44.981191    6.15047    35.2896    35.2909    27.3577    1487.95    1487.10 0.0000e+00
       2883    103.000     8.9239     8.9239   3.739540   3.739683     2.6179      44.81     0.0962 5.1439e-02 8.0314e-01    120.087  44.981205    6.14629    35.2894    35.2909    27.3575    1487.96    1487.11 0.0000e+00
       2907    104.000     8.9238     8.9239   3.739593   3.739733     2.6179      43.89     0.0960 5.1450e-02 1.5366e+00    121.093  44.981216    6.14477    35.2896    35.2910    27.3577    1487.98    1487.12 0.0000e+00
       2929    105.000     8.9237     8.9237   3.739626   3.739755     2.6177      42.97     0.0963 5.1462e-02 -9.990e-29    121.983  44.981227    6.13959    35.2896    35.2909    27.3577    1487.99    1487.13 0.0000e+00
       2948    106.000     8.9234     8.9234   3.739647   3.739777     2.6159      42.06     0.0946 5.1433e-02 -9.990e-29    122.793  44.981236    6.13060    35.2896    35.2910    27.3578    1488.01    1487.13 0.0000e+00
       2966    107.000     8.9237     8.9238   3.739726   3.739856     2.6145      41.14     0.0955 5.1461e-02 -9.990e-29    123.545  44.981245    6.13016    35.2897    35.2909    27.3577    1488.03    1487.14 0.0000e+00
       2983    108.000     8.9237     8.9239   3.739784   3.739909     2.6137      40.19     0.0963 5.1452e-02 -9.990e-29    124.262  44.981253    6.13377    35.2898    35.2909    27.3579    1488.04    1487.15 0.0000e+00
       3001    109.000     8.9238     8.9238   3.739823   3.739942     2.6138      39.20     0.0947 5.1479e-02 -9.990e-29    124.996  44.981262    6.13869    35.2896    35.2909    27.3577    1488.06    1487.16 0.0000e+00
       3020    110.000     8.9236     8.9237   3.739854   3.739982     2.6140      38.16     0.0917 5.1467e-02 -9.990e-29    125.808  44.981271    6.14254    35.2897    35.2909    27.3578    1488.08    1487.17 0.0000e+00
       3042    111.000     8.9242     8.9243   3.739956   3.740081     2.6150      37.10     0.0903 5.1464e-02 -9.990e-29    126.717  44.981281    6.14280    35.2897    35.2909    27.3577    1488.09    1487.18 0.0000e+00
       3065    112.000     8.9246     8.9247   3.740036   3.740172     2.6142      36.05     0.0895 5.1449e-02 -9.990e-29    127.674  44.981293    6.13545    35.2896    35.2910    27.3576    1488.11    1487.18 0.0000e+00
       3087    113.000     8.9248     8.9248   3.740102   3.740243     2.6131      35.06     0.0885 5.1454e-02 -9.990e-29    128.571  44.981303    6.13477    35.2896    35.2911    27.3576    1488.13    1487.19 0.0000e+00
       3107    114.000     8.9251     8.9252   3.740186   3.740315     2.6130      34.12     0.0900 5.1440e-02 -9.990e-29    129.403  44.981313    6.13634    35.2898    35.2910    27.3576    1488.15    1487.20 0.0000e+00
       3125    115.000     8.9252     8.9253   3.740256   3.740374     2.6123      33.16     0.0874 5.1474e-02 -9.990e-29    130.187  44.981322    6.13169    35.2899    35.2911    27.3577    1488.16    1487.21 0.0000e+00
       3144    116.000     8.9253     8.9253   3.740309   3.740421     2.6113      32.19     0.0895 5.1442e-02 -9.990e-29    130.948  44.981330    6.13390    35.2899    35.2911    27.3577    1488.18    1487.22 0.0000e+00
       3163    117.000     8.9255     8.9256   3.740366   3.740496     2.6118      31.18     0.0898 5.1454e-02 -9.990e-29    131.733  44.981340    6.13564    35.2898    35.2911    27.3576    1488.20    1487.23 0.0000e+00
       3183    118.000     8.9256     8.9256   3.740427   3.740538     2.6106      30.14     0.0899 5.1466e-02 -9.990e-29    132.565  44.981349    6.13023    35.2899    35.2910    27.3576    1488.22    1487.23 0.0000e+00
       3205    119.000     8.9256     8.9255   3.740450   3.740562     2.6103      29.07     0.0903 5.1476e-02 -9.990e-29    133.520  44.981360    6.13261    35.2896    35.2909    27.3574    1488.23    1487.24 0.0000e+00
       3234    120.000     8.9257     8.9258   3.740504   3.740645     2.6097      27.97     0.0934 5.1452e-02 -9.990e-29    134.695  44.981374    6.13395    35.2896    35.2910    27.3574    1488.25    1487.25 0.0000e+00
       3262    121.000     8.9259     8.9261   3.740580   3.740723     2.6105      26.98     0.0928 5.1474e-02 -9.990e-29    135.869  44.981387    6.14195    35.2897    35.2911    27.3575    1488.27    1487.26 0.0000e+00
       3284    122.000     8.9264     8.9263   3.740676   3.740807     2.6115      26.12     0.0936 5.1458e-02 -9.990e-29    136.787  44.981398    6.14286    35.2898    35.2913    27.3574    1488.28    1487.27 0.0000e+00
       3301    123.000     8.9265     8.9266   3.740749   3.740876     2.6113      25.26     0.0918 5.1443e-02 -9.990e-29    137.514  44.981406    6.13566    35.2900    35.2912    27.3575    1488.30    1487.28 0.0000e+00
       3317    124.000     8.9262     8.9264   3.740768   3.740892     2.6101      24.40     0.0915 5.1457e-02 -9.990e-29    138.165  44.981414    6.13122    35.2900    35.2911    27.3576    1488.32    1487.28 0.0000e+00
       3332    125.000     8.9261     8.9263   3.740792   3.740931     2.6094      23.48     0.0945 5.1447e-02 -9.990e-29    138.791  44.981421    6.13378    35.2899    35.2911    27.3575    1488.33    1487.29 0.0000e+00
       3347    126.000     8.9259     8.9262   3.740809   3.740956     2.6094      22.51     0.0958 5.1457e-02 -9.990e-29    139.415  44.981428    6.13491    35.2898    35.2910    27.3575    1488.35    1487.30 0.0000e+00
       3364    127.000     8.9264     8.9266   3.740904   3.741036     2.6088      21.44     0.0971 5.1454e-02 -9.990e-29    140.134  44.981437    6.12837    35.2898    35.2910    27.3574    1488.37    1487.31 0.0000e+00
       3387    128.000     8.9265     8.9265   3.740963   3.741078     2.6067      20.27     0.0960 5.1459e-02 -9.990e-29    141.074  44.981448    6.12333    35.2898    35.2910    27.3574    1488.38    1487.32 0.0000e+00
       3415    129.000     8.9263     8.9265   3.740974   3.741115     2.6058      19.12     0.0916 5.1454e-02 1.9438e+00    142.265  44.981461    6.12910    35.2897    35.2909    27.3573    1488.40    1487.33 0.0000e+00
       3446    130.000     8.9265     8.9265   3.741029   3.741166     2.6064      18.09     0.0921 5.1448e-02 1.9438e+00    143.539  44.981476    6.13645    35.2896    35.2910    27.3572    1488.42    1487.33 0.0000e+00
       3473    131.000     8.9266     8.9266   3.741081   3.741212     2.6075      17.14     0.0910 5.1475e-02 1.9438e+00    144.647  44.981489    6.14289    35.2895    35.2909    27.3572    1488.43    1487.34 0.0000e+00
       3495    132.000     8.9267     8.9267   3.741141   3.741278     2.6089      16.24     0.0894 5.1445e-02 1.9438e+00    145.571  44.981500    6.14517    35.2896    35.2910    27.3572    1488.45    1487.35 0.0000e+00
       3514    133.000     8.9269     8.9269   3.741235   3.741333     2.6089      15.33     0.0911 5.1458e-02 1.9438e+00    146.360  44.981509    6.14130    35.2899    35.2909    27.3574    1488.47    1487.36 0.0000e+00
       3530    134.000     8.9273     8.9274   3.741319   3.741448     2.6090      14.40     0.0913 5.1481e-02 1.0086e+00    147.062  44.981517    6.13998    35.2899    35.2912    27.3574    1488.48    1487.37 0.0000e+00
       3546    135.000     8.9267     8.9270   3.741297   3.741441     2.6082      13.49     0.0939 5.1486e-02 8.6980e-01    147.704  44.981524    6.13696    35.2898    35.2910    27.3574    1488.50    1487.38 0.0000e+00
       3561    136.000     8.9267     8.9277   3.741341   3.741555     2.6080      12.55     0.0948 5.1476e-02 1.9282e+00    148.324  44.981532    6.13559    35.2898    35.2910    27.3574    1488.52    1487.39 0.0000e+00
       3576    137.000     8.9275     8.9277   3.741477   3.741619     2.6070      11.58     0.0937 5.1438e-02 1.3144e+00    148.940  44.981539    6.12833    35.2899    35.2912    27.3574    1488.53    1487.39 0.0000e+00
       3590    138.000     8.9272     8.9274   3.741485   3.741610     2.6053      10.59     0.0928 5.1449e-02 9.7313e-01    149.560  44.981546    6.12174    35.2898    35.2910    27.3573    1488.55    1487.40 0.0000e+00
       3605    139.000     8.9271     8.9275   3.741524   3.741665     2.6036       9.62     0.0922 5.1457e-02 1.9501e+00    150.171  44.981553    6.12270    35.2899    35.2910    27.3574    1488.57    1487.41 0.0000e+00
       3621    140.000     8.9277     8.9274   3.741616   3.741710     2.6033       8.61     0.0897 5.1440e-02 -9.990e-29    150.814  44.981561    6.13130    35.2898    35.2910    27.3572    1488.58    1487.42 0.0000e+00
