IBTS/IBTS_CruiseNotebook/Data/CTD/sta0014.cnv
* Sea-Bird SBE 9 Data File:
* FileName = C:\Seabird\CTDData\sta0014.hex
* Software Version Seasave V 7.21f
* Temperature SN = 2491
* Conductivity SN = 2694
* Number of Bytes Per Scan = 40
* Number of Voltage Words = 5
* Number of Scans Averaged by the Deck Unit = 1
* NMEA Latitude = 61 08.08 N
* NMEA Longitude = 001 22.03 E
* NMEA UTC (Time) = Feb 11 2020 11:36:54
* NMEA baud rate = 4800
** Ship: 10 F/F "G. O. Sars"
** Station: 0014
** Echodepth: 145.6
** Log: 7855.95
** Wind-Dir Force: 25 16
** Air-temp (dry): 4.4
** Weather Sky:
** Sea Ice:
# nquan = 20                                
# nvalues = 133                         
# units = specified
# name 0 = scan: Scan Count
# name 1 = prDM: Pressure, Digiquartz [db]
# name 2 = t068C: Temperature [ITS-68, deg C]
# name 3 = t168C: Temperature, 2 [ITS-68, deg C]
# name 4 = c0S/m: Conductivity [S/m]
# name 5 = c1S/m: Conductivity, 2 [S/m]
# name 6 = sbeox0V: Oxygen raw, SBE 43 [V]
# name 7 = altM: Altimeter [m]
# name 8 = flC: Fluorescence, Chelsea Aqua 3 Chl Con [ug/l]
# name 9 = par: PAR/Irradiance, Biospherical/Licor
# name 10 = spar: SPAR/Surface Irradiance
# name 11 = timeS: Time, Elapsed [seconds]
# name 12 = timeJ: Julian Days
# name 13 = sbeox0ML/L: Oxygen, SBE 43 [ml/l], WS = 2
# name 14 = sal00: Salinity, Practical [PSU]
# name 15 = sal11: Salinity, Practical, 2 [PSU]
# name 16 = sigma-t00: Density [sigma-t, Kg/m^3 ]
# name 17 = svCM: Sound Velocity [Chen-Millero, m/s]
# name 18 = avgsvCM: Average Sound Velocity [Chen-Millero, m/s], minP = 1, minS = 5
# name 19 = flag: flag
# span 0 =        -69,       4429       
# span 1 =      5.000,    137.000       
# span 2 =     8.9387,     8.9555       
# span 3 =     8.9384,     8.9557       
# span 4 =   3.725718,   3.745038       
# span 5 =   3.730607,   3.745202       
# span 6 =     2.3556,     2.6606       
# span 7 =     -14.74,      99.59       
# span 8 =     0.0647,     0.0906       
# span 9 = 5.1432e-02, 3.5731e+01       
# span 10 = 1.2160e+02, 1.3419e+02      
# span 11 =     -2.905,    184.496      
# span 12 =  42.483948,  42.486117      
# span 13 =    5.33815,    6.19879      
# span 14 =    35.1673,    35.3006      
# span 15 =    35.2195,    35.3061      
# span 16 =    27.2580,    27.3636      
# span 17 =    1486.29,    1488.65      
# span 18 =    1486.29,    1487.49      
# span 19 = 0.0000e+00, 0.0000e+00      
# interval = decibars: 1                
# start_time = Feb 11 2020 11:36:56 [System UTC, header]
# bad_flag = -9.990e-29
*END*
[from data line 73]
       3225     78.000     8.9474     8.9476   3.741634   3.741797     2.6388      68.09     0.0687 3.3271e-01 1.3188e+02    134.319  42.485536    6.18494    35.3001    35.3016    27.3621    1487.65    1486.99 0.0000e+00
       3252     79.000     8.9474     8.9471   3.741678   3.741809     2.6403      67.39     0.0694 3.1995e-01 1.3074e+02    135.438  42.485549    6.19455    35.3001    35.3017    27.3621    1487.67    1487.00 0.0000e+00
       3271     80.000     8.9479     8.9477   3.741767   3.741908     2.6412      66.58     0.0692 3.0559e-01 1.2410e+02    136.239  42.485558    6.19178    35.3000    35.3017    27.3620    1487.68    1487.00 0.0000e+00
       3287     81.000     8.9482     8.9481   3.741841   3.741979     2.6410      65.62     0.0679 2.8944e-01 1.3205e+02    136.926  42.485566    6.18623    35.3000    35.3016    27.3619    1487.70    1487.01 0.0000e+00
       3303     82.000     8.9494     8.9491   3.742016   3.742132     2.6402      64.80     0.0650 2.7229e-01 1.3219e+02    137.574  42.485574    6.17772    35.3002    35.3017    27.3619    1487.72    1487.02 0.0000e+00
       3318     83.000     8.9493     8.9493   3.742057   3.742187     2.6384      63.79     0.0661 2.5844e-01 1.3399e+02    138.212  42.485581    6.16751    35.3002    35.3016    27.3619    1487.74    1487.03 0.0000e+00
       3333     84.000     8.9499     8.9500   3.742144   3.742311     2.6358      62.67     0.0677 2.4453e-01 1.3412e+02    138.840  42.485588    6.16337    35.3001    35.3017    27.3617    1487.76    1487.04 0.0000e+00
       3348     85.000     8.9499     8.9498   3.742174   3.742328     2.6347      61.69     0.0647 2.3064e-01 1.2811e+02    139.465  42.485596    6.16803    35.2999    35.3016    27.3616    1487.77    1487.05 0.0000e+00
       3363     86.000     8.9486     8.9486   3.742120   3.742273     2.6344      60.72     0.0659 2.1727e-01 1.3412e+02    140.084  42.485603    6.16740    35.3002    35.3018    27.3620    1487.79    1487.06 0.0000e+00
       3381     87.000     8.9486     8.9487   3.742169   3.742312     2.6326      59.34     0.0669 2.0755e-01 1.3352e+02    140.846  42.485612    6.16128    35.3002    35.3016    27.3620    1487.80    1487.07 0.0000e+00
       3422     88.000     8.9489     8.9488   3.742220   3.742349     2.6319      57.55     0.0697 2.0194e-01 1.3206e+02    142.541  42.485631    6.17658    35.3000    35.3014    27.3618    1487.82    1487.07 0.0000e+00
       3444     89.000     8.9495     8.9494   3.742303   3.742447     2.6334      56.81     0.0694 1.9182e-01 1.3240e+02    143.451  42.485642    6.17836    35.2998    35.3014    27.3615    1487.84    1487.08 0.0000e+00
       3460     90.000     8.9496     8.9496   3.742356   3.742506     2.6337      55.97     0.0702 1.8056e-01 1.3305e+02    144.134  42.485650    6.17503    35.2997    35.3013    27.3615    1487.85    1487.09 0.0000e+00
       3475     91.000     8.9498     8.9498   3.742433   3.742573     2.6331      55.07     0.0695 1.7084e-01 1.2835e+02    144.765  42.485657    6.17148    35.2999    35.3013    27.3615    1487.87    1487.10 0.0000e+00
       3490     92.000     8.9501     8.9501   3.742505   3.742659     2.6327      54.17     0.0685 1.5764e-01 1.3367e+02    145.384  42.485664    6.17233    35.2998    35.3015    27.3615    1487.89    1487.11 0.0000e+00
       3505     93.000     8.9501     8.9501   3.742549   3.742700     2.6326      53.28     0.0703 1.4883e-01 1.3413e+02    146.012  42.485671    6.17324    35.2998    35.3014    27.3615    1487.91    1487.12 0.0000e+00
       3520     94.000     8.9498     8.9498   3.742559   3.742716     2.6323      52.50     0.0717 1.3729e-01 1.3412e+02    146.634  42.485679    6.17309    35.2997    35.3014    27.3615    1487.92    1487.13 0.0000e+00
       3538     95.000     8.9502     8.9501   3.742649   3.742785     2.6321      51.36     0.0701 1.3032e-01 1.3409e+02    147.365  42.485687    6.17530    35.2998    35.3013    27.3614    1487.94    1487.13 0.0000e+00
       3571     96.000     8.9499     8.9498   3.742656   3.742800     2.6317      50.04     0.0722 1.2591e-01 1.3042e+02    148.734  42.485703    6.17465    35.2997    35.3013    27.3614    1487.95    1487.14 0.0000e+00
       3616     97.000     8.9503     8.9504   3.742719   3.742908     2.6327      49.02     0.0685 1.1775e-01 1.3229e+02    150.643  42.485725    6.18076    35.2995    35.3014    27.3612    1487.97    1487.15 0.0000e+00
       3650     98.000     8.9508     8.9507   3.742826   3.742979     2.6327      48.38     0.0674 1.0945e-01 1.2564e+02    152.047  42.485741    6.17793    35.2996    35.3014    27.3612    1487.99    1487.16 0.0000e+00
       3672     99.000     8.9513     8.9513   3.742936   3.743085     2.6321      47.66     0.0706 1.0514e-01 1.3254e+02    152.975  42.485752    6.17617    35.2998    35.3014    27.3613    1488.01    1487.17 0.0000e+00
       3691    100.000     8.9516     8.9517   3.743018   3.743180     2.6321      46.70     0.0692 1.0134e-01 1.3412e+02    153.752  42.485761    6.17681    35.2999    35.3015    27.3613    1488.03    1487.18 0.0000e+00
       3708    101.000     8.9518     8.9521   3.743084   3.743265     2.6315      45.72     0.0678 9.5434e-02 1.3048e+02    154.456  42.485769    6.17547    35.2999    35.3015    27.3613    1488.04    1487.19 0.0000e+00
       3724    102.000     8.9520     8.9520   3.743167   3.743300     2.6313      44.74     0.0684 9.0607e-02 1.3296e+02    155.129  42.485777    6.17379    35.3001    35.3015    27.3614    1488.06    1487.19 0.0000e+00
       3740    103.000     8.9531     8.9529   3.743306   3.743448     2.6305      43.74     0.0707 8.7366e-02 1.3406e+02    155.785  42.485785    6.16677    35.3000    35.3017    27.3611    1488.08    1487.20 0.0000e+00
       3755    104.000     8.9530     8.9531   3.743345   3.743510     2.6289      42.70     0.0718 8.5162e-02 1.3339e+02    156.427  42.485792    6.16024    35.3000    35.3017    27.3612    1488.10    1487.21 0.0000e+00
       3770    105.000     8.9528     8.9525   3.743367   3.743483     2.6273      41.67     0.0710 8.1229e-02 1.3413e+02    157.054  42.485799    6.15853    35.3000    35.3015    27.3612    1488.11    1487.22 0.0000e+00
       3785    106.000     8.9513     8.9512   3.743252   3.743395     2.6264      40.64     0.0688 7.5826e-02 1.3412e+02    157.680  42.485806    6.15989    35.2998    35.3014    27.3612    1488.12    1487.23 0.0000e+00
       3800    107.000     8.9511     8.9512   3.743282   3.743431     2.6254      39.60     0.0666 6.9723e-02 1.2407e+02    158.288  42.485814    6.16082    35.2998    35.3013    27.3613    1488.14    1487.24 0.0000e+00
       3815    108.000     8.9510     8.9511   3.743330   3.743466     2.6253      38.58     0.0672 6.8390e-02 1.3225e+02    158.903  42.485821    6.16460    35.2999    35.3013    27.3614    1488.16    1487.24 0.0000e+00
       3830    109.000     8.9510     8.9511   3.743352   3.743519     2.6253      37.57     0.0703 6.4523e-02 1.3408e+02    159.525  42.485828    6.16629    35.2997    35.3014    27.3612    1488.17    1487.25 0.0000e+00
       3881    110.000     8.9509     8.9508   3.743377   3.743532     2.6260      35.91     0.0710 5.9816e-02 1.3095e+02    161.664  42.485853    6.17302    35.2996    35.3013    27.3611    1488.19    1487.26 0.0000e+00
       3920    111.000     8.9513     8.9513   3.743471   3.743621     2.6271      34.98     0.0709 5.8101e-02 1.3419e+02    163.281  42.485871    6.18004    35.2997    35.3013    27.3612    1488.21    1487.27 0.0000e+00
       3936    112.000     8.9515     8.9515   3.743542   3.743695     2.6284      34.25     0.0721 5.2271e-02 1.3412e+02    163.973  42.485879    6.18193    35.2998    35.3014    27.3612    1488.22    1487.28 0.0000e+00
       3951    113.000     8.9514     8.9515   3.743582   3.743744     2.6285      33.46     0.0734 5.2649e-02 1.3412e+02    164.596  42.485886    6.17393    35.2998    35.3014    27.3612    1488.24    1487.29 0.0000e+00
       3966    114.000     8.9518     8.9519   3.743663   3.743818     2.6270      32.59     0.0725 5.1606e-02 1.3091e+02    165.199  42.485894    6.16502    35.2998    35.3013    27.3612    1488.26    1487.30 0.0000e+00
       3980    115.000     8.9518     8.9518   3.743701   3.743861     2.6259      31.69     0.0722 5.1456e-02 1.3258e+02    165.795  42.485900    6.16321    35.2997    35.3014    27.3611    1488.27    1487.30 0.0000e+00
       3994    116.000     8.9518     8.9518   3.743750   3.743913     2.6249      30.78     0.0712 5.1470e-02 1.3408e+02    166.395  42.485907    6.16358    35.2997    35.3014    27.3611    1488.29    1487.31 0.0000e+00
       4009    117.000     8.9519     8.9519   3.743811   3.743967     2.6241      29.84     0.0712 5.1447e-02 1.3287e+02    166.997  42.485914    6.16543    35.2998    35.3014    27.3612    1488.31    1487.32 0.0000e+00
       4035    118.000     8.9518     8.9518   3.743833   3.743997     2.6242      28.51     0.0713 5.1455e-02 1.3209e+02    168.099  42.485927    6.17238    35.2997    35.3014    27.3611    1488.32    1487.33 0.0000e+00
       4089    119.000     8.9519     8.9516   3.743865   3.744016     2.6265      27.24     0.0684 5.1446e-02 1.3281e+02    170.324  42.485953    6.18165    35.2994    35.3013    27.3608    1488.34    1487.34 0.0000e+00
       4113    120.000     8.9526     8.9525   3.743992   3.744159     2.6264      26.54     0.0685 5.1432e-02 1.3417e+02    171.313  42.485964    6.17313    35.2996    35.3014    27.3609    1488.36    1487.35 0.0000e+00
       4130    121.000     8.9532     8.9530   3.744120   3.744247     2.6251      25.72     0.0693 5.1452e-02 1.3082e+02    172.048  42.485973    6.16586    35.2998    35.3014    27.3610    1488.38    1487.36 0.0000e+00
       4146    122.000     8.9542     8.9541   3.744273   3.744418     2.6237      24.85     0.0712 5.1466e-02 1.3292e+02    172.710  42.485980    6.16330    35.3000    35.3016    27.3609    1488.40    1487.36 0.0000e+00
       4161    123.000     8.9542     8.9539   3.744319   3.744437     2.6229      23.91     0.0700 5.1466e-02 1.3415e+02    173.350  42.485988    6.16572    35.3000    35.3015    27.3609    1488.42    1487.37 0.0000e+00
       4177    124.000     8.9544     8.9541   3.744383   3.744501     2.6228      22.92     0.0675 5.1491e-02 1.3412e+02    173.986  42.485995    6.16752    35.3000    35.3015    27.3609    1488.43    1487.38 0.0000e+00
       4192    125.000     8.9539     8.9541   3.744381   3.744533     2.6222      21.92     0.0668 5.1457e-02 1.2979e+02    174.615  42.486003    6.16499    35.3000    35.3014    27.3610    1488.45    1487.39 0.0000e+00
       4207    126.000     8.9540     8.9540   3.744426   3.744570     2.6216      20.90     0.0672 5.1476e-02 1.3328e+02    175.240  42.486010    6.16235    35.2999    35.3014    27.3609    1488.46    1487.40 0.0000e+00
       4222    127.000     8.9540     8.9541   3.744475   3.744635     2.6206      19.88     0.0672 5.1476e-02 1.3410e+02    175.861  42.486017    6.16201    35.2999    35.3015    27.3609    1488.48    1487.41 0.0000e+00
       4243    128.000     8.9540     8.9539   3.744509   3.744653     2.6208      18.59     0.0678 5.1463e-02 1.3308e+02    176.749  42.486027    6.16957    35.2998    35.3014    27.3608    1488.50    1487.42 0.0000e+00
       4284    129.000     8.9540     8.9539   3.744541   3.744696     2.6217      17.13     0.0697 5.1462e-02 1.3211e+02    178.441  42.486047    6.17221    35.2996    35.3014    27.3607    1488.51    1487.42 0.0000e+00
       4305    130.000     8.9543     8.9543   3.744636   3.744796     2.6217      16.38     0.0731 5.1483e-02 1.3218e+02    179.340  42.486057    6.17426    35.2999    35.3015    27.3608    1488.53    1487.43 0.0000e+00
       4322    131.000     8.9546     8.9545   3.744716   3.744863     2.6223      15.56     0.0724 5.1491e-02 1.3268e+02    180.041  42.486065    6.17823    35.2999    35.3016    27.3608    1488.55    1487.44 0.0000e+00
       4337    132.000     8.9547     8.9546   3.744763   3.744903     2.6227      14.69     0.0704 5.1446e-02 1.3417e+02    180.687  42.486073    6.17777    35.2998    35.3014    27.3607    1488.56    1487.45 0.0000e+00
       4353    133.000     8.9548     8.9548   3.744822   3.744982     2.6226      13.79     0.0707 5.1445e-02 1.3412e+02    181.314  42.486080    6.17209    35.2999    35.3016    27.3608    1488.58    1487.46 0.0000e+00
       4367    134.000     8.9550     8.9550   3.744889   3.745042     2.6214      12.85     0.0730 5.1438e-02 1.2785e+02    181.937  42.486087    6.16678    35.2999    35.3015    27.3607    1488.60    1487.47 0.0000e+00
       4382    135.000     8.9548     8.9548   3.744913   3.745060     2.6205      11.89     0.0724 5.1459e-02 1.2925e+02    182.556  42.486094    6.16932    35.2999    35.3014    27.3608    1488.61    1487.47 0.0000e+00
       4398    136.000     8.9551     8.9552   3.744996   3.745154     2.6207      10.89     0.0697 5.1451e-02 1.3383e+02    183.190  42.486102    6.17224    35.3000    35.3015    27.3608    1488.63    1487.48 0.0000e+00
       4429    137.000     8.9555     8.9557   3.745038   3.745202     2.6201       9.29     0.0699 5.1435e-02 1.3412e+02    184.496  42.486117    6.16585    35.2995    35.3011    27.3604    1488.65    1487.49 0.0000e+00
