IBTS/IBTS_CruiseNotebook/Data/CTD/sta0032.cnv
* Sea-Bird SBE 9 Data File:
* FileName = C:\Seabird\CTDData\sta0032.hex
* Software Version Seasave V 7.21f
* Temperature SN = 2491
* Conductivity SN = 2694
* Number of Bytes Per Scan = 40
* Number of Voltage Words = 5
* Number of Scans Averaged by the Deck Unit = 1
* NMEA Latitude = 60 38.39 N
* NMEA Longitude = 001 12.47 E
* NMEA UTC (Time) = Feb 14 2020 03:58:12
* NMEA baud rate = 4800
** Ship: 10 F/F "G. O. Sars"
** Station: 0032
** Echodepth: 142
** Log: 8288.6
** Wind-Dir Force: 04 15
** Air-temp (dry): 5.2
** Weather Sky:
** Sea Ice:
# nquan = 20                                
# nvalues = 132                         
# units = specified
# name 0 = scan: Scan Count
# name 1 = prDM: Pressure, Digiquartz [db]
# name 2 = t068C: Temperature [ITS-68, deg C]
# name 3 = t168C: Temperature, 2 [ITS-68, deg C]
# name 4 = c0S/m: Conductivity [S/m]
# name 5 = c1S/m: Conductivity, 2 [S/m]
# name 6 = sbeox0V: Oxygen raw, SBE 43 [V]
# name 7 = altM: Altimeter [m]
# name 8 = flC: Fluorescence, Chelsea Aqua 3 Chl Con [ug/l]
# name 9 = par: PAR/Irradiance, Biospherical/Licor
# name 10 = spar: SPAR/Surface Irradiance
# name 11 = timeS: Time, Elapsed [seconds]
# name 12 = timeJ: Julian Days
# name 13 = sbeox0ML/L: Oxygen, SBE 43 [ml/l], WS = 2
# name 14 = sal00: Salinity, Practical [PSU]
# name 15 = sal11: Salinity, Practical, 2 [PSU]
# name 16 = sigma-t00: Density [sigma-t, Kg/m^3 ]
# name 17 = svCM: Sound Velocity [Chen-Millero, m/s]
# name 18 = avgsvCM: Average Sound Velocity [Chen-Millero, m/s], minP = 1, minS = 5
# name 19 = flag: flag
# span 0 =        -15,       3397       
# span 1 =      4.000,    135.000       
# span 2 =     8.6236,     8.6449       
# span 3 =     8.6242,     8.6450       
# span 4 =   3.703267,   3.711062       
# span 5 =   3.703442,   3.711154       
# span 6 =     2.6089,     2.6445       
# span 7 =       7.86,      99.13       
# span 8 =     0.0765,     0.0948       
# span 9 = 5.1427e-02, 1.3094e+00       
# span 10 = 8.0907e-01, 1.9589e+00      
# span 11 =     -0.662,    141.480      
# span 12 =  45.165444,  45.167089      
# span 13 =    6.15745,    6.20960      
# span 14 =    35.2509,    35.2533      
# span 15 =    35.2519,    35.2546      
# span 16 =    27.3723,    27.3768      
# span 17 =    1485.18,    1487.41      
# span 18 =    1485.18,    1486.27      
# span 19 = 0.0000e+00, 0.0000e+00      
# interval = decibars: 1                
# start_time = Feb 14 2020 03:58:15 [System UTC, header]
# bad_flag = -9.990e-29
*END*
        -15      4.000     8.6247     8.6244   3.703296   3.703442     2.6378      74.01     0.0856 1.3094e+00 -9.990e-29     -0.662  45.165444    6.16914    35.2525    35.2544    27.3762    1485.18    1485.18 0.0000e+00
        258      5.000     8.6236     8.6242   3.703267   3.703464     2.6363      79.62     0.0870 8.1840e-01 -9.990e-29     10.724  45.165576    6.15745    35.2529    35.2543    27.3767    1485.19    1485.18 0.0000e+00
        341      6.000     8.6243     8.6245   3.703396   3.703538     2.6378      75.93     0.0828 6.2925e-01 -9.990e-29     14.187  45.165616    6.18377    35.2530    35.2543    27.3767    1485.21    1485.19 0.0000e+00
        360      7.000     8.6245     8.6245   3.703477   3.703597     2.6397      98.50     0.0827 4.3714e-01 -9.990e-29     14.945  45.165624    6.18176    35.2532    35.2545    27.3768    1485.23    1485.20 0.0000e+00
        381      8.000     8.6249     8.6254   3.703534   3.703722     2.6396      97.33     0.0809 3.8171e-01 -9.990e-29     15.826  45.165635    6.17248    35.2529    35.2544    27.3765    1485.25    1485.20 0.0000e+00
        404      9.000     8.6258     8.6262   3.703663   3.703848     2.6384      38.91     0.0793 2.8269e-01 -9.990e-29     16.775  45.165646    6.18298    35.2529    35.2545    27.3764    1485.27    1485.21 0.0000e+00
        426     10.000     8.6263     8.6265   3.703791   3.703932     2.6423      96.88     0.0804 2.6460e-01 -9.990e-29     17.724  45.165656    6.19380    35.2533    35.2546    27.3766    1485.29    1485.22 0.0000e+00
        449     11.000     8.6274     8.6272   3.703930   3.704036     2.6411      44.33     0.0829 1.7451e-01 -9.990e-29     18.673  45.165667    6.17447    35.2532    35.2545    27.3763    1485.31    1485.23 0.0000e+00
        469     12.000     8.6273     8.6277   3.703961   3.704128     2.6395      52.42     0.0839 1.3923e-01 -9.990e-29     19.517  45.165677    6.17526    35.2531    35.2545    27.3763    1485.32    1485.23 0.0000e+00
        487     13.000     8.6284     8.6291   3.704107   3.704278     2.6399      67.27     0.0835 1.2152e-01 -9.990e-29     20.241  45.165686    6.17895    35.2531    35.2542    27.3761    1485.34    1485.24 0.0000e+00
        503     14.000     8.6319     8.6329   3.704433   3.704657     2.6386      52.03     0.0846 1.2634e-01 -9.990e-29     20.912  45.165693    6.18238    35.2525    35.2539    27.3751    1485.37    1485.25 0.0000e+00
        518     15.000     8.6296     8.6317   3.704280   3.704599     2.6412      98.48     0.0862 9.9393e-02 -9.990e-29     21.557  45.165701    6.18889    35.2527    35.2540    27.3756    1485.38    1485.26 0.0000e+00
        534     16.000     8.6267     8.6273   3.704083   3.704257     2.6395      68.95     0.0849 8.8855e-02 -9.990e-29     22.191  45.165708    6.18099    35.2531    35.2543    27.3763    1485.39    1485.27 0.0000e+00
        549     17.000     8.6300     8.6314   3.704399   3.704613     2.6406      76.40     0.0856 6.5804e-02 -9.990e-29     22.823  45.165716    6.18544    35.2526    35.2535    27.3755    1485.42    1485.28 0.0000e+00
        574     18.000     8.6315     8.6315   3.704556   3.704659     2.6413      66.47     0.0850 6.1188e-02 -9.990e-29     23.892  45.165728    6.19859    35.2523    35.2534    27.3750    1485.44    1485.29 0.0000e+00
        621     19.000     8.6312     8.6300   3.704584   3.704592     2.6438      89.65     0.0853 5.2102e-02 1.9244e+00     25.827  45.165750    6.19482    35.2524    35.2537    27.3751    1485.45    1485.29 0.0000e+00
        648     20.000     8.6331     8.6333   3.704821   3.704931     2.6432      48.87     0.0804 5.1442e-02 1.9440e+00     26.953  45.165763    6.19983    35.2525    35.2535    27.3749    1485.48    1485.30 0.0000e+00
        668     21.000     8.6333     8.6332   3.704879   3.704963     2.6445      99.01     0.0836 5.1458e-02 1.9438e+00     27.773  45.165773    6.20149    35.2525    35.2535    27.3748    1485.49    1485.31 0.0000e+00
        685     22.000     8.6339     8.6336   3.704960   3.705049     2.6441      98.86     0.0826 5.1436e-02 1.9438e+00     28.484  45.165781    6.18474    35.2522    35.2535    27.3746    1485.51    1485.32 0.0000e+00
        700     23.000     8.6321     8.6326   3.704791   3.704976     2.6408      76.80     0.0818 5.1467e-02 1.9435e+00     29.136  45.165789    6.16817    35.2518    35.2532    27.3745    1485.52    1485.33 0.0000e+00
        715     24.000     8.6320     8.6323   3.704811   3.704978     2.6375      23.52     0.0786 5.1445e-02 9.7680e-01     29.768  45.165796    6.17218    35.2516    35.2531    27.3744    1485.54    1485.34 0.0000e+00
        731     25.000     8.6317     8.6319   3.704833   3.704963     2.6385      96.25     0.0801 5.1445e-02 1.9090e+00     30.414  45.165803    6.18528    35.2516    35.2528    27.3744    1485.55    1485.35 0.0000e+00
        753     26.000     8.6329     8.6329   3.705020   3.705128     2.6375      98.87     0.0807 5.1438e-02 1.4948e+00     31.335  45.165814    6.17825    35.2519    35.2531    27.3745    1485.57    1485.36 0.0000e+00
        784     27.000     8.6335     8.6336   3.705154   3.705253     2.6365      49.59     0.0801 5.1437e-02 8.3072e-01     32.627  45.165829    6.19051    35.2523    35.2532    27.3746    1485.59    1485.37 0.0000e+00
        810     28.000     8.6339     8.6344   3.705223   3.705378     2.6407      96.56     0.0822 5.1437e-02 1.9589e+00     33.724  45.165842    6.19663    35.2521    35.2533    27.3745    1485.61    1485.37 0.0000e+00
        831     29.000     8.6343     8.6345   3.705303   3.705435     2.6374      53.55     0.0795 5.1434e-02 -9.990e-29     34.581  45.165852    6.17456    35.2521    35.2533    27.3744    1485.63    1485.38 0.0000e+00
        848     30.000     8.6347     8.6348   3.705393   3.705515     2.6373      51.43     0.0765 5.1452e-02 -9.990e-29     35.296  45.165860    6.18691    35.2522    35.2533    27.3744    1485.65    1485.39 0.0000e+00
        864     31.000     8.6349     8.6350   3.705467   3.705596     2.6377      45.97     0.0796 5.1457e-02 -9.990e-29     35.941  45.165867    6.19655    35.2523    35.2535    27.3744    1485.66    1485.40 0.0000e+00
        879     32.000     8.6355     8.6357   3.705605   3.705731     2.6399      99.13     0.0851 5.1449e-02 -9.990e-29     36.566  45.165875    6.19608    35.2526    35.2538    27.3746    1485.68    1485.41 0.0000e+00
        893     33.000     8.6357     8.6357   3.705681   3.705790     2.6380      73.91     0.0822 5.1457e-02 -9.990e-29     37.179  45.165882    6.18032    35.2528    35.2539    27.3747    1485.70    1485.42 0.0000e+00
        908     34.000     8.6357     8.6359   3.705731   3.705849     2.6368      75.06     0.0820 5.1466e-02 -9.990e-29     37.787  45.165889    6.18412    35.2528    35.2538    27.3747    1485.72    1485.43 0.0000e+00
        926     35.000     8.6354     8.6359   3.705709   3.705862     2.6373      96.31     0.0840 5.1454e-02 -9.990e-29     38.536  45.165897    6.19292    35.2524    35.2535    27.3744    1485.73    1485.44 0.0000e+00
        989     36.000     8.6360     8.6360   3.705806   3.705916     2.6383      81.78     0.0854 5.1437e-02 1.9438e+00     41.152  45.165928    6.19396    35.2523    35.2535    27.3743    1485.75    1485.44 0.0000e+00
       1014     37.000     8.6365     8.6367   3.705922   3.706031     2.6374      99.08     0.0860 5.1440e-02 1.8389e+00     42.204  45.165940    6.18562    35.2526    35.2535    27.3744    1485.77    1485.45 0.0000e+00
       1032     38.000     8.6372     8.6373   3.706037   3.706164     2.6369      90.06     0.0864 5.1482e-02 1.0914e+00     42.948  45.165949    6.18808    35.2526    35.2538    27.3743    1485.79    1485.46 0.0000e+00
       1048     39.000     8.6373     8.6374   3.706083   3.706219     2.6361      61.44     0.0876 5.1454e-02 1.9514e+00     43.611  45.165956    6.19233    35.2525    35.2538    27.3742    1485.80    1485.47 0.0000e+00
       1063     40.000     8.6370     8.6372   3.706099   3.706225     2.6381      56.25     0.0906 5.1457e-02 8.7173e-01     44.244  45.165964    6.19674    35.2525    35.2536    27.3743    1485.82    1485.48 0.0000e+00
       1078     41.000     8.6368     8.6369   3.706117   3.706241     2.6362      31.79     0.0884 5.1447e-02 1.0810e+00     44.868  45.165971    6.18534    35.2524    35.2536    27.3742    1485.84    1485.49 0.0000e+00
       1093     42.000     8.6372     8.6375   3.706213   3.706347     2.6363      96.97     0.0894 5.1447e-02 1.9198e+00     45.483  45.165978    6.18810    35.2525    35.2536    27.3743    1485.85    1485.50 0.0000e+00
       1109     43.000     8.6367     8.6370   3.706205   3.706343     2.6353      98.81     0.0904 5.1460e-02 -9.990e-29     46.166  45.165986    6.18702    35.2525    35.2536    27.3743    1485.87    1485.51 0.0000e+00
       1135     44.000     8.6356     8.6361   3.706132   3.706288     2.6352      98.15     0.0907 5.1473e-02 -9.990e-29     47.244  45.165998    6.18797    35.2523    35.2534    27.3743    1485.88    1485.51 0.0000e+00
       1162     45.000     8.6352     8.6355   3.706141   3.706266     2.6334      66.63     0.0859 5.1462e-02 -9.990e-29     48.360  45.166011    6.18823    35.2523    35.2533    27.3744    1485.89    1485.52 0.0000e+00
       1182     46.000     8.6361     8.6361   3.706274   3.706352     2.6362      96.14     0.0856 5.1456e-02 -9.990e-29     49.228  45.166021    6.20960    35.2523    35.2532    27.3743    1485.91    1485.53 0.0000e+00
       1200     47.000     8.6366     8.6365   3.706370   3.706447     2.6375      95.07     0.0854 5.1463e-02 -9.990e-29     49.943  45.166030    6.20559    35.2524    35.2533    27.3742    1485.93    1485.54 0.0000e+00
       1215     48.000     8.6369     8.6371   3.706447   3.706557     2.6377      94.41     0.0842 5.1427e-02 -9.990e-29     50.598  45.166037    6.20064    35.2524    35.2534    27.3742    1485.95    1485.55 0.0000e+00
       1230     49.000     8.6367     8.6368   3.706463   3.706567     2.6372      93.64     0.0813 5.1487e-02 -9.990e-29     51.221  45.166044    6.19590    35.2523    35.2533    27.3741    1485.97    1485.56 0.0000e+00
       1247     50.000     8.6359     8.6360   3.706394   3.706508     2.6364      93.10     0.0844 5.1449e-02 -9.990e-29     51.905  45.166052    6.19440    35.2519    35.2530    27.3739    1485.98    1485.56 0.0000e+00
       1280     51.000     8.6357     8.6363   3.706420   3.706576     2.6362      91.51     0.0877 5.1451e-02 -9.990e-29     53.287  45.166068    6.20176    35.2518    35.2529    27.3740    1485.99    1485.57 0.0000e+00
       1324     52.000     8.6366     8.6368   3.706574   3.706674     2.6374      90.42     0.0920 5.1462e-02 -9.990e-29     55.104  45.166089    6.20255    35.2521    35.2530    27.3740    1486.01    1485.58 0.0000e+00
       1346     53.000     8.6375     8.6377   3.706711   3.706833     2.6360      89.59     0.0939 5.1454e-02 -9.990e-29     56.054  45.166100    6.19185    35.2522    35.2533    27.3739    1486.03    1485.59 0.0000e+00
       1364     54.000     8.6374     8.6378   3.706756   3.706879     2.6350      88.72     0.0913 5.1469e-02 -9.990e-29     56.802  45.166109    6.19146    35.2523    35.2532    27.3740    1486.05    1485.60 0.0000e+00
       1381     55.000     8.6374     8.6372   3.706807   3.706867     2.6340      87.93     0.0919 5.1461e-02 -9.990e-29     57.493  45.166117    6.19201    35.2523    35.2531    27.3741    1486.07    1485.61 0.0000e+00
       1398     56.000     8.6360     8.6362   3.706675   3.706801     2.6338      86.96     0.0923 5.1486e-02 -9.990e-29     58.193  45.166125    6.19554    35.2518    35.2530    27.3739    1486.08    1485.62 0.0000e+00
       1415     57.000     8.6359     8.6364   3.706705   3.706865     2.6338      85.87     0.0911 5.1451e-02 -9.990e-29     58.932  45.166133    6.19731    35.2518    35.2530    27.3739    1486.09    1485.62 0.0000e+00
       1432     58.000     8.6377     8.6374   3.706953   3.707013     2.6339      84.86     0.0915 5.1478e-02 -9.990e-29     59.634  45.166142    6.19457    35.2521    35.2530    27.3739    1486.12    1485.63 0.0000e+00
       1448     59.000     8.6381     8.6382   3.707044   3.707145     2.6329      83.84     0.0932 5.1457e-02 -9.990e-29     60.275  45.166149    6.18913    35.2522    35.2532    27.3739    1486.14    1485.64 0.0000e+00
       1462     60.000     8.6382     8.6382   3.707099   3.707201     2.6322      82.76     0.0901 5.1470e-02 -9.990e-29     60.886  45.166156    6.18828    35.2522    35.2533    27.3738    1486.15    1485.65 0.0000e+00
       1477     61.000     8.6381     8.6382   3.707144   3.707242     2.6313      81.88     0.0915 5.1472e-02 -9.990e-29     61.509  45.166163    6.18829    35.2523    35.2532    27.3739    1486.17    1485.66 0.0000e+00
       1499     62.000     8.6379     8.6378   3.707168   3.707252     2.6307      80.54     0.0891 5.1457e-02 -9.990e-29     62.426  45.166174    6.18903    35.2522    35.2532    27.3739    1486.18    1485.67 0.0000e+00
       1538     63.000     8.6377     8.6377   3.707180   3.707263     2.6311      79.01     0.0877 5.1427e-02 -9.990e-29     64.062  45.166193    6.19835    35.2521    35.2530    27.3738    1486.20    1485.68 0.0000e+00
       1568     64.000     8.6380     8.6382   3.707282   3.707390     2.6316      78.17     0.0910 5.1483e-02 -9.990e-29     65.302  45.166207    6.19451    35.2524    35.2533    27.3740    1486.22    1485.68 0.0000e+00
       1588     65.000     8.6381     8.6382   3.707308   3.707415     2.6313      77.48     0.0871 5.1441e-02 -9.990e-29     66.127  45.166217    6.19465    35.2521    35.2531    27.3738    1486.23    1485.69 0.0000e+00
       1606     66.000     8.6378     8.6377   3.707316   3.707388     2.6311      76.64     0.0838 5.1444e-02 -9.990e-29     66.860  45.166225    6.19111    35.2520    35.2528    27.3737    1486.25    1485.70 0.0000e+00
       1624     67.000     8.6371     8.6373   3.707276   3.707391     2.6297      75.77     0.0881 5.1466e-02 -9.990e-29     67.642  45.166234    6.18455    35.2518    35.2528    27.3737    1486.26    1485.71 0.0000e+00
       1648     68.000     8.6358     8.6359   3.707177   3.707273     2.6281      74.70     0.0878 5.1445e-02 -9.990e-29     68.643  45.166246    6.18434    35.2515    35.2524    27.3737    1486.27    1485.72 0.0000e+00
       1677     69.000     8.6348     8.6350   3.707108   3.707218     2.6281      73.58     0.0875 5.1454e-02 -9.990e-29     69.840  45.166260    6.19466    35.2513    35.2523    27.3737    1486.29    1485.73 0.0000e+00
       1700     70.000     8.6348     8.6350   3.707153   3.707259     2.6291      72.62     0.0880 5.1464e-02 -9.990e-29     70.805  45.166271    6.19787    35.2513    35.2522    27.3737    1486.30    1485.73 0.0000e+00
       1718     71.000     8.6349     8.6349   3.707198   3.707294     2.6295      71.87     0.0848 5.1473e-02 -9.990e-29     71.542  45.166279    6.19271    35.2512    35.2522    27.3736    1486.32    1485.74 0.0000e+00
       1734     72.000     8.6348     8.6348   3.707217   3.707319     2.6284      70.98     0.0859 5.1454e-02 -9.990e-29     72.192  45.166287    6.18357    35.2510    35.2521    27.3735    1486.34    1485.75 0.0000e+00
       1749     73.000     8.6347     8.6346   3.707257   3.707341     2.6268      70.00     0.0857 5.1457e-02 -9.990e-29     72.818  45.166294    6.17867    35.2511    35.2520    27.3735    1486.35    1485.76 0.0000e+00
       1764     74.000     8.6347     8.6347   3.707301   3.707400     2.6256      69.22     0.0856 5.1470e-02 -9.990e-29     73.438  45.166301    6.17886    35.2510    35.2521    27.3735    1486.37    1485.77 0.0000e+00
       1778     75.000     8.6347     8.6348   3.707358   3.707449     2.6248      67.86     0.0875 5.1472e-02 -9.990e-29     74.062  45.166308    6.18013    35.2512    35.2520    27.3736    1486.38    1485.77 0.0000e+00
