IBTS/IBTS_CruiseNotebook/Data/CTD/sta0024.cnv
* Sea-Bird SBE 9 Data File:
* FileName = C:\Seabird\CTDData\sta0024.hex
* Software Version Seasave V 7.21f
* Temperature SN = 2491
* Conductivity SN = 2694
* Number of Bytes Per Scan = 40
* Number of Voltage Words = 5
* Number of Scans Averaged by the Deck Unit = 1
* NMEA Latitude = 61 43.43 N
* NMEA Longitude = 001 16.13 E
* NMEA UTC (Time) = Feb 13 2020 06:56:10
* NMEA baud rate = 4800
** Ship: 10 F/F "G. O. Sars"
** Station: 0024
** Echodepth: 182
** Log: 8140.59
** Wind-Dir Force: 08 03
** Air-temp (dry): 2.7
** Weather Sky:
** Sea Ice:
# nquan = 20                                
# nvalues = 169                         
# units = specified
# name 0 = scan: Scan Count
# name 1 = prDM: Pressure, Digiquartz [db]
# name 2 = t068C: Temperature [ITS-68, deg C]
# name 3 = t168C: Temperature, 2 [ITS-68, deg C]
# name 4 = c0S/m: Conductivity [S/m]
# name 5 = c1S/m: Conductivity, 2 [S/m]
# name 6 = sbeox0V: Oxygen raw, SBE 43 [V]
# name 7 = altM: Altimeter [m]
# name 8 = flC: Fluorescence, Chelsea Aqua 3 Chl Con [ug/l]
# name 9 = par: PAR/Irradiance, Biospherical/Licor
# name 10 = spar: SPAR/Surface Irradiance
# name 11 = timeS: Time, Elapsed [seconds]
# name 12 = timeJ: Julian Days
# name 13 = sbeox0ML/L: Oxygen, SBE 43 [ml/l], WS = 2
# name 14 = sal00: Salinity, Practical [PSU]
# name 15 = sal11: Salinity, Practical, 2 [PSU]
# name 16 = sigma-t00: Density [sigma-t, Kg/m^3 ]
# name 17 = svCM: Sound Velocity [Chen-Millero, m/s]
# name 18 = avgsvCM: Average Sound Velocity [Chen-Millero, m/s], minP = 1, minS = 5
# name 19 = flag: flag
# span 0 =        208,       4551       
# span 1 =      5.000,    173.000       
# span 2 =     8.8485,     8.8711       
# span 3 =     8.8488,     8.8710       
# span 4 =   3.726562,   3.735824       
# span 5 =   3.726780,   3.735962       
# span 6 =     2.5904,     2.6431       
# span 7 =      10.54,      99.67       
# span 8 =     0.0425,     0.0591       
# span 9 = 5.1425e-02, 8.0694e-01       
# span 10 = 2.5237e-02, 1.9651e+00      
# span 11 =      8.629,    189.592      
# span 12 =  44.289128,  44.291222      
# span 13 =    6.10781,    6.16921      
# span 14 =    35.2749,    35.2757      
# span 15 =    35.2766,    35.2771      
# span 16 =    27.3550,    27.3583      
# span 17 =    1486.05,    1488.88      
# span 18 =    1486.05,    1487.46      
# span 19 = 0.0000e+00, 0.0000e+00      
# interval = decibars: 1                
# start_time = Feb 13 2020 06:56:12 [System UTC, header]
# bad_flag = -9.990e-29
*END*
[from data line 145]
       3678    150.000     8.8652     8.8652   3.734830   3.734953     2.5985      33.66     0.0488 5.1474e-02 1.5112e+00    153.222  44.290801    6.13427    35.2757    35.2770    27.3562    1488.50    1487.27 0.0000e+00
       3695    151.000     8.8657     8.8658   3.734925   3.735055     2.5984      32.78     0.0519 5.1476e-02 1.9460e+00    153.920  44.290809    6.13019    35.2757    35.2770    27.3561    1488.52    1487.28 0.0000e+00
       3710    152.000     8.8662     8.8664   3.735004   3.735150     2.5977      31.88     0.0532 5.1456e-02 -9.990e-29    154.562  44.290817    6.12177    35.2756    35.2769    27.3559    1488.54    1487.28 0.0000e+00
       3726    153.000     8.8663     8.8665   3.735059   3.735206     2.5956      30.95     0.0551 5.1472e-02 -9.990e-29    155.190  44.290824    6.11357    35.2756    35.2769    27.3559    1488.55    1487.29 0.0000e+00
       3741    154.000     8.8667     8.8669   3.735145   3.735296     2.5939      29.99     0.0571 5.1470e-02 -9.990e-29    155.814  44.290831    6.11414    35.2756    35.2770    27.3559    1488.57    1487.30 0.0000e+00
       3756    155.000     8.8661     8.8665   3.735132   3.735302     2.5936      29.00     0.0553 5.1436e-02 -9.990e-29    156.443  44.290839    6.11744    35.2756    35.2770    27.3560    1488.59    1487.31 0.0000e+00
       3777    156.000     8.8665     8.8665   3.735206   3.735340     2.5922      27.73     0.0532 5.1464e-02 -9.990e-29    157.340  44.290849    6.11547    35.2755    35.2769    27.3558    1488.60    1487.32 0.0000e+00
       3804    157.000     8.8658     8.8655   3.735182   3.735304     2.5923      26.57     0.0504 5.1464e-02 1.4578e+00    158.474  44.290862    6.12607    35.2754    35.2770    27.3559    1488.62    1487.33 0.0000e+00
       3827    158.000     8.8651     8.8650   3.735166   3.735305     2.5935      25.67     0.0499 5.1491e-02 1.2626e+00    159.400  44.290873    6.12923    35.2755    35.2771    27.3560    1488.63    1487.33 0.0000e+00
       3846    159.000     8.8643     8.8643   3.735148   3.735284     2.5935      24.79     0.0517 5.1494e-02 1.9242e+00    160.193  44.290882    6.12554    35.2756    35.2771    27.3563    1488.65    1487.34 0.0000e+00
       3865    160.000     8.8644     8.8643   3.735199   3.735322     2.5930      23.84     0.0532 5.1435e-02 9.1718e-01    160.993  44.290891    6.12203    35.2756    35.2770    27.3562    1488.66    1487.35 0.0000e+00
       3889    161.000     8.8652     8.8652   3.735298   3.735444     2.5924      22.73     0.0545 5.1474e-02 1.2358e+00    162.010  44.290903    6.12371    35.2753    35.2769    27.3559    1488.68    1487.36 0.0000e+00
       3924    162.000     8.8651     8.8653   3.735310   3.735498     2.5927      21.54     0.0539 5.1478e-02 8.9370e-01    163.456  44.290920    6.12951    35.2751    35.2769    27.3557    1488.70    1487.37 0.0000e+00
       3956    163.000     8.8655     8.8658   3.735395   3.735598     2.5939      20.60     0.0557 5.1483e-02 1.7586e+00    164.799  44.290935    6.13591    35.2751    35.2770    27.3557    1488.72    1487.38 0.0000e+00
       3979    164.000     8.8659     8.8664   3.735507   3.735706     2.5948      19.78     0.0552 5.1455e-02 1.9521e+00    165.745  44.290946    6.13595    35.2754    35.2770    27.3559    1488.73    1487.38 0.0000e+00
       3996    165.000     8.8660     8.8662   3.735571   3.735723     2.5947      18.95     0.0551 5.1461e-02 1.9438e+00    166.460  44.290954    6.13109    35.2755    35.2769    27.3559    1488.75    1487.39 0.0000e+00
       4012    166.000     8.8650     8.8650   3.735531   3.735674     2.5938      18.06     0.0553 5.1466e-02 -9.990e-29    167.118  44.290962    6.13070    35.2756    35.2771    27.3562    1488.76    1487.40 0.0000e+00
       4027    167.000     8.8654     8.8652   3.735607   3.735734     2.5941      17.14     0.0544 5.1490e-02 -9.990e-29    167.761  44.290969    6.13414    35.2755    35.2771    27.3560    1488.78    1487.41 0.0000e+00
       4043    168.000     8.8651     8.8648   3.735635   3.735741     2.5938      16.16     0.0585 5.1486e-02 -9.990e-29    168.406  44.290977    6.13116    35.2756    35.2771    27.3562    1488.80    1487.42 0.0000e+00
       4060    169.000     8.8648     8.8648   3.735649   3.735785     2.5933      15.11     0.0590 5.1479e-02 -9.990e-29    169.118  44.290985    6.12815    35.2756    35.2770    27.3562    1488.81    1487.43 0.0000e+00
       4079    170.000     8.8649     8.8649   3.735699   3.735843     2.5923      14.02     0.0577 5.1456e-02 -9.990e-29    169.920  44.290994    6.12711    35.2756    35.2771    27.3561    1488.83    1487.43 0.0000e+00
       4098    171.000     8.8649     8.8649   3.735759   3.735890     2.5919      13.00     0.0562 5.1452e-02 1.9438e+00    170.689  44.291003    6.12402    35.2757    35.2771    27.3563    1488.85    1487.44 0.0000e+00
       4115    172.000     8.8649     8.8650   3.735797   3.735942     2.5904      12.06     0.0557 5.1463e-02 1.9438e+00    171.398  44.291012    6.12004    35.2756    35.2771    27.3562    1488.86    1487.45 0.0000e+00
       4551    173.000     8.8649     8.8649   3.735824   3.735962     2.5918      10.54     0.0572 5.1450e-02 1.9414e+00    189.592  44.291222    6.13263    35.2754    35.2769    27.3560    1488.88    1487.46 0.0000e+00
