IBTS/IBTS_CruiseNotebook/Data/CTD/sta0028.cnv
* Sea-Bird SBE 9 Data File:
* FileName = C:\Seabird\CTDData\sta0028.hex
* Software Version Seasave V 7.21f
* Temperature SN = 2491
* Conductivity SN = 2694
* Number of Bytes Per Scan = 40
* Number of Voltage Words = 5
* Number of Scans Averaged by the Deck Unit = 1
* NMEA Latitude = 61 05.95 N
* NMEA Longitude = 000 20.31 E
* NMEA UTC (Time) = Feb 13 2020 19:48:45
* NMEA baud rate = 4800
** Ship: 10 F/F "G. O. Sars"
** Station: 0028
** Echodepth: 158
** Log: 8234.5
** Wind-Dir Force: 05 12
** Air-temp (dry): 3.1
** Weather Sky:
** Sea Ice:
# nquan = 20                                
# nvalues = 147                         
# units = specified
# name 0 = scan: Scan Count
# name 1 = prDM: Pressure, Digiquartz [db]
# name 2 = t068C: Temperature [ITS-68, deg C]
# name 3 = t168C: Temperature, 2 [ITS-68, deg C]
# name 4 = c0S/m: Conductivity [S/m]
# name 5 = c1S/m: Conductivity, 2 [S/m]
# name 6 = sbeox0V: Oxygen raw, SBE 43 [V]
# name 7 = altM: Altimeter [m]
# name 8 = flC: Fluorescence, Chelsea Aqua 3 Chl Con [ug/l]
# name 9 = par: PAR/Irradiance, Biospherical/Licor
# name 10 = spar: SPAR/Surface Irradiance
# name 11 = timeS: Time, Elapsed [seconds]
# name 12 = timeJ: Julian Days
# name 13 = sbeox0ML/L: Oxygen, SBE 43 [ml/l], WS = 2
# name 14 = sal00: Salinity, Practical [PSU]
# name 15 = sal11: Salinity, Practical, 2 [PSU]
# name 16 = sigma-t00: Density [sigma-t, Kg/m^3 ]
# name 17 = svCM: Sound Velocity [Chen-Millero, m/s]
# name 18 = avgsvCM: Average Sound Velocity [Chen-Millero, m/s], minP = 1, minS = 5
# name 19 = flag: flag
# span 0 =         45,       4192       
# span 1 =      3.000,    149.000       
# span 2 =     8.9641,     8.9916       
# span 3 =     8.9647,     8.9917       
# span 4 =   3.737979,   3.747298       
# span 5 =   3.738280,   3.747445       
# span 6 =     2.5948,     2.6344       
# span 7 =      -5.17,     101.07       
# span 8 =     0.0781,     0.0983       
# span 9 = 5.1417e-02, 1.1538e+00       
# span 10 = 1.1051e+00, 1.9456e+00      
# span 11 =      1.838,    174.614      
# span 12 =  44.825565,  44.827565      
# span 13 =    6.08502,    6.13099      
# span 14 =    35.2807,    35.2839      
# span 15 =    35.2830,    35.2851      
# span 16 =    27.3408,    27.3453      
# span 17 =    1486.46,    1488.96      
# span 18 =    1486.46,    1487.71      
# span 19 = 0.0000e+00, 0.0000e+00      
# interval = decibars: 1                
# start_time = Feb 13 2020 19:48:47 [System UTC, header]
# bad_flag = -9.990e-29
*END*
         45      3.000     8.9668     8.9694   3.738212   3.738672     2.6273      -5.17     0.0877 1.1538e+00 -9.990e-29      1.838  44.825565    6.08502    35.2809    35.2832    27.3440    1486.46    1486.46 0.0000e+00
        150      4.000     8.9641     8.9647   3.737979   3.738280     2.6287      15.60     0.0873 1.0071e+00 -9.990e-29      6.220  44.825616    6.09784    35.2807    35.2832    27.3442    1486.47    1486.47 0.0000e+00
        734      5.000     8.9652     8.9652   3.738223   3.738399     2.6328     101.07     0.0840 6.9254e-01 -9.990e-29     30.531  44.825897    6.10875    35.2817    35.2835    27.3448    1486.49    1486.47 0.0000e+00
        740      6.000     8.9667     8.9663   3.738459   3.738565     2.6313      31.61     0.0841 6.5797e-01 -9.990e-29     30.786  44.825900    6.10296    35.2822    35.2837    27.3450    1486.51    1486.48 0.0000e+00
        757      7.000     8.9680     8.9676   3.738642   3.738740     2.6330      68.03     0.0838 4.4456e-01 -9.990e-29     31.492  44.825909    6.11635    35.2823    35.2838    27.3449    1486.54    1486.49 0.0000e+00
        772      8.000     8.9696     8.9701   3.738838   3.739028     2.6344      99.36     0.0850 3.4046e-01 -9.990e-29     32.114  44.825916    6.10891    35.2823    35.2838    27.3446    1486.56    1486.50 0.0000e+00
        790      9.000     8.9687     8.9691   3.738820   3.739022     2.6320      43.87     0.0870 3.0293e-01 -9.990e-29     32.872  44.825924    6.09687    35.2825    35.2843    27.3449    1486.57    1486.50 0.0000e+00
        822     10.000     8.9677     8.9684   3.738792   3.739016     2.6314      54.19     0.0844 2.2501e-01 -9.990e-29     34.221  44.825940    6.10949    35.2828    35.2844    27.3453    1486.58    1486.51 0.0000e+00
        851     11.000     8.9700     8.9711   3.739083   3.739338     2.6325      68.78     0.0850 1.9819e-01 -9.990e-29     35.437  44.825954    6.10734    35.2830    35.2846    27.3451    1486.61    1486.52 0.0000e+00
        872     12.000     8.9718     8.9723   3.739288   3.739498     2.6326      65.41     0.0824 1.3874e-01 -9.990e-29     36.276  44.825964    6.10974    35.2829    35.2846    27.3447    1486.63    1486.53 0.0000e+00
        889     13.000     8.9728     8.9741   3.739436   3.739711     2.6318      13.80     0.0787 1.5879e-01 -9.990e-29     37.009  44.825972    6.10932    35.2830    35.2846    27.3446    1486.65    1486.54 0.0000e+00
        906     14.000     8.9766     8.9770   3.739858   3.740034     2.6332      91.27     0.0781 1.3968e-01 -9.990e-29     37.694  44.825980    6.10810    35.2832    35.2846    27.3442    1486.68    1486.55 0.0000e+00
        921     15.000     8.9759     8.9763   3.739836   3.740005     2.6316      78.73     0.0812 1.0519e-01 -9.990e-29     38.330  44.825988    6.09668    35.2832    35.2845    27.3443    1486.70    1486.56 0.0000e+00
        937     16.000     8.9764     8.9762   3.739905   3.740036     2.6297      42.49     0.0847 8.8705e-02 -9.990e-29     39.017  44.825996    6.09774    35.2829    35.2845    27.3440    1486.72    1486.57 0.0000e+00
        961     17.000     8.9763     8.9767   3.739923   3.740102     2.6298      39.16     0.0853 7.3616e-02 -9.990e-29     40.008  44.826007    6.11092    35.2827    35.2842    27.3438    1486.73    1486.58 0.0000e+00
        987     18.000     8.9764     8.9763   3.739982   3.740115     2.6326      95.62     0.0844 6.5073e-02 -9.990e-29     41.076  44.826019    6.11585    35.2828    35.2843    27.3439    1486.75    1486.59 0.0000e+00
       1009     19.000     8.9770     8.9769   3.740042   3.740159     2.6308      39.81     0.0838 5.9609e-02 -9.990e-29     42.000  44.826030    6.10756    35.2823    35.2836    27.3434    1486.77    1486.60 0.0000e+00
       1029     20.000     8.9774     8.9773   3.740112   3.740239     2.6318      97.52     0.0837 5.1996e-02 -9.990e-29     42.814  44.826040    6.11415    35.2822    35.2836    27.3432    1486.78    1486.61 0.0000e+00
       1048     21.000     8.9766     8.9770   3.740043   3.740242     2.6315      98.86     0.0846 5.1464e-02 -9.990e-29     43.640  44.826049    6.10587    35.2818    35.2835    27.3430    1486.80    1486.62 0.0000e+00
       1071     22.000     8.9770     8.9772   3.740143   3.740307     2.6290      50.56     0.0847 5.1459e-02 -9.990e-29     44.584  44.826060    6.09965    35.2819    35.2835    27.3431    1486.82    1486.63 0.0000e+00
       1097     23.000     8.9768     8.9765   3.740165   3.740269     2.6304      91.22     0.0865 5.1466e-02 -9.990e-29     45.685  44.826073    6.11947    35.2819    35.2833    27.3431    1486.83    1486.63 0.0000e+00
       1121     24.000     8.9778     8.9779   3.740321   3.740458     2.6313      99.02     0.0878 5.1459e-02 -9.990e-29     46.685  44.826084    6.11001    35.2820    35.2834    27.3431    1486.85    1486.64 0.0000e+00
       1141     25.000     8.9784     8.9785   3.740439   3.740582     2.6293      58.30     0.0840 5.1467e-02 -9.990e-29     47.505  44.826094    6.09852    35.2822    35.2836    27.3431    1486.87    1486.65 0.0000e+00
       1158     26.000     8.9782     8.9783   3.740454   3.740582     2.6281      31.50     0.0820 5.1469e-02 -9.990e-29     48.221  44.826102    6.11234    35.2821    35.2833    27.3430    1486.89    1486.66 0.0000e+00
       1175     27.000     8.9790     8.9791   3.740607   3.740733     2.6311      98.92     0.0834 5.1454e-02 -9.990e-29     48.896  44.826110    6.12187    35.2824    35.2836    27.3432    1486.91    1486.67 0.0000e+00
       1190     28.000     8.9800     8.9803   3.740750   3.740914     2.6302      56.37     0.0810 5.1454e-02 -9.990e-29     49.556  44.826117    6.11156    35.2824    35.2839    27.3430    1486.93    1486.68 0.0000e+00
       1208     29.000     8.9804     8.9803   3.740835   3.740974     2.6302      69.50     0.0843 5.1475e-02 -9.990e-29     50.295  44.826126    6.11488    35.2825    35.2840    27.3430    1486.94    1486.69 0.0000e+00
       1232     30.000     8.9805     8.9807   3.740925   3.741066     2.6297      98.54     0.0856 5.1445e-02 -9.990e-29     51.281  44.826138    6.10810    35.2828    35.2841    27.3432    1486.96    1486.70 0.0000e+00
       1259     31.000     8.9810     8.9810   3.741019   3.741155     2.6278      66.74     0.0837 5.1466e-02 -9.990e-29     52.424  44.826151    6.10230    35.2828    35.2843    27.3432    1486.98    1486.71 0.0000e+00
       1285     32.000     8.9809     8.9811   3.741041   3.741196     2.6282      67.57     0.0819 5.1440e-02 -9.990e-29     53.517  44.826163    6.11845    35.2827    35.2841    27.3431    1486.99    1486.72 0.0000e+00
       1311     33.000     8.9800     8.9803   3.740972   3.741145     2.6284      53.21     0.0814 5.1458e-02 -9.990e-29     54.563  44.826176    6.11053    35.2824    35.2839    27.3430    1487.01    1486.72 0.0000e+00
       1335     34.000     8.9793     8.9794   3.740950   3.741085     2.6294      89.64     0.0832 5.1460e-02 -9.990e-29     55.604  44.826187    6.12107    35.2824    35.2837    27.3431    1487.02    1486.73 0.0000e+00
       1358     35.000     8.9797     8.9798   3.741038   3.741166     2.6289      57.04     0.0838 5.1469e-02 -9.990e-29     56.531  44.826198    6.11557    35.2824    35.2836    27.3430    1487.04    1486.74 0.0000e+00
       1376     36.000     8.9799     8.9803   3.741103   3.741264     2.6302      68.52     0.0859 5.1450e-02 -9.990e-29     57.311  44.826207    6.12933    35.2824    35.2837    27.3430    1487.06    1486.75 0.0000e+00
       1394     37.000     8.9802     8.9803   3.741181   3.741312     2.6315      99.20     0.0866 5.1491e-02 -9.990e-29     58.029  44.826216    6.12797    35.2824    35.2837    27.3430    1487.07    1486.76 0.0000e+00
       1409     38.000     8.9806     8.9808   3.741254   3.741415     2.6313      98.86     0.0875 5.1525e-02 -9.990e-29     58.679  44.826223    6.11704    35.2823    35.2838    27.3428    1487.09    1486.77 0.0000e+00
       1424     39.000     8.9804     8.9801   3.741280   3.741373     2.6301      88.95     0.0872 5.1475e-02 -9.990e-29     59.300  44.826230    6.10648    35.2823    35.2836    27.3429    1487.11    1486.78 0.0000e+00
       1439     40.000     8.9807     8.9808   3.741371   3.741506     2.6263      25.89     0.0870 5.1457e-02 -9.990e-29     59.917  44.826237    6.10550    35.2825    35.2838    27.3430    1487.13    1486.79 0.0000e+00
       1455     41.000     8.9805     8.9806   3.741382   3.741522     2.6285      96.06     0.0896 5.1443e-02 -9.990e-29     60.581  44.826245    6.12378    35.2823    35.2837    27.3429    1487.14    1486.79 0.0000e+00
       1478     42.000     8.9801     8.9805   3.741395   3.741561     2.6283      98.85     0.0907 5.1443e-02 -9.990e-29     61.546  44.826256    6.11435    35.2824    35.2837    27.3430    1487.16    1486.80 0.0000e+00
       1515     43.000     8.9836     8.9839   3.741863   3.742028     2.6272      69.88     0.0927 5.1442e-02 -9.990e-29     63.077  44.826274    6.12135    35.2833    35.2848    27.3432    1487.19    1486.81 0.0000e+00
       1552     44.000     8.9835     8.9837   3.741904   3.742049     2.6296      99.75     0.0920 5.1446e-02 -9.990e-29     64.630  44.826292    6.12499    35.2834    35.2847    27.3432    1487.20    1486.82 0.0000e+00
       1578     45.000     8.9833     8.9835   3.741938   3.742067     2.6282      48.68     0.0908 5.1458e-02 -9.990e-29     65.728  44.826305    6.11870    35.2835    35.2846    27.3433    1487.22    1486.83 0.0000e+00
       1599     46.000     8.9837     8.9836   3.742018   3.742112     2.6297      93.12     0.0911 5.1440e-02 -9.990e-29     66.563  44.826314    6.12891    35.2834    35.2845    27.3432    1487.24    1486.84 0.0000e+00
       1616     47.000     8.9850     8.9849   3.742208   3.742328     2.6290      98.95     0.0894 5.1464e-02 -9.990e-29     67.280  44.826323    6.11840    35.2837    35.2850    27.3432    1487.26    1486.85 0.0000e+00
       1631     48.000     8.9854     8.9857   3.742312   3.742453     2.6281      98.86     0.0885 5.1447e-02 -9.990e-29     67.921  44.826330    6.10826    35.2839    35.2851    27.3433    1487.28    1486.86 0.0000e+00
       1646     49.000     8.9836     8.9834   3.742087   3.742204     2.6256      58.65     0.0873 5.1456e-02 -9.990e-29     68.528  44.826337    6.10234    35.2828    35.2842    27.3427    1487.28    1486.86 0.0000e+00
       1660     50.000     8.9813     8.9815   3.741843   3.741988     2.6239      50.61     0.0870 5.1449e-02 -9.990e-29     69.145  44.826344    6.10823    35.2821    35.2834    27.3425    1487.29    1486.87 0.0000e+00
       1675     51.000     8.9810     8.9812   3.741879   3.742010     2.6252     100.25     0.0919 5.1447e-02 -9.990e-29     69.767  44.826351    6.11815    35.2822    35.2834    27.3427    1487.31    1486.88 0.0000e+00
       1691     52.000     8.9815     8.9808   3.741973   3.742006     2.6242      98.86     0.0930 5.1427e-02 -9.990e-29     70.405  44.826359    6.11084    35.2823    35.2833    27.3426    1487.33    1486.89 0.0000e+00
       1721     53.000     8.9811     8.9810   3.741958   3.742072     2.6229      75.65     0.0917 5.1452e-02 1.9267e+00     71.656  44.826373    6.11085    35.2820    35.2833    27.3425    1487.34    1486.90 0.0000e+00
       1758     54.000     8.9814     8.9817   3.742068   3.742234     2.6248      99.71     0.0930 5.1463e-02 1.9444e+00     73.198  44.826391    6.12810    35.2824    35.2838    27.3428    1487.36    1486.91 0.0000e+00
       1779     55.000     8.9818     8.9819   3.742145   3.742278     2.6262      98.87     0.0927 5.1458e-02 1.9438e+00     74.088  44.826401    6.12184    35.2823    35.2836    27.3426    1487.38    1486.92 0.0000e+00
       1796     56.000     8.9819     8.9819   3.742182   3.742317     2.6243      30.40     0.0886 5.1461e-02 1.9420e+00     74.798  44.826410    6.12095    35.2821    35.2836    27.3425    1487.39    1486.92 0.0000e+00
       1812     57.000     8.9821     8.9820   3.742252   3.742383     2.6268      88.56     0.0894 5.1463e-02 -9.990e-29     75.463  44.826417    6.13099    35.2822    35.2837    27.3425    1487.41    1486.93 0.0000e+00
       1829     58.000     8.9818     8.9819   3.742255   3.742408     2.6261      98.29     0.0901 5.1471e-02 -9.990e-29     76.161  44.826425    6.12061    35.2820    35.2836    27.3424    1487.43    1486.94 0.0000e+00
       1855     59.000     8.9810     8.9811   3.742221   3.742354     2.6238      75.41     0.0918 5.1471e-02 -9.990e-29     77.253  44.826438    6.10862    35.2820    35.2833    27.3425    1487.44    1486.95 0.0000e+00
       1887     60.000     8.9805     8.9810   3.742213   3.742381     2.6226      82.01     0.0916 5.1491e-02 -9.990e-29     78.564  44.826453    6.11940    35.2819    35.2832    27.3425    1487.45    1486.96 0.0000e+00
       1908     61.000     8.9813     8.9814   3.742342   3.742467     2.6228      98.06     0.0966 5.1471e-02 -9.990e-29     79.469  44.826464    6.11902    35.2820    35.2832    27.3425    1487.47    1486.97 0.0000e+00
       1926     62.000     8.9810     8.9814   3.742361   3.742513     2.6233      97.02     0.0954 5.1494e-02 -9.990e-29     80.200  44.826472    6.12443    35.2820    35.2832    27.3425    1487.49    1486.98 0.0000e+00
       1942     63.000     8.9806     8.9808   3.742347   3.742494     2.6240      96.42     0.0953 5.1467e-02 -9.990e-29     80.861  44.826480    6.12489    35.2818    35.2831    27.3424    1487.50    1486.98 0.0000e+00
       1957     64.000     8.9818     8.9819   3.742520   3.742656     2.6237      95.58     0.0963 5.1466e-02 -9.990e-29     81.487  44.826487    6.12075    35.2819    35.2833    27.3423    1487.52    1486.99 0.0000e+00
       1972     65.000     8.9812     8.9813   3.742497   3.742627     2.6235      94.67     0.0943 5.1447e-02 -9.990e-29     82.119  44.826494    6.11778    35.2818    35.2831    27.3423    1487.54    1487.00 0.0000e+00
       1990     66.000     8.9814     8.9817   3.742579   3.742721     2.6222      93.51     0.0936 5.1464e-02 -9.990e-29     82.871  44.826503    6.11317    35.2820    35.2832    27.3425    1487.56    1487.01 0.0000e+00
       2016     67.000     8.9816     8.9819   3.742660   3.742790     2.6208      91.97     0.0948 5.1449e-02 -9.990e-29     83.948  44.826516    6.11270    35.2822    35.2832    27.3426    1487.57    1487.02 0.0000e+00
       2042     68.000     8.9818     8.9815   3.742710   3.742790     2.6208      90.75     0.0976 5.1499e-02 -9.990e-29     85.048  44.826528    6.12100    35.2820    35.2832    27.3424    1487.59    1487.03 0.0000e+00
       2066     69.000     8.9819     8.9816   3.742769   3.742837     2.6216      89.77     0.0983 5.1475e-02 -9.990e-29     86.027  44.826540    6.12303    35.2821    35.2831    27.3424    1487.61    1487.03 0.0000e+00
       2088     70.000     8.9816     8.9814   3.742773   3.742865     2.6216      88.84     0.0945 5.1450e-02 -9.990e-29     86.972  44.826551    6.12000    35.2819    35.2831    27.3424    1487.62    1487.04 0.0000e+00
       2112     71.000     8.9818     8.9818   3.742828   3.742954     2.6208      87.97     0.0908 5.1437e-02 1.1051e+00     87.955  44.826562    6.11211    35.2818    35.2831    27.3422    1487.64    1487.05 0.0000e+00
       2136     72.000     8.9819     8.9819   3.742882   3.743009     2.6191      87.03     0.0914 5.1456e-02 1.8706e+00     88.938  44.826573    6.11351    35.2818    35.2831    27.3422    1487.66    1487.06 0.0000e+00
       2157     73.000     8.9819     8.9819   3.742929   3.743057     2.6196      86.10     0.0925 5.1495e-02 1.9456e+00     89.852  44.826584    6.11780    35.2818    35.2832    27.3422    1487.67    1487.07 0.0000e+00
       2178     74.000     8.9820     8.9821   3.742991   3.743119     2.6188      85.12     0.0925 5.1445e-02 1.4763e+00     90.717  44.826594    6.11108    35.2819    35.2831    27.3423    1487.69    1487.08 0.0000e+00
