IBTS/IBTS_CruiseNotebook/Data/CTD/sta0033.cnv
* Sea-Bird SBE 9 Data File:
* FileName = C:\Seabird\CTDData\sta0033.hex
* Software Version Seasave V 7.21f
* Temperature SN = 2491
* Conductivity SN = 2694
* Number of Bytes Per Scan = 40
* Number of Voltage Words = 5
* Number of Scans Averaged by the Deck Unit = 1
* NMEA Latitude = 60 44.36 N
* NMEA Longitude = 001 15.47 E
* NMEA UTC (Time) = Feb 14 2020 07:03:41
* NMEA baud rate = 4800
** Ship: 10 F/F "G. O. Sars"
** Station: 0033
** Echodepth: 145
** Log: 8294.97
** Wind-Dir Force: 11 11
** Air-temp (dry): 5.3
** Weather Sky:
** Sea Ice:
# nquan = 20                                
# nvalues = 130                         
# units = specified
# name 0 = scan: Scan Count
# name 1 = prDM: Pressure, Digiquartz [db]
# name 2 = t068C: Temperature [ITS-68, deg C]
# name 3 = t168C: Temperature, 2 [ITS-68, deg C]
# name 4 = c0S/m: Conductivity [S/m]
# name 5 = c1S/m: Conductivity, 2 [S/m]
# name 6 = sbeox0V: Oxygen raw, SBE 43 [V]
# name 7 = altM: Altimeter [m]
# name 8 = flC: Fluorescence, Chelsea Aqua 3 Chl Con [ug/l]
# name 9 = par: PAR/Irradiance, Biospherical/Licor
# name 10 = spar: SPAR/Surface Irradiance
# name 11 = timeS: Time, Elapsed [seconds]
# name 12 = timeJ: Julian Days
# name 13 = sbeox0ML/L: Oxygen, SBE 43 [ml/l], WS = 2
# name 14 = sal00: Salinity, Practical [PSU]
# name 15 = sal11: Salinity, Practical, 2 [PSU]
# name 16 = sigma-t00: Density [sigma-t, Kg/m^3 ]
# name 17 = svCM: Sound Velocity [Chen-Millero, m/s]
# name 18 = avgsvCM: Average Sound Velocity [Chen-Millero, m/s], minP = 1, minS = 5
# name 19 = flag: flag
# span 0 =          3,       3368       
# span 1 =      5.000,    134.000       
# span 2 =     8.4063,     8.4298       
# span 3 =     8.4063,     8.4298       
# span 4 =   3.678658,   3.686151       
# span 5 =   3.678733,   3.686258       
# span 6 =     2.6109,     2.6514       
# span 7 =      12.38,     100.68       
# span 8 =     0.0740,     0.0896       
# span 9 = 5.1413e-02, 5.6223e-02       
# span 10 = 1.9438e+00, 1.9438e+00      
# span 11 =      0.094,    140.276      
# span 12 =  45.294260,  45.295883      
# span 13 =    6.21826,    6.25374      
# span 14 =    35.2018,    35.2031      
# span 15 =    35.2030,    35.2044      
# span 16 =    27.3671,    27.3714      
# span 17 =    1484.37,    1486.53      
# span 18 =    1484.37,    1485.40      
# span 19 = 0.0000e+00, 0.0000e+00      
# interval = decibars: 1                
# start_time = Feb 14 2020 07:03:44 [System UTC, header]
# bad_flag = -9.990e-29
*END*
[from data line 73]
       2088     78.000     8.4248     8.4249   3.683157   3.683256     2.6292      67.97     0.0872 5.1447e-02 -9.990e-29     86.977  45.295266    6.23127    35.2023    35.2032    27.3681    1485.59    1484.92 0.0000e+00
       2109     79.000     8.4237     8.4238   3.683123   3.683235     2.6282      66.98     0.0822 5.1480e-02 1.9438e+00     87.828  45.295276    6.22454    35.2025    35.2036    27.3685    1485.61    1484.93 0.0000e+00
       2132     80.000     8.4233     8.4234   3.683147   3.683253     2.6269      65.89     0.0835 5.1436e-02 1.9438e+00     88.778  45.295287    6.22169    35.2027    35.2037    27.3687    1485.62    1484.94 0.0000e+00
       2159     81.000     8.4231     8.4230   3.683158   3.683256     2.6256      64.81     0.0845 5.1463e-02 1.9438e+00     89.921  45.295300    6.22126    35.2025    35.2037    27.3686    1485.64    1484.95 0.0000e+00
       2186     82.000     8.4224     8.4227   3.683144   3.683266     2.6255      63.86     0.0817 5.1448e-02 1.9438e+00     91.049  45.295313    6.23075    35.2026    35.2036    27.3687    1485.65    1484.95 0.0000e+00
       2208     83.000     8.4226     8.4225   3.683201   3.683295     2.6265      63.02     0.0790 5.1432e-02 1.9438e+00     91.958  45.295324    6.22795    35.2025    35.2036    27.3686    1485.67    1484.96 0.0000e+00
       2226     84.000     8.4221     8.4222   3.683217   3.683327     2.6252      62.23     0.0800 5.1470e-02 -9.990e-29     92.718  45.295332    6.21873    35.2027    35.2038    27.3688    1485.68    1484.97 0.0000e+00
       2243     85.000     8.4222     8.4223   3.683273   3.683378     2.6241      61.37     0.0803 5.1445e-02 -9.990e-29     93.408  45.295340    6.21991    35.2027    35.2037    27.3688    1485.70    1484.98 0.0000e+00
       2259     86.000     8.4223     8.4224   3.683337   3.683439     2.6240      60.40     0.0800 5.1469e-02 -9.990e-29     94.087  45.295348    6.22676    35.2028    35.2038    27.3689    1485.72    1484.99 0.0000e+00
       2278     87.000     8.4228     8.4232   3.683427   3.683559     2.6248      59.33     0.0810 5.1473e-02 -9.990e-29     94.860  45.295357    6.23222    35.2028    35.2038    27.3688    1485.73    1485.00 0.0000e+00
       2299     88.000     8.4230     8.4230   3.683491   3.683583     2.6252      58.22     0.0849 5.1432e-02 -9.990e-29     95.763  45.295368    6.23009    35.2028    35.2038    27.3688    1485.75    1485.01 0.0000e+00
       2322     89.000     8.4222     8.4220   3.683459   3.683536     2.6249      57.15     0.0827 5.1451e-02 -9.990e-29     96.696  45.295378    6.22814    35.2027    35.2038    27.3689    1485.76    1485.01 0.0000e+00
       2342     90.000     8.4231     8.4231   3.683594   3.683685     2.6247      56.20     0.0852 5.1449e-02 -9.990e-29     97.535  45.295388    6.23112    35.2028    35.2038    27.3688    1485.78    1485.02 0.0000e+00
       2360     91.000     8.4235     8.4240   3.683685   3.683830     2.6251      55.25     0.0853 5.1486e-02 -9.990e-29     98.293  45.295397    6.23076    35.2029    35.2039    27.3688    1485.80    1485.03 0.0000e+00
       2378     92.000     8.4243     8.4243   3.683799   3.683904     2.6244      54.27     0.0819 5.1454e-02 -9.990e-29     99.060  45.295406    6.22603    35.2028    35.2039    27.3686    1485.82    1485.04 0.0000e+00
       2399     93.000     8.4245     8.4247   3.683856   3.683968     2.6239      53.20     0.0780 5.1456e-02 -9.990e-29     99.934  45.295416    6.22929    35.2027    35.2037    27.3685    1485.84    1485.05 0.0000e+00
       2424     94.000     8.4243     8.4245   3.683874   3.684000     2.6239      52.09     0.0804 5.1452e-02 -9.990e-29    100.968  45.295428    6.22715    35.2026    35.2038    27.3684    1485.85    1485.06 0.0000e+00
       2451     95.000     8.4242     8.4241   3.683895   3.684019     2.6225      51.05     0.0839 5.1463e-02 -9.990e-29    102.071  45.295441    6.22311    35.2025    35.2039    27.3683    1485.87    1485.07 0.0000e+00
       2476     96.000     8.4242     8.4242   3.683952   3.684054     2.6225      50.06     0.0867 5.1440e-02 -9.990e-29    103.141  45.295453    6.23049    35.2026    35.2037    27.3684    1485.89    1485.07 0.0000e+00
       2502     97.000     8.4240     8.4240   3.683973   3.684085     2.6228      49.08     0.0881 5.1447e-02 -9.990e-29    104.203  45.295465    6.22830    35.2025    35.2037    27.3684    1485.90    1485.08 0.0000e+00
       2526     98.000     8.4239     8.4241   3.684027   3.684148     2.6220      48.13     0.0886 5.1456e-02 -9.990e-29    105.208  45.295477    6.22480    35.2027    35.2038    27.3686    1485.92    1485.09 0.0000e+00
       2547     99.000     8.4243     8.4245   3.684117   3.684227     2.6217      47.22     0.0883 5.1464e-02 -9.990e-29    106.079  45.295487    6.22699    35.2028    35.2038    27.3686    1485.94    1485.10 0.0000e+00
       2565    100.000     8.4243     8.4243   3.684165   3.684263     2.6217      46.33     0.0877 5.1427e-02 -9.990e-29    106.832  45.295496    6.22789    35.2028    35.2039    27.3686    1485.95    1485.11 0.0000e+00
       2581    101.000     8.4243     8.4246   3.684222   3.684338     2.6214      45.39     0.0856 5.1445e-02 -9.990e-29    107.513  45.295504    6.22564    35.2029    35.2039    27.3687    1485.97    1485.12 0.0000e+00
       2597    102.000     8.4250     8.4252   3.684331   3.684445     2.6208      44.47     0.0868 5.1481e-02 -9.990e-29    108.170  45.295511    6.22434    35.2029    35.2039    27.3686    1485.99    1485.13 0.0000e+00
       2613    103.000     8.4254     8.4254   3.684406   3.684499     2.6205      43.48     0.0859 5.1437e-02 -9.990e-29    108.844  45.295519    6.22577    35.2028    35.2038    27.3684    1486.01    1485.13 0.0000e+00
       2631    104.000     8.4251     8.4253   3.684422   3.684545     2.6203      42.42     0.0844 5.1475e-02 -9.990e-29    109.593  45.295528    6.22388    35.2028    35.2039    27.3685    1486.02    1485.14 0.0000e+00
       2652    105.000     8.4253     8.4253   3.684477   3.684583     2.6191      41.33     0.0817 5.1481e-02 -9.990e-29    110.478  45.295538    6.22140    35.2027    35.2038    27.3684    1486.04    1485.15 0.0000e+00
       2678    106.000     8.4253     8.4252   3.684513   3.684609     2.6194      40.20     0.0813 5.1457e-02 -9.990e-29    111.534  45.295550    6.23187    35.2026    35.2037    27.3683    1486.06    1485.16 0.0000e+00
       2703    107.000     8.4255     8.4252   3.684584   3.684668     2.6206      39.21     0.0843 5.1472e-02 1.9438e+00    112.567  45.295562    6.23618    35.2027    35.2039    27.3683    1486.07    1485.17 0.0000e+00
       2725    108.000     8.4254     8.4252   3.684623   3.684709     2.6212      38.27     0.0849 5.1439e-02 1.9438e+00    113.490  45.295573    6.23298    35.2027    35.2038    27.3683    1486.09    1485.18 0.0000e+00
       2746    109.000     8.4249     8.4254   3.684619   3.684767     2.6203      37.31     0.0838 5.1452e-02 1.9438e+00    114.369  45.295583    6.22522    35.2027    35.2038    27.3684    1486.10    1485.19 0.0000e+00
       2768    110.000     8.4250     8.4250   3.684677   3.684791     2.6189      36.29     0.0842 5.1454e-02 1.9438e+00    115.300  45.295594    6.22372    35.2027    35.2039    27.3684    1486.12    1485.19 0.0000e+00
       2793    111.000     8.4256     8.4256   3.684775   3.684881     2.6190      35.28     0.0824 5.1466e-02 1.9438e+00    116.318  45.295606    6.23193    35.2027    35.2038    27.3683    1486.14    1485.20 0.0000e+00
       2816    112.000     8.4264     8.4263   3.684878   3.684989     2.6193      34.29     0.0783 5.1471e-02 -9.990e-29    117.292  45.295617    6.23518    35.2025    35.2038    27.3680    1486.16    1485.21 0.0000e+00
       2836    113.000     8.4265     8.4266   3.684957   3.685066     2.6204      33.36     0.0802 5.1440e-02 -9.990e-29    118.139  45.295627    6.23887    35.2027    35.2038    27.3682    1486.18    1485.22 0.0000e+00
       2854    114.000     8.4269     8.4268   3.685038   3.685138     2.6205      32.46     0.0791 5.1461e-02 -9.990e-29    118.872  45.295635    6.23514    35.2027    35.2039    27.3681    1486.19    1485.23 0.0000e+00
       2870    115.000     8.4272     8.4273   3.685121   3.685210     2.6202      31.54     0.0785 5.1447e-02 -9.990e-29    119.545  45.295643    6.23153    35.2028    35.2037    27.3681    1486.21    1485.24 0.0000e+00
       2886    116.000     8.4276     8.4278   3.685185   3.685281     2.6193      30.61     0.0816 5.1436e-02 -9.990e-29    120.196  45.295650    6.22749    35.2026    35.2034    27.3679    1486.23    1485.25 0.0000e+00
       2902    117.000     8.4284     8.4285   3.685267   3.685380     2.6185      29.61     0.0826 5.1454e-02 -9.990e-29    120.854  45.295658    6.22800    35.2022    35.2033    27.3675    1486.25    1485.25 0.0000e+00
       2919    118.000     8.4285     8.4286   3.685327   3.685421     2.6182      28.61     0.0832 5.1450e-02 -9.990e-29    121.566  45.295666    6.23412    35.2023    35.2032    27.3675    1486.26    1485.26 0.0000e+00
       2939    119.000     8.4287     8.4287   3.685381   3.685479     2.6190      27.49     0.0843 5.1425e-02 -9.990e-29    122.401  45.295676    6.23707    35.2022    35.2032    27.3674    1486.28    1485.27 0.0000e+00
       2966    120.000     8.4286     8.4285   3.685412   3.685500     2.6182      26.29     0.0829 5.1467e-02 -9.990e-29    123.541  45.295689    6.22787    35.2021    35.2031    27.3674    1486.30    1485.28 0.0000e+00
       3000    121.000     8.4284     8.4283   3.685418   3.685525     2.6166      25.19     0.0832 5.1443e-02 -9.990e-29    124.968  45.295706    6.22817    35.2019    35.2031    27.3672    1486.31    1485.29 0.0000e+00
       3029    122.000     8.4285     8.4285   3.685468   3.685585     2.6166      24.27     0.0839 5.1453e-02 -9.990e-29    126.185  45.295720    6.23098    35.2018    35.2031    27.3672    1486.33    1485.30 0.0000e+00
       3051    123.000     8.4285     8.4286   3.685541   3.685646     2.6166      23.41     0.0833 5.1462e-02 -9.990e-29    127.077  45.295730    6.22783    35.2021    35.2031    27.3674    1486.35    1485.30 0.0000e+00
       3069    124.000     8.4286     8.4286   3.685598   3.685693     2.6155      22.54     0.0884 5.1469e-02 -9.990e-29    127.836  45.295739    6.22531    35.2021    35.2032    27.3674    1486.36    1485.31 0.0000e+00
       3086    125.000     8.4285     8.4286   3.685644   3.685748     2.6154      21.62     0.0896 5.1486e-02 -9.990e-29    128.534  45.295747    6.22983    35.2022    35.2033    27.3675    1486.38    1485.32 0.0000e+00
       3102    126.000     8.4288     8.4288   3.685727   3.685815     2.6156      20.65     0.0866 5.1445e-02 -9.990e-29    129.228  45.295755    6.23205    35.2023    35.2033    27.3675    1486.40    1485.33 0.0000e+00
       3120    127.000     8.4289     8.4288   3.685776   3.685865     2.6156      19.65     0.0812 5.1442e-02 -9.990e-29    129.939  45.295763    6.23099    35.2023    35.2033    27.3675    1486.41    1485.34 0.0000e+00
       3137    128.000     8.4289     8.4290   3.685815   3.685916     2.6153      18.63     0.0807 5.1452e-02 -9.990e-29    130.669  45.295772    6.22788    35.2022    35.2032    27.3674    1486.43    1485.35 0.0000e+00
       3154    129.000     8.4291     8.4292   3.685877   3.685979     2.6146      17.65     0.0821 5.1444e-02 -9.990e-29    131.380  45.295780    6.22503    35.2022    35.2032    27.3673    1486.45    1485.36 0.0000e+00
       3170    130.000     8.4292     8.4293   3.685926   3.686022     2.6138      16.67     0.0838 5.1427e-02 -9.990e-29    132.061  45.295788    6.22296    35.2021    35.2030    27.3673    1486.46    1485.36 0.0000e+00
       3187    131.000     8.4293     8.4294   3.685982   3.686085     2.6132      15.68     0.0818 5.1418e-02 -9.990e-29    132.745  45.295796    6.22124    35.2021    35.2031    27.3673    1486.48    1485.37 0.0000e+00
       3205    132.000     8.4298     8.4298   3.686066   3.686172     2.6120      14.65     0.0803 5.1446e-02 -9.990e-29    133.499  45.295804    6.22203    35.2020    35.2032    27.3671    1486.50    1485.38 0.0000e+00
       3248    133.000     8.4296     8.4297   3.686097   3.686206     2.6118      13.43     0.0801 5.1459e-02 -9.990e-29    135.281  45.295825    6.22111    35.2021    35.2032    27.3672    1486.52    1485.39 0.0000e+00
       3368    134.000     8.4298     8.4298   3.686151   3.686258     2.6109      12.38     0.0831 5.1463e-02 -9.990e-29    140.276  45.295883    6.21826    35.2020    35.2031    27.3671    1486.53    1485.40 0.0000e+00
