IBTS/IBTS_CruiseNotebook/Data/CTD/sta0023.cnv
* Sea-Bird SBE 9 Data File:
* FileName = C:\Seabird\CTDData\sta0023.hex
* Software Version Seasave V 7.21f
* Temperature SN = 2491
* Conductivity SN = 2694
* Number of Bytes Per Scan = 40
* Number of Voltage Words = 5
* Number of Scans Averaged by the Deck Unit = 1
* NMEA Latitude = 61 38.09 N
* NMEA Longitude = 000 48.80 E
* NMEA UTC (Time) = Feb 13 2020 04:24:21
* NMEA baud rate = 4800
** Ship: 10 F/F "G. O. Sars"
** Station: 0023
** Echodepth: 204
** Log: 8122.61
** Wind-Dir Force: 33 07
** Air-temp (dry): 2.3
** Weather Sky:
** Sea Ice:
# nquan = 20                                
# nvalues = 196                         
# units = specified
# name 0 = scan: Scan Count
# name 1 = prDM: Pressure, Digiquartz [db]
# name 2 = t068C: Temperature [ITS-68, deg C]
# name 3 = t168C: Temperature, 2 [ITS-68, deg C]
# name 4 = c0S/m: Conductivity [S/m]
# name 5 = c1S/m: Conductivity, 2 [S/m]
# name 6 = sbeox0V: Oxygen raw, SBE 43 [V]
# name 7 = altM: Altimeter [m]
# name 8 = flC: Fluorescence, Chelsea Aqua 3 Chl Con [ug/l]
# name 9 = par: PAR/Irradiance, Biospherical/Licor
# name 10 = spar: SPAR/Surface Irradiance
# name 11 = timeS: Time, Elapsed [seconds]
# name 12 = timeJ: Julian Days
# name 13 = sbeox0ML/L: Oxygen, SBE 43 [ml/l], WS = 2
# name 14 = sal00: Salinity, Practical [PSU]
# name 15 = sal11: Salinity, Practical, 2 [PSU]
# name 16 = sigma-t00: Density [sigma-t, Kg/m^3 ]
# name 17 = svCM: Sound Velocity [Chen-Millero, m/s]
# name 18 = avgsvCM: Average Sound Velocity [Chen-Millero, m/s], minP = 1, minS = 5
# name 19 = flag: flag
# span 0 =        -53,       5434       
# span 1 =      3.000,    198.000       
# span 2 =     8.9365,     8.9670       
# span 3 =     8.9363,     8.9671       
# span 4 =   3.737966,   3.746077       
# span 5 =   3.738226,   3.746217       
# span 6 =     2.5939,     2.6518       
# span 7 =       9.05,     102.36       
# span 8 =     0.0495,     0.0692       
# span 9 = 5.1437e-02, 1.9684e+00       
# span 10 = 2.1026e-02, 2.0072e+00      
# span 11 =     -2.237,    226.358      
# span 12 =  44.183574,  44.186219      
# span 13 =    6.12742,    6.17036      
# span 14 =    35.2888,    35.2908      
# span 15 =    35.2903,    35.2923      
# span 16 =    27.3513,    27.3550      
# span 17 =    1486.43,    1489.57      
# span 18 =    1486.43,    1488.03      
# span 19 = 0.0000e+00, 0.0000e+00      
# interval = decibars: 1                
# start_time = Feb 13 2020 04:24:23 [System UTC, header]
# bad_flag = -9.990e-29
*END*
[from data line 73]
       1931     76.000     8.9662     8.9660   3.742400   3.742526     2.6276      19.27     0.0605 5.1467e-02 5.3693e-01     80.409  44.184530    6.14085    35.2904    35.2919    27.3515    1487.67    1487.03 0.0000e+00
       1946     77.000     8.9666     8.9668   3.742496   3.742631     2.6286      68.88     0.0607 5.1457e-02 5.1840e-01     81.035  44.184537    6.15123    35.2905    35.2918    27.3515    1487.69    1487.04 0.0000e+00
       1961     78.000     8.9649     8.9641   3.742350   3.742439     2.6289      98.75     0.0604 5.1457e-02 1.9384e+00     81.664  44.184545    6.14582    35.2902    35.2920    27.3516    1487.70    1487.05 0.0000e+00
       1986     79.000     8.9606     8.9607   3.741989   3.742140     2.6275      63.92     0.0623 5.1474e-02 1.9438e+00     82.698  44.184557    6.15000    35.2902    35.2917    27.3522    1487.70    1487.06 0.0000e+00
       2014     80.000     8.9607     8.9608   3.742050   3.742201     2.6281      77.82     0.0648 5.1511e-02 1.9438e+00     83.883  44.184570    6.14531    35.2903    35.2918    27.3523    1487.72    1487.07 0.0000e+00
       2035     81.000     8.9611     8.9607   3.742134   3.742241     2.6270      42.08     0.0655 5.1473e-02 1.9438e+00     84.756  44.184581    6.15080    35.2903    35.2918    27.3522    1487.74    1487.08 0.0000e+00
       2055     82.000     8.9627     8.9628   3.742351   3.742487     2.6283      98.01     0.0649 5.1456e-02 1.9438e+00     85.571  44.184590    6.14564    35.2905    35.2918    27.3521    1487.76    1487.08 0.0000e+00
       2074     83.000     8.9634     8.9636   3.742457   3.742602     2.6250      42.59     0.0614 5.1461e-02 1.9438e+00     86.385  44.184599    6.14347    35.2904    35.2918    27.3520    1487.78    1487.09 0.0000e+00
       2094     84.000     8.9626     8.9618   3.742418   3.742486     2.6282      98.70     0.0621 5.1490e-02 1.9438e+00     87.224  44.184609    6.16561    35.2903    35.2919    27.3520    1487.79    1487.10 0.0000e+00
       2115     85.000     8.9625     8.9628   3.742444   3.742621     2.6290      98.86     0.0613 5.1466e-02 1.9105e+00     88.082  44.184619    6.16217    35.2902    35.2918    27.3520    1487.81    1487.11 0.0000e+00
       2137     86.000     8.9629     8.9629   3.742533   3.742693     2.6293      68.07     0.0603 5.1457e-02 9.9752e-01     88.985  44.184629    6.15436    35.2903    35.2920    27.3519    1487.83    1487.12 0.0000e+00
       2158     87.000     8.9634     8.9639   3.742628   3.742832     2.6283      70.06     0.0610 5.1462e-02 1.7484e+00     89.854  44.184640    6.15800    35.2903    35.2920    27.3519    1487.84    1487.13 0.0000e+00
       2176     88.000     8.9648     8.9648   3.742812   3.742963     2.6292      98.74     0.0646 5.1474e-02 1.1641e-01     90.642  44.184649    6.15866    35.2904    35.2920    27.3517    1487.87    1487.13 0.0000e+00
       2195     89.000     8.9650     8.9649   3.742875   3.743012     2.6282      98.86     0.0647 5.1476e-02 6.7678e-01     91.433  44.184658    6.14477    35.2904    35.2919    27.3517    1487.88    1487.14 0.0000e+00
       2217     90.000     8.9646     8.9647   3.742892   3.743049     2.6249      46.47     0.0615 5.1475e-02 1.9166e+00     92.314  44.184668    6.14011    35.2905    35.2920    27.3518    1487.90    1487.15 0.0000e+00
       2241     91.000     8.9645     8.9645   3.742908   3.743067     2.6256      88.81     0.0602 5.1464e-02 1.9438e+00     93.328  44.184680    6.15508    35.2902    35.2919    27.3516    1487.91    1487.16 0.0000e+00
       2265     92.000     8.9644     8.9644   3.742962   3.743101     2.6257      98.92     0.0582 5.1468e-02 1.9438e+00     94.339  44.184691    6.15252    35.2904    35.2919    27.3518    1487.93    1487.17 0.0000e+00
       2287     93.000     8.9646     8.9646   3.743018   3.743172     2.6254      98.86     0.0582 5.1461e-02 1.9438e+00     95.235  44.184702    6.14545    35.2903    35.2920    27.3517    1487.95    1487.18 0.0000e+00
       2306     94.000     8.9648     8.9647   3.743077   3.743219     2.6232      67.41     0.0574 5.1476e-02 1.9438e+00     96.060  44.184711    6.13381    35.2903    35.2919    27.3516    1487.96    1487.18 0.0000e+00
       2326     95.000     8.9642     8.9638   3.743060   3.743177     2.6220      61.21     0.0608 5.1512e-02 1.1747e+00     96.887  44.184721    6.14854    35.2902    35.2919    27.3517    1487.98    1487.19 0.0000e+00
       2347     96.000     8.9639     8.9638   3.743086   3.743216     2.6236      88.75     0.0648 5.1446e-02 1.1112e+00     97.741  44.184731    6.15124    35.2903    35.2918    27.3518    1487.99    1487.20 0.0000e+00
       2369     97.000     8.9642     8.9642   3.743161   3.743309     2.6237      57.94     0.0631 5.1466e-02 1.5364e+00     98.682  44.184742    6.16213    35.2903    35.2919    27.3518    1488.01    1487.21 0.0000e+00
       2395     98.000     8.9645     8.9647   3.743244   3.743406     2.6264      99.35     0.0604 5.1455e-02 1.3660e+00     99.763  44.184754    6.16129    35.2904    35.2919    27.3518    1488.03    1487.22 0.0000e+00
       2420     99.000     8.9653     8.9651   3.743355   3.743482     2.6249      88.79     0.0601 5.1474e-02 1.1029e+00    100.780  44.184766    6.14250    35.2903    35.2919    27.3516    1488.05    1487.23 0.0000e+00
       2439    100.000     8.9651     8.9650   3.743373   3.743524     2.6224      43.30     0.0572 5.1474e-02 6.4206e-01    101.573  44.184775    6.14792    35.2902    35.2919    27.3515    1488.06    1487.23 0.0000e+00
       2455    101.000     8.9651     8.9655   3.743439   3.743605     2.6242      99.39     0.0580 5.1466e-02 1.3288e-01    102.257  44.184783    6.15933    35.2904    35.2918    27.3517    1488.08    1487.24 0.0000e+00
       2470    102.000     8.9651     8.9651   3.743481   3.743619     2.6238      98.86     0.0572 5.1437e-02 1.9636e+00    102.885  44.184790    6.15102    35.2904    35.2919    27.3517    1488.10    1487.25 0.0000e+00
       2485    103.000     8.9650     8.9651   3.743515   3.743667     2.6229      98.86     0.0585 5.1485e-02 1.9437e+00    103.495  44.184797    6.14284    35.2904    35.2919    27.3517    1488.11    1487.26 0.0000e+00
       2500    104.000     8.9652     8.9652   3.743575   3.743732     2.6213      62.68     0.0583 5.1467e-02 1.9438e+00    104.112  44.184805    6.14162    35.2903    35.2920    27.3516    1488.13    1487.27 0.0000e+00
       2517    105.000     8.9645     8.9644   3.743557   3.743685     2.6211      75.55     0.0577 5.1474e-02 -9.990e-29    104.842  44.184813    6.14702    35.2904    35.2918    27.3517    1488.14    1487.28 0.0000e+00
       2551    106.000     8.9643     8.9642   3.743579   3.743709     2.6201      99.68     0.0593 5.1462e-02 -9.990e-29    106.256  44.184829    6.14264    35.2903    35.2918    27.3517    1488.16    1487.28 0.0000e+00
       2584    107.000     8.9645     8.9646   3.743639   3.743801     2.6190      58.32     0.0594 5.1457e-02 -9.990e-29    107.606  44.184845    6.15207    35.2903    35.2919    27.3517    1488.18    1487.29 0.0000e+00
       2605    108.000     8.9647     8.9646   3.743708   3.743846     2.6216      98.42     0.0596 5.1479e-02 -9.990e-29    108.505  44.184855    6.16011    35.2903    35.2919    27.3517    1488.19    1487.30 0.0000e+00
       2623    109.000     8.9634     8.9634   3.743622   3.743781     2.6216      97.64     0.0572 5.1495e-02 -9.990e-29    109.253  44.184864    6.15544    35.2902    35.2919    27.3518    1488.21    1487.31 0.0000e+00
       2641    110.000     8.9635     8.9637   3.743678   3.743855     2.6219      96.76     0.0623 5.1474e-02 -9.990e-29    109.981  44.184873    6.15610    35.2902    35.2919    27.3518    1488.22    1487.32 0.0000e+00
       2658    111.000     8.9639     8.9639   3.743761   3.743910     2.6216      95.87     0.0631 5.1469e-02 -9.990e-29    110.695  44.184881    6.15344    35.2902    35.2918    27.3517    1488.24    1487.33 0.0000e+00
       2675    112.000     8.9642     8.9643   3.743843   3.744012     2.6211      94.99     0.0610 5.1458e-02 -9.990e-29    111.431  44.184889    6.15347    35.2903    35.2920    27.3517    1488.26    1487.33 0.0000e+00
       2694    113.000     8.9654     8.9650   3.743998   3.744111     2.6212      93.88     0.0592 5.1469e-02 1.9438e+00    112.221  44.184898    6.15701    35.2903    35.2919    27.3515    1488.28    1487.34 0.0000e+00
       2716    114.000     8.9652     8.9653   3.744035   3.744185     2.6214      92.82     0.0595 5.1462e-02 1.9133e+00    113.126  44.184909    6.15865    35.2904    35.2919    27.3516    1488.30    1487.35 0.0000e+00
       2740    115.000     8.9664     8.9658   3.744192   3.744279     2.6215      91.69     0.0650 5.1441e-02 1.1062e+00    114.138  44.184921    6.15889    35.2904    35.2919    27.3514    1488.32    1487.36 0.0000e+00
       2765    116.000     8.9656     8.9646   3.744134   3.744189     2.6217      90.65     0.0653 5.1487e-02 1.0886e+00    115.163  44.184932    6.16118    35.2901    35.2916    27.3513    1488.33    1487.37 0.0000e+00
       2788    117.000     8.9633     8.9635   3.743963   3.744130     2.6218      89.69     0.0633 5.1451e-02 1.9359e+00    116.137  44.184944    6.15843    35.2901    35.2916    27.3517    1488.34    1487.38 0.0000e+00
       2809    118.000     8.9634     8.9634   3.744024   3.744173     2.6208      88.75     0.0646 5.1447e-02 1.9436e+00    117.009  44.184954    6.15068    35.2901    35.2917    27.3517    1488.35    1487.38 0.0000e+00
       2829    119.000     8.9642     8.9641   3.744148   3.744279     2.6192      87.80     0.0667 5.1442e-02 7.4845e-01    117.818  44.184963    6.14857    35.2902    35.2916    27.3516    1488.37    1487.39 0.0000e+00
       2847    120.000     8.9635     8.9637   3.744124   3.744284     2.6186      86.89     0.0654 5.1461e-02 1.9430e+00    118.604  44.184972    6.14829    35.2901    35.2916    27.3517    1488.39    1487.40 0.0000e+00
       2867    121.000     8.9635     8.9636   3.744166   3.744321     2.6173      85.92     0.0630 5.1456e-02 1.9436e+00    119.412  44.184982    6.14506    35.2901    35.2916    27.3517    1488.40    1487.41 0.0000e+00
       2888    122.000     8.9638     8.9642   3.744251   3.744437     2.6167      84.85     0.0583 5.1444e-02 9.6902e-01    120.274  44.184992    6.14589    35.2902    35.2918    27.3517    1488.42    1487.42 0.0000e+00
       2908    123.000     8.9640     8.9639   3.744325   3.744457     2.6157      83.81     0.0567 5.1483e-02 1.9422e+00    121.144  44.185002    6.14088    35.2903    35.2918    27.3518    1488.44    1487.43 0.0000e+00
       2929    124.000     8.9643     8.9641   3.744376   3.744514     2.6144      82.86     0.0591 5.1461e-02 -9.990e-29    121.982  44.185011    6.13710    35.2901    35.2917    27.3515    1488.46    1487.43 0.0000e+00
       2948    125.000     8.9644     8.9640   3.744435   3.744554     2.6130      82.09     0.0606 5.1464e-02 -9.990e-29    122.777  44.185021    6.13747    35.2901    35.2918    27.3515    1488.47    1487.44 0.0000e+00
       2967    126.000     8.9630     8.9626   3.744332   3.744451     2.6130      80.99     0.0619 5.1440e-02 -9.990e-29    123.593  44.185030    6.14585    35.2899    35.2916    27.3516    1488.48    1487.45 0.0000e+00
       2989    127.000     8.9605     8.9607   3.744143   3.744311     2.6141      79.88     0.0583 5.1464e-02 -9.990e-29    124.479  44.185040    6.14979    35.2900    35.2915    27.3521    1488.49    1487.46 0.0000e+00
       3010    128.000     8.9604     8.9605   3.744176   3.744337     2.6137      78.87     0.0552 5.1476e-02 -9.990e-29    125.379  44.185051    6.14255    35.2899    35.2915    27.3521    1488.51    1487.47 0.0000e+00
       3029    129.000     8.9601     8.9601   3.744193   3.744338     2.6130      77.93     0.0529 5.1464e-02 -9.990e-29    126.179  44.185060    6.14047    35.2899    35.2914    27.3521    1488.52    1487.48 0.0000e+00
       3047    130.000     8.9603     8.9603   3.744248   3.744411     2.6121      77.02     0.0582 5.1452e-02 -9.990e-29    126.905  44.185068    6.13645    35.2898    35.2915    27.3520    1488.54    1487.48 0.0000e+00
       3064    131.000     8.9604     8.9604   3.744298   3.744460     2.6109      76.06     0.0611 5.1456e-02 -9.990e-29    127.634  44.185077    6.13569    35.2898    35.2915    27.3519    1488.56    1487.49 0.0000e+00
       3087    132.000     8.9600     8.9598   3.744307   3.744450     2.6106      74.91     0.0623 5.1451e-02 -9.990e-29    128.569  44.185088    6.14174    35.2898    35.2915    27.3520    1488.57    1487.50 0.0000e+00
       3118    133.000     8.9604     8.9602   3.744389   3.744519     2.6118      73.75     0.0615 5.1472e-02 -9.990e-29    129.859  44.185103    6.15171    35.2898    35.2913    27.3519    1488.59    1487.51 0.0000e+00
       3147    134.000     8.9604     8.9605   3.744431   3.744604     2.6130      72.74     0.0598 5.1451e-02 -9.990e-29    131.068  44.185117    6.15022    35.2897    35.2915    27.3519    1488.61    1487.52 0.0000e+00
       3171    135.000     8.9603     8.9604   3.744481   3.744635     2.6125      71.81     0.0597 5.1477e-02 -9.990e-29    132.064  44.185128    6.14532    35.2899    35.2914    27.3520    1488.62    1487.52 0.0000e+00
       3191    136.000     8.9605     8.9605   3.744542   3.744691     2.6119      70.88     0.0610 5.1498e-02 1.9438e+00    132.931  44.185138    6.14586    35.2898    35.2914    27.3520    1488.64    1487.53 0.0000e+00
       3210    137.000     8.9605     8.9608   3.744601   3.744762     2.6117      69.94     0.0602 5.1458e-02 1.5134e+00    133.726  44.185147    6.14586    35.2900    35.2914    27.3521    1488.66    1487.54 0.0000e+00
       3227    138.000     8.9616     8.9613   3.744746   3.744869     2.6113      69.12     0.0565 5.1490e-02 2.1026e-02    134.431  44.185155    6.14456    35.2899    35.2915    27.3519    1488.68    1487.55 0.0000e+00
       3243    139.000     8.9619     8.9622   3.744829   3.744982     2.6111      68.20     0.0572 5.1466e-02 1.7976e+00    135.080  44.185163    6.14231    35.2900    35.2914    27.3519    1488.69    1487.56 0.0000e+00
       3258    140.000     8.9623     8.9625   3.744928   3.745085     2.6101      67.27     0.0591 5.1457e-02 1.9418e+00    135.699  44.185170    6.13994    35.2902    35.2917    27.3520    1488.71    1487.57 0.0000e+00
       3272    141.000     8.9619     8.9626   3.744931   3.745138     2.6094      66.43     0.0619 5.1459e-02 1.9438e+00    136.310  44.185177    6.14241    35.2902    35.2916    27.3520    1488.73    1487.57 0.0000e+00
       3288    142.000     8.9616     8.9624   3.744941   3.745166     2.6097      65.40     0.0612 5.1495e-02 1.9438e+00    136.955  44.185185    6.14771    35.2901    35.2917    27.3520    1488.74    1487.58 0.0000e+00
       3310    143.000     8.9617     8.9617   3.744987   3.745129     2.6099      64.11     0.0613 5.1458e-02 1.9438e+00    137.895  44.185196    6.14868    35.2900    35.2915    27.3519    1488.76    1487.59 0.0000e+00
       3348    144.000     8.9618     8.9619   3.745027   3.745182     2.6105      62.62     0.0600 5.1468e-02 -9.990e-29    139.448  44.185213    6.15076    35.2898    35.2914    27.3517    1488.78    1487.60 0.0000e+00
       3379    145.000     8.9599     8.9595   3.744862   3.745017     2.6103      61.69     0.0588 5.1460e-02 -9.990e-29    140.738  44.185228    6.14970    35.2895    35.2915    27.3518    1488.79    1487.61 0.0000e+00
       3399    146.000     8.9583     8.9584   3.744786   3.744954     2.6102      60.94     0.0636 5.1442e-02 -9.990e-29    141.587  44.185238    6.14550    35.2898    35.2915    27.3523    1488.80    1487.61 0.0000e+00
