IBTS/IBTS_CruiseNotebook/Data/CTD/sta0016.cnv
* Sea-Bird SBE 9 Data File:
* FileName = C:\Seabird\CTDData\sta0016.hex
* Software Version Seasave V 7.21f
* Temperature SN = 2491
* Conductivity SN = 2694
* Number of Bytes Per Scan = 40
* Number of Voltage Words = 5
* Number of Scans Averaged by the Deck Unit = 1
* NMEA Latitude = 61 35.40 N
* NMEA Longitude = 001 11.00 E
* NMEA UTC (Time) = Feb 11 2020 18:31:10
* NMEA baud rate = 4800
** Ship: 10 F/F "G. O. Sars"
** Station: 0016
** Echodepth: 186.59
** Log: 7897.58
** Wind-Dir Force: 35 22
** Air-temp (dry): 5.1
** Weather Sky:
** Sea Ice:
# nquan = 20                                
# nvalues = 174                         
# units = specified
# name 0 = scan: Scan Count
# name 1 = prDM: Pressure, Digiquartz [db]
# name 2 = t068C: Temperature [ITS-68, deg C]
# name 3 = t168C: Temperature, 2 [ITS-68, deg C]
# name 4 = c0S/m: Conductivity [S/m]
# name 5 = c1S/m: Conductivity, 2 [S/m]
# name 6 = sbeox0V: Oxygen raw, SBE 43 [V]
# name 7 = altM: Altimeter [m]
# name 8 = flC: Fluorescence, Chelsea Aqua 3 Chl Con [ug/l]
# name 9 = par: PAR/Irradiance, Biospherical/Licor
# name 10 = spar: SPAR/Surface Irradiance
# name 11 = timeS: Time, Elapsed [seconds]
# name 12 = timeJ: Julian Days
# name 13 = sbeox0ML/L: Oxygen, SBE 43 [ml/l], WS = 2
# name 14 = sal00: Salinity, Practical [PSU]
# name 15 = sal11: Salinity, Practical, 2 [PSU]
# name 16 = sigma-t00: Density [sigma-t, Kg/m^3 ]
# name 17 = svCM: Sound Velocity [Chen-Millero, m/s]
# name 18 = avgsvCM: Average Sound Velocity [Chen-Millero, m/s], minP = 1, minS = 5
# name 19 = flag: flag
# span 0 =         66,       4140       
# span 1 =      4.000,    177.000       
# span 2 =     8.8788,     8.9071       
# span 3 =     8.8787,     8.9071       
# span 4 =   3.729477,   3.740280       
# span 5 =   3.729725,   3.740433       
# span 6 =     2.5972,     2.6529       
# span 7 =      10.33,     100.58       
# span 8 =     0.0432,     0.0602       
# span 9 = 5.1427e-02, 9.5148e-01       
# span 10 = -1.622e-02, 2.1075e+00      
# span 11 =      2.707,    172.446      
# span 12 =  42.771710,  42.773674      
# span 13 =    6.13456,    6.18898      
# span 14 =    35.2757,    35.2792      
# span 15 =    35.2777,    35.2804      
# span 16 =    27.3517,    27.3545      
# span 17 =    1486.15,    1489.10      
# span 18 =    1486.15,    1487.61      
# span 19 = 0.0000e+00, 0.0000e+00      
# interval = decibars: 1                
# start_time = Feb 11 2020 18:31:13 [System UTC, header]
# bad_flag = -9.990e-29
*END*
         66      4.000     8.8788     8.8787   3.729477   3.729725     2.6462      91.69     0.0534 9.5148e-01 1.3418e+00      2.707  42.771710    6.14661    35.2760    35.2787    27.3543    1486.15    1486.15 0.0000e+00
        107      5.000     8.8848     8.8886   3.730098   3.730682     2.6456      92.13     0.0495 6.9500e-01 1.9242e+00      4.425  42.771729    6.15677    35.2761    35.2785    27.3534    1486.19    1486.16 0.0000e+00
        455      6.000     8.8857     8.8901   3.730187   3.730816     2.6491      74.38     0.0500 7.4219e-01 -9.990e-29     18.930  42.771897    6.16934    35.2757    35.2779    27.3529    1486.21    1486.17 0.0000e+00
        494      7.000     8.8922     8.8915   3.730873   3.730974     2.6515      92.46     0.0483 5.0689e-01 1.9438e+00     20.556  42.771916    6.17116    35.2759    35.2777    27.3520    1486.25    1486.18 0.0000e+00
        522      8.000     8.8869     8.8832   3.730493   3.730335     2.6503      67.38     0.0482 4.1613e-01 1.3897e+00     21.718  42.771930    6.16909    35.2767    35.2787    27.3535    1486.25    1486.19 0.0000e+00
        553      9.000     8.8875     8.8876   3.730664   3.730843     2.6509      81.48     0.0496 3.0018e-01 1.1870e+00     23.003  42.771944    6.17462    35.2774    35.2792    27.3540    1486.27    1486.20 0.0000e+00
        581     10.000     8.8897     8.8898   3.730949   3.731127     2.6506      61.92     0.0465 2.1515e-01 3.5695e-01     24.187  42.771958    6.17142    35.2778    35.2795    27.3539    1486.29    1486.21 0.0000e+00
        606     11.000     8.8901     8.8903   3.731033   3.731225     2.6526      79.71     0.0453 2.1120e-01 1.9571e+00     25.200  42.771970    6.18423    35.2778    35.2796    27.3538    1486.31    1486.21 0.0000e+00
        626     12.000     8.8903     8.8900   3.731115   3.731239     2.6529      85.75     0.0486 1.8244e-01 1.9438e+00     26.042  42.771980    6.17602    35.2780    35.2796    27.3539    1486.33    1486.22 0.0000e+00
        644     13.000     8.8893     8.8877   3.731047   3.731056     2.6516      86.92     0.0480 1.3626e-01 1.9438e+00     26.789  42.771988    6.16376    35.2777    35.2794    27.3539    1486.34    1486.23 0.0000e+00
        660     14.000     8.8836     8.8843   3.730509   3.730734     2.6486      45.32     0.0466 1.2479e-01 1.9438e+00     27.471  42.771996    6.16287    35.2773    35.2789    27.3545    1486.33    1486.24 0.0000e+00
        676     15.000     8.8883     8.8894   3.731033   3.731286     2.6504      91.87     0.0481 1.1667e-01 1.9438e+00     28.110  42.772004    6.17362    35.2776    35.2792    27.3540    1486.37    1486.25 0.0000e+00
        690     16.000     8.8903     8.8904   3.731295   3.731461     2.6485      70.09     0.0463 1.0524e-01 1.9438e+00     28.717  42.772011    6.16653    35.2779    35.2796    27.3539    1486.39    1486.26 0.0000e+00
        704     17.000     8.8904     8.8904   3.731353   3.731499     2.6493      98.72     0.0480 7.7037e-02 1.9438e+00     29.309  42.772017    6.16732    35.2779    35.2795    27.3539    1486.41    1486.27 0.0000e+00
        724     18.000     8.8904     8.8904   3.731385   3.731531     2.6471      61.14     0.0474 8.2779e-02 1.3258e+00     30.127  42.772027    6.16517    35.2778    35.2793    27.3538    1486.43    1486.28 0.0000e+00
        762     19.000     8.8900     8.8902   3.731376   3.731547     2.6495      84.54     0.0481 6.5341e-02 4.5213e-01     31.711  42.772045    6.18132    35.2776    35.2792    27.3537    1486.44    1486.28 0.0000e+00
        803     20.000     8.8900     8.8902   3.731425   3.731585     2.6501      68.43     0.0509 5.3161e-02 -1.622e-02     33.434  42.772065    6.17940    35.2777    35.2791    27.3538    1486.46    1486.29 0.0000e+00
        833     21.000     8.8906     8.8905   3.731533   3.731673     2.6515      69.04     0.0486 5.3360e-02 1.2068e+00     34.657  42.772079    6.18898    35.2777    35.2793    27.3537    1486.48    1486.30 0.0000e+00
        856     22.000     8.8900     8.8900   3.731535   3.731680     2.6524      94.85     0.0489 5.1462e-02 1.9426e+00     35.623  42.772091    6.17670    35.2778    35.2794    27.3539    1486.49    1486.31 0.0000e+00
        875     23.000     8.8900     8.8898   3.731562   3.731694     2.6486      41.69     0.0455 5.1469e-02 1.9438e+00     36.426  42.772100    6.16612    35.2776    35.2792    27.3537    1486.51    1486.32 0.0000e+00
        892     24.000     8.8903     8.8904   3.731648   3.731813     2.6498      83.63     0.0466 5.1463e-02 1.9357e+00     37.120  42.772108    6.17424    35.2778    35.2794    27.3538    1486.52    1486.33 0.0000e+00
        908     25.000     8.8905     8.8902   3.731709   3.731827     2.6475      64.47     0.0471 5.1463e-02 1.3650e+00     37.777  42.772116    6.16715    35.2777    35.2793    27.3537    1486.54    1486.34 0.0000e+00
        923     26.000     8.8905     8.8906   3.731761   3.731910     2.6478      98.72     0.0490 5.1476e-02 -9.990e-29     38.414  42.772123    6.16606    35.2778    35.2793    27.3538    1486.56    1486.34 0.0000e+00
        938     27.000     8.8908     8.8908   3.731851   3.731985     2.6455      70.18     0.0481 5.1459e-02 -9.990e-29     39.029  42.772130    6.15577    35.2780    35.2794    27.3539    1486.58    1486.35 0.0000e+00
        952     28.000     8.8905     8.8904   3.731857   3.732004     2.6439      65.07     0.0469 5.1466e-02 -9.990e-29     39.631  42.772137    6.15334    35.2778    35.2795    27.3538    1486.59    1486.36 0.0000e+00
        966     29.000     8.8902     8.8903   3.731880   3.732024     2.6429      70.03     0.0479 5.1439e-02 -9.990e-29     40.228  42.772144    6.15890    35.2779    35.2793    27.3539    1486.61    1486.37 0.0000e+00
        988     30.000     8.8902     8.8904   3.731927   3.732062     2.6431      82.72     0.0489 5.1449e-02 1.3993e-01     41.130  42.772154    6.16953    35.2779    35.2791    27.3539    1486.62    1486.38 0.0000e+00
       1022     31.000     8.8902     8.8903   3.731972   3.732116     2.6443      60.43     0.0451 5.1470e-02 -3.423e-03     42.532  42.772171    6.17596    35.2779    35.2793    27.3539    1486.64    1486.39 0.0000e+00
       1051     32.000     8.8907     8.8906   3.732046   3.732186     2.6454      84.91     0.0467 5.1488e-02 -7.714e-08     43.730  42.772184    6.16424    35.2777    35.2793    27.3537    1486.66    1486.39 0.0000e+00
       1077     33.000     8.8906     8.8905   3.732084   3.732205     2.6431      61.82     0.0511 5.1470e-02 1.1768e-06     44.821  42.772197    6.17328    35.2777    35.2791    27.3537    1486.67    1486.40 0.0000e+00
       1099     34.000     8.8908     8.8908   3.732152   3.732299     2.6456      89.44     0.0517 5.1484e-02 1.2013e-01     45.757  42.772208    6.17485    35.2778    35.2793    27.3537    1486.69    1486.41 0.0000e+00
       1117     35.000     8.8908     8.8908   3.732217   3.732347     2.6435      35.79     0.0524 5.1443e-02 -9.990e-29     46.518  42.772217    6.16990    35.2780    35.2793    27.3539    1486.71    1486.42 0.0000e+00
       1133     36.000     8.8909     8.8911   3.732276   3.732422     2.6455      95.26     0.0483 5.1445e-02 -9.990e-29     47.187  42.772224    6.17235    35.2780    35.2793    27.3539    1486.72    1486.43 0.0000e+00
       1149     37.000     8.8904     8.8905   3.732278   3.732425     2.6432      85.14     0.0467 5.1456e-02 -9.990e-29     47.814  42.772232    6.15144    35.2780    35.2795    27.3540    1486.74    1486.44 0.0000e+00
       1163     38.000     8.8902     8.8902   3.732321   3.732449     2.6395      35.72     0.0462 5.1470e-02 -9.990e-29     48.429  42.772239    6.15210    35.2782    35.2796    27.3542    1486.75    1486.45 0.0000e+00
       1178     39.000     8.8901     8.8903   3.732355   3.732504     2.6407      81.54     0.0462 5.1466e-02 -9.990e-29     49.034  42.772246    6.17122    35.2782    35.2796    27.3541    1486.77    1486.45 0.0000e+00
       1192     40.000     8.8904     8.8905   3.732421   3.732568     2.6422      98.60     0.0475 5.1470e-02 -9.990e-29     49.636  42.772253    6.16694    35.2781    35.2795    27.3540    1486.79    1486.46 0.0000e+00
       1209     41.000     8.8904     8.8904   3.732465   3.732601     2.6394      57.77     0.0468 5.1463e-02 1.9120e+00     50.313  42.772261    6.15721    35.2781    35.2795    27.3540    1486.80    1486.47 0.0000e+00
       1259     42.000     8.8903     8.8903   3.732483   3.732619     2.6412      97.54     0.0479 5.1467e-02 1.1090e+00     52.420  42.772285    6.17298    35.2779    35.2793    27.3539    1486.82    1486.48 0.0000e+00
       1293     43.000     8.8904     8.8905   3.732553   3.732694     2.6420      62.75     0.0501 5.1449e-02 7.6915e-01     53.854  42.772302    6.18090    35.2780    35.2794    27.3540    1486.84    1486.49 0.0000e+00
       1313     44.000     8.8903     8.8904   3.732591   3.732728     2.6438      97.15     0.0513 5.1464e-02 8.2438e-01     54.678  42.772311    6.17009    35.2781    35.2794    27.3540    1486.85    1486.50 0.0000e+00
       1332     45.000     8.8907     8.8910   3.732673   3.732836     2.6400      60.51     0.0462 5.1504e-02 1.9237e+00     55.465  42.772320    6.15569    35.2780    35.2795    27.3539    1486.87    1486.50 0.0000e+00
       1354     46.000     8.8906     8.8906   3.732707   3.732842     2.6392      54.44     0.0445 5.1456e-02 1.3570e+00     56.369  42.772331    6.16727    35.2780    35.2794    27.3539    1486.89    1486.51 0.0000e+00
       1377     47.000     8.8911     8.8913   3.732805   3.732940     2.6413      96.93     0.0462 5.1458e-02 1.9568e+00     57.335  42.772342    6.18019    35.2781    35.2793    27.3539    1486.91    1486.52 0.0000e+00
       1397     48.000     8.8914     8.8915   3.732875   3.733013     2.6408      59.55     0.0487 5.1450e-02 1.9436e+00     58.155  42.772351    6.17182    35.2780    35.2794    27.3538    1486.92    1486.53 0.0000e+00
       1413     49.000     8.8912     8.8913   3.732906   3.733031     2.6418      83.46     0.0503 5.1436e-02 1.0997e+00     58.849  42.772359    6.17126    35.2781    35.2793    27.3539    1486.94    1486.54 0.0000e+00
       1429     50.000     8.8919     8.8920   3.733007   3.733140     2.6389      37.45     0.0492 5.1466e-02 1.0459e+00     59.490  42.772367    6.16299    35.2780    35.2793    27.3537    1486.96    1486.55 0.0000e+00
       1444     51.000     8.8922     8.8924   3.733092   3.733246     2.6401      89.92     0.0511 5.1491e-02 1.9386e+00     60.107  42.772374    6.16576    35.2781    35.2795    27.3537    1486.98    1486.55 0.0000e+00
       1458     52.000     8.8934     8.8936   3.733287   3.733443     2.6384      98.85     0.0463 5.1437e-02 1.9439e+00     60.714  42.772381    6.15537    35.2784    35.2799    27.3538    1487.00    1486.56 0.0000e+00
       1473     53.000     8.8938     8.8938   3.733392   3.733514     2.6352      51.28     0.0432 5.1470e-02 1.9438e+00     61.314  42.772388    6.15545    35.2787    35.2800    27.3539    1487.01    1486.57 0.0000e+00
       1487     54.000     8.8939     8.8939   3.733447   3.733575     2.6378      88.29     0.0489 5.1447e-02 1.2956e+00     61.917  42.772395    6.17145    35.2787    35.2800    27.3539    1487.03    1486.58 0.0000e+00
       1507     55.000     8.8934     8.8933   3.733441   3.733549     2.6376      60.60     0.0505 5.1457e-02 1.7007e+00     62.747  42.772404    6.17603    35.2786    35.2799    27.3540    1487.05    1486.59 0.0000e+00
       1545     56.000     8.8930     8.8930   3.733442   3.733556     2.6392      79.87     0.0502 5.1443e-02 1.9511e+00     64.323  42.772423    6.17551    35.2786    35.2798    27.3540    1487.06    1486.60 0.0000e+00
       1577     57.000     8.8934     8.8936   3.733528   3.733683     2.6394      50.43     0.0525 5.1457e-02 1.9438e+00     65.672  42.772438    6.17646    35.2786    35.2800    27.3539    1487.08    1486.60 0.0000e+00
       1599     58.000     8.8934     8.8935   3.733577   3.733721     2.6399      98.58     0.0532 5.1464e-02 1.9438e+00     66.578  42.772449    6.17303    35.2786    35.2800    27.3540    1487.10    1486.61 0.0000e+00
       1617     59.000     8.8927     8.8929   3.733549   3.733680     2.6376      49.50     0.0511 5.1452e-02 -9.990e-29     67.329  42.772458    6.16660    35.2785    35.2797    27.3540    1487.11    1486.62 0.0000e+00
       1634     60.000     8.8929     8.8930   3.733608   3.733740     2.6386      76.43     0.0528 5.1452e-02 -9.990e-29     68.041  42.772466    6.16904    35.2785    35.2798    27.3539    1487.13    1486.63 0.0000e+00
       1653     61.000     8.8932     8.8931   3.733674   3.733795     2.6363      55.38     0.0526 5.1480e-02 -9.990e-29     68.823  42.772475    6.16722    35.2784    35.2798    27.3538    1487.14    1486.64 0.0000e+00
       1674     62.000     8.8930     8.8929   3.733705   3.733832     2.6372      98.05     0.0556 5.1464e-02 -9.990e-29     69.713  42.772485    6.17612    35.2784    35.2799    27.3539    1487.16    1486.65 0.0000e+00
       1696     63.000     8.8929     8.8928   3.733734   3.733849     2.6377      98.86     0.0578 5.1445e-02 -9.990e-29     70.637  42.772496    6.17153    35.2784    35.2797    27.3538    1487.18    1486.66 0.0000e+00
       1720     64.000     8.8930     8.8928   3.733789   3.733888     2.6359      46.61     0.0535 5.1441e-02 -9.990e-29     71.614  42.772507    6.17317    35.2784    35.2796    27.3538    1487.19    1486.66 0.0000e+00
       1745     65.000     8.8938     8.8941   3.733918   3.734072     2.6381      97.79     0.0535 5.1461e-02 -9.990e-29     72.686  42.772520    6.18017    35.2784    35.2798    27.3538    1487.21    1486.67 0.0000e+00
       1773     66.000     8.8935     8.8935   3.733925   3.734066     2.6368      88.29     0.0539 5.1446e-02 -9.990e-29     73.816  42.772533    6.16495    35.2783    35.2798    27.3537    1487.23    1486.68 0.0000e+00
       1797     67.000     8.8935     8.8934   3.733978   3.734087     2.6351      54.25     0.0537 5.1498e-02 -9.990e-29     74.826  42.772544    6.17634    35.2784    35.2797    27.3538    1487.24    1486.69 0.0000e+00
       1817     68.000     8.8941     8.8941   3.734087   3.734200     2.6374      99.04     0.0533 5.1471e-02 -9.990e-29     75.670  42.772554    6.18373    35.2785    35.2797    27.3537    1487.26    1486.70 0.0000e+00
       1835     69.000     8.8943     8.8942   3.734149   3.734269     2.6373      98.86     0.0531 5.1486e-02 -9.990e-29     76.407  42.772563    6.17032    35.2784    35.2798    27.3537    1487.28    1486.71 0.0000e+00
       1851     70.000     8.8944     8.8942   3.734189   3.734303     2.6354      73.96     0.0566 5.1476e-02 -9.990e-29     77.080  42.772570    6.15659    35.2783    35.2797    27.3535    1487.30    1486.71 0.0000e+00
       1866     71.000     8.8950     8.8949   3.734321   3.734436     2.6320      35.12     0.0561 5.1466e-02 -9.990e-29     77.719  42.772578    6.15649    35.2786    35.2799    27.3537    1487.32    1486.72 0.0000e+00
       1881     72.000     8.8944     8.8944   3.734289   3.734410     2.6335      99.79     0.0529 5.1476e-02 -9.990e-29     78.342  42.772585    6.17452    35.2784    35.2797    27.3536    1487.33    1486.73 0.0000e+00
       1897     73.000     8.8938     8.8937   3.734245   3.734369     2.6337      98.86     0.0513 5.1463e-02 -9.990e-29     78.981  42.772592    6.17263    35.2780    35.2794    27.3534    1487.34    1486.74 0.0000e+00
       1913     74.000     8.8935     8.8935   3.734260   3.734383     2.6336      98.86     0.0513 5.1452e-02 -9.990e-29     79.669  42.772600    6.16509    35.2780    35.2793    27.3535    1487.36    1486.75 0.0000e+00
       1931     75.000     8.8934     8.8935   3.734291   3.734421     2.6316      33.97     0.0544 5.1456e-02 -9.990e-29     80.416  42.772609    6.16606    35.2780    35.2792    27.3534    1487.37    1486.76 0.0000e+00
