IBTS/IBTS_CruiseNotebook/Data/CTD/sta0026.cnv
* Sea-Bird SBE 9 Data File:
* FileName = C:\Seabird\CTDData\sta0026.hex
* Software Version Seasave V 7.21f
* Temperature SN = 2491
* Conductivity SN = 2694
* Number of Bytes Per Scan = 40
* Number of Voltage Words = 5
* Number of Scans Averaged by the Deck Unit = 1
* NMEA Latitude = 60 50.70 N
* NMEA Longitude = 000 47.68 E
* NMEA UTC (Time) = Feb 13 2020 16:11:03
* NMEA baud rate = 4800
** Ship: 10 F/F "G. O. Sars"
** Station: 0026
** Echodepth: 146
** Log: 8206.33
** Wind-Dir Force: 25 13
** Air-temp (dry): 5.2
** Weather Sky:
** Sea Ice:
# nquan = 20                                
# nvalues = 136                         
# units = specified
# name 0 = scan: Scan Count
# name 1 = prDM: Pressure, Digiquartz [db]
# name 2 = t068C: Temperature [ITS-68, deg C]
# name 3 = t168C: Temperature, 2 [ITS-68, deg C]
# name 4 = c0S/m: Conductivity [S/m]
# name 5 = c1S/m: Conductivity, 2 [S/m]
# name 6 = sbeox0V: Oxygen raw, SBE 43 [V]
# name 7 = altM: Altimeter [m]
# name 8 = flC: Fluorescence, Chelsea Aqua 3 Chl Con [ug/l]
# name 9 = par: PAR/Irradiance, Biospherical/Licor
# name 10 = spar: SPAR/Surface Irradiance
# name 11 = timeS: Time, Elapsed [seconds]
# name 12 = timeJ: Julian Days
# name 13 = sbeox0ML/L: Oxygen, SBE 43 [ml/l], WS = 2
# name 14 = sal00: Salinity, Practical [PSU]
# name 15 = sal11: Salinity, Practical, 2 [PSU]
# name 16 = sigma-t00: Density [sigma-t, Kg/m^3 ]
# name 17 = svCM: Sound Velocity [Chen-Millero, m/s]
# name 18 = avgsvCM: Average Sound Velocity [Chen-Millero, m/s], minP = 1, minS = 5
# name 19 = flag: flag
# span 0 =        181,       3355       
# span 1 =      3.000,    138.000       
# span 2 =     8.8758,     8.9052       
# span 3 =     8.8758,     8.9094       
# span 4 =   3.732796,   3.738343       
# span 5 =   3.733049,   3.738503       
# span 6 =     2.6115,     2.6459       
# span 7 =       1.10,     100.40       
# span 8 =     0.0751,     0.1052       
# span 9 = 5.1426e-02, 1.2645e+01       
# span 10 = 2.7209e+01, 3.1114e+01      
# span 11 =      7.495,    139.745      
# span 12 =  44.674462,  44.675992      
# span 13 =    6.11490,    6.18196      
# span 14 =    35.2882,    35.3028      
# span 15 =    35.2899,    35.3044      
# span 16 =    27.3598,    27.3755      
# span 17 =    1486.25,    1488.40      
# span 18 =    1486.25,    1487.29      
# span 19 = 0.0000e+00, 0.0000e+00      
# interval = decibars: 1                
# start_time = Feb 13 2020 16:11:06 [System UTC, header]
# bad_flag = -9.990e-29
*END*
[from data line 73]
       1997     76.000     8.8789     8.8780   3.734833   3.734903     2.6282      71.86     0.0898 7.6329e-02 -9.990e-29     83.186  44.675338    6.14956    35.2976    35.2992    27.3712    1487.36    1486.81 0.0000e+00
       2012     77.000     8.8758     8.8758   3.734994   3.735124     2.6275      70.82     0.0887 7.0264e-02 -9.990e-29     83.794  44.675345    6.15486    35.3019    35.3033    27.3750    1487.37    1486.82 0.0000e+00
       2027     78.000     8.8759     8.8760   3.735072   3.735220     2.6274      69.82     0.0870 6.7711e-02 -9.990e-29     84.406  44.675352    6.15963    35.3021    35.3036    27.3752    1487.39    1486.83 0.0000e+00
       2045     79.000     8.8763     8.8762   3.735168   3.735328     2.6279      68.66     0.0837 6.2207e-02 -9.990e-29     85.185  44.675361    6.16753    35.3023    35.3041    27.3752    1487.41    1486.84 0.0000e+00
       2125     80.000     8.8773     8.8782   3.735199   3.735406     2.6324      66.92     0.0775 5.4310e-02 2.8274e+01     88.486  44.675399    6.17981    35.3011    35.3024    27.3742    1487.43    1486.84 0.0000e+00
       2164     81.000     8.8764     8.8770   3.735279   3.735450     2.6340      66.29     0.0791 5.3060e-02 2.7483e+01     90.115  44.675418    6.18196    35.3024    35.3036    27.3753    1487.44    1486.85 0.0000e+00
       2181     82.000     8.8766     8.8767   3.735355   3.735529     2.6338      65.61     0.0786 5.1854e-02 2.7549e+01     90.837  44.675426    6.17555    35.3025    35.3042    27.3754    1487.46    1486.86 0.0000e+00
       2197     83.000     8.8767     8.8767   3.735414   3.735580     2.6327      64.69     0.0780 5.1457e-02 2.7776e+01     91.516  44.675434    6.16695    35.3025    35.3043    27.3754    1487.47    1486.86 0.0000e+00
       2213     84.000     8.8769     8.8770   3.735478   3.735644     2.6307      63.87     0.0770 5.1472e-02 2.8892e+01     92.155  44.675442    6.15988    35.3025    35.3042    27.3754    1487.49    1486.87 0.0000e+00
       2228     85.000     8.8768     8.8768   3.735521   3.735678     2.6293      62.84     0.0768 5.1439e-02 2.8739e+01     92.772  44.675449    6.16082    35.3026    35.3043    27.3754    1487.51    1486.88 0.0000e+00
       2242     86.000     8.8769     8.8769   3.735570   3.735726     2.6287      61.88     0.0774 5.1447e-02 2.8510e+01     93.376  44.675456    6.16574    35.3025    35.3042    27.3754    1487.52    1486.89 0.0000e+00
       2256     87.000     8.8767     8.8766   3.735612   3.735743     2.6287      60.96     0.0774 5.1449e-02 2.9156e+01     93.978  44.675463    6.17025    35.3027    35.3042    27.3755    1487.54    1486.89 0.0000e+00
       2271     88.000     8.8770     8.8768   3.735681   3.735813     2.6288      59.84     0.0751 5.1481e-02 2.9157e+01     94.575  44.675470    6.16974    35.3026    35.3042    27.3754    1487.56    1486.90 0.0000e+00
       2285     89.000     8.8769     8.8764   3.735705   3.735813     2.6287      59.00     0.0762 5.1456e-02 2.8504e+01     95.172  44.675477    6.16616    35.3025    35.3042    27.3753    1487.57    1486.91 0.0000e+00
       2300     90.000     8.8767     8.8766   3.735725   3.735882     2.6276      57.92     0.0764 5.1447e-02 2.8637e+01     95.783  44.675484    6.16126    35.3025    35.3042    27.3753    1487.59    1486.92 0.0000e+00
       2328     91.000     8.8766     8.8765   3.735758   3.735895     2.6270      56.36     0.0783 5.1455e-02 2.9074e+01     96.949  44.675497    6.17049    35.3024    35.3040    27.3753    1487.61    1486.92 0.0000e+00
       2368     92.000     8.8768     8.8765   3.735827   3.735951     2.6294      55.05     0.0776 5.1465e-02 2.7414e+01     98.611  44.675516    6.18019    35.3025    35.3041    27.3753    1487.62    1486.93 0.0000e+00
       2392     93.000     8.8769     8.8769   3.735897   3.736035     2.6292      54.42     0.0803 5.1473e-02 2.7209e+01     99.640  44.675528    6.17328    35.3026    35.3041    27.3754    1487.64    1486.94 0.0000e+00
       2411     94.000     8.8774     8.8774   3.736008   3.736141     2.6289      53.64     0.0788 5.1461e-02 -9.990e-29    100.405  44.675537    6.17628    35.3028    35.3042    27.3755    1487.66    1486.95 0.0000e+00
       2427     95.000     8.8777     8.8777   3.736071   3.736227     2.6292      52.22     0.0826 5.1472e-02 -9.990e-29    101.090  44.675545    6.17948    35.3027    35.3043    27.3753    1487.68    1486.96 0.0000e+00
       2445     96.000     8.8777     8.8776   3.736105   3.736258     2.6295      51.47     0.0817 5.1464e-02 -9.990e-29    101.814  44.675553    6.17684    35.3026    35.3043    27.3753    1487.69    1486.96 0.0000e+00
       2468     97.000     8.8772     8.8772   3.736115   3.736266     2.6284      50.46     0.0797 5.1450e-02 -9.990e-29    102.793  44.675565    6.17031    35.3027    35.3043    27.3754    1487.71    1486.97 0.0000e+00
       2494     98.000     8.8779     8.8780   3.736223   3.736383     2.6271      49.41     0.0814 5.1448e-02 -9.990e-29    103.879  44.675577    6.16863    35.3027    35.3042    27.3753    1487.73    1486.98 0.0000e+00
       2515     99.000     8.8775     8.8776   3.736225   3.736390     2.6266      48.51     0.0786 5.1467e-02 -9.990e-29    104.752  44.675587    6.17251    35.3026    35.3042    27.3753    1487.74    1486.99 0.0000e+00
       2532    100.000     8.8777     8.8778   3.736288   3.736462     2.6268      47.63     0.0787 5.1426e-02 -9.990e-29    105.470  44.675596    6.17392    35.3026    35.3043    27.3753    1487.76    1486.99 0.0000e+00
       2548    101.000     8.8776     8.8776   3.736313   3.736479     2.6266      46.72     0.0799 5.1437e-02 -9.990e-29    106.122  44.675603    6.17000    35.3025    35.3042    27.3752    1487.77    1487.00 0.0000e+00
       2563    102.000     8.8776     8.8776   3.736369   3.736524     2.6258      45.78     0.0802 5.1456e-02 -9.990e-29    106.742  44.675610    6.16491    35.3026    35.3042    27.3753    1487.79    1487.01 0.0000e+00
       2577    103.000     8.8776     8.8775   3.736410   3.736566     2.6245      44.83     0.0783 5.1449e-02 -9.990e-29    107.346  44.675617    6.16280    35.3025    35.3043    27.3752    1487.81    1487.02 0.0000e+00
       2593    104.000     8.8772     8.8771   3.736420   3.736574     2.6241      43.78     0.0776 5.1474e-02 -9.990e-29    108.010  44.675625    6.16708    35.3025    35.3043    27.3753    1487.82    1487.02 0.0000e+00
       2617    105.000     8.8769     8.8770   3.736440   3.736597     2.6240      42.48     0.0777 5.1453e-02 2.7213e+01    108.984  44.675636    6.17088    35.3026    35.3041    27.3754    1487.84    1487.03 0.0000e+00
       2647    106.000     8.8770     8.8771   3.736504   3.736666     2.6249      41.29     0.0780 5.1467e-02 2.7213e+01    110.271  44.675651    6.18019    35.3027    35.3043    27.3754    1487.85    1487.04 0.0000e+00
       2675    107.000     8.8773     8.8773   3.736578   3.736735     2.6264      40.38     0.0830 5.1466e-02 2.7213e+01    111.413  44.675665    6.18054    35.3027    35.3043    27.3754    1487.87    1487.05 0.0000e+00
       2696    108.000     8.8775     8.8776   3.736641   3.736797     2.6260      39.54     0.0837 5.1454e-02 2.7213e+01    112.289  44.675675    6.17528    35.3027    35.3042    27.3753    1487.89    1487.06 0.0000e+00
       2715    109.000     8.8776     8.8777   3.736701   3.736858     2.6256      38.67     0.0826 5.1442e-02 -9.990e-29    113.069  44.675684    6.17180    35.3027    35.3043    27.3754    1487.91    1487.06 0.0000e+00
       2734    110.000     8.8777     8.8777   3.736745   3.736907     2.6241      37.69     0.0805 5.1460e-02 -9.990e-29    113.879  44.675693    6.16798    35.3026    35.3043    27.3753    1487.92    1487.07 0.0000e+00
       2757    111.000     8.8774     8.8774   3.736766   3.736918     2.6234      36.60     0.0806 5.1459e-02 -9.990e-29    114.834  44.675704    6.16891    35.3026    35.3042    27.3753    1487.94    1487.08 0.0000e+00
       2784    112.000     8.8775     8.8775   3.736813   3.736971     2.6225      35.51     0.0820 5.1438e-02 -9.990e-29    115.967  44.675717    6.16981    35.3025    35.3042    27.3753    1487.95    1487.09 0.0000e+00
       2811    113.000     8.8778     8.8777   3.736886   3.737045     2.6230      34.49     0.0780 5.1461e-02 -9.990e-29    117.085  44.675730    6.17567    35.3025    35.3043    27.3752    1487.97    1487.09 0.0000e+00
       2833    114.000     8.8780     8.8780   3.736952   3.737110     2.6232      33.59     0.0772 5.1447e-02 -9.990e-29    118.004  44.675741    6.17400    35.3025    35.3042    27.3752    1487.99    1487.10 0.0000e+00
       2851    115.000     8.8782     8.8783   3.737015   3.737178     2.6228      32.71     0.0788 5.1444e-02 -9.990e-29    118.758  44.675749    6.17277    35.3025    35.3042    27.3751    1488.01    1487.11 0.0000e+00
       2867    116.000     8.8784     8.8784   3.737072   3.737239     2.6228      31.84     0.0781 5.1447e-02 -9.990e-29    119.418  44.675757    6.17250    35.3025    35.3042    27.3750    1488.02    1487.12 0.0000e+00
       2882    117.000     8.8785     8.8786   3.737130   3.737293     2.6222      30.92     0.0785 5.1457e-02 -9.990e-29    120.048  44.675764    6.16757    35.3025    35.3041    27.3751    1488.04    1487.13 0.0000e+00
       2898    118.000     8.8784     8.8785   3.737182   3.737340     2.6211      29.94     0.0782 5.1469e-02 -9.990e-29    120.699  44.675772    6.16114    35.3027    35.3042    27.3752    1488.06    1487.13 0.0000e+00
       2916    119.000     8.8785     8.8786   3.737237   3.737393     2.6193      28.87     0.0783 5.1476e-02 -9.990e-29    121.448  44.675781    6.15592    35.3027    35.3042    27.3752    1488.07    1487.14 0.0000e+00
       2938    120.000     8.8784     8.8785   3.737274   3.737429     2.6174      27.70     0.0782 5.1455e-02 -9.990e-29    122.384  44.675791    6.15675    35.3027    35.3042    27.3752    1488.09    1487.15 0.0000e+00
       2963    121.000     8.8786     8.8786   3.737344   3.737489     2.6176      26.62     0.0764 5.1447e-02 -9.990e-29    123.429  44.675804    6.16653    35.3027    35.3042    27.3752    1488.11    1487.16 0.0000e+00
       2989    122.000     8.8788     8.8788   3.737401   3.737555     2.6180      25.59     0.0755 5.1459e-02 2.7213e+01    124.507  44.675816    6.16933    35.3026    35.3043    27.3751    1488.12    1487.17 0.0000e+00
       3019    123.000     8.8787     8.8788   3.737438   3.737592     2.6191      24.51     0.0775 5.1450e-02 2.7213e+01    125.760  44.675831    6.17164    35.3027    35.3042    27.3752    1488.14    1487.17 0.0000e+00
       3051    124.000     8.8789     8.8790   3.737502   3.737655     2.6192      23.49     0.0798 5.1460e-02 2.7213e+01    127.081  44.675846    6.16937    35.3026    35.3042    27.3751    1488.16    1487.18 0.0000e+00
       3075    125.000     8.8792     8.8794   3.737577   3.737738     2.6184      22.65     0.0825 5.1446e-02 2.7213e+01    128.067  44.675857    6.16571    35.3027    35.3042    27.3751    1488.18    1487.19 0.0000e+00
       3092    126.000     8.8795     8.8795   3.737640   3.737794     2.6181      21.83     0.0796 5.1454e-02 2.7213e+01    128.797  44.675866    6.16916    35.3025    35.3042    27.3749    1488.19    1487.20 0.0000e+00
       3107    127.000     8.8798     8.8798   3.737721   3.737880     2.6183      20.99     0.0817 5.1447e-02 2.7213e+01    129.430  44.675873    6.17019    35.3026    35.3043    27.3750    1488.21    1487.21 0.0000e+00
       3122    128.000     8.8800     8.8801   3.737793   3.737948     2.6182      20.12     0.0813 5.1466e-02 2.7213e+01    130.046  44.675880    6.16875    35.3027    35.3042    27.3750    1488.23    1487.21 0.0000e+00
       3137    129.000     8.8804     8.8805   3.737873   3.738036     2.6179      19.18     0.0807 5.1438e-02 2.7213e+01    130.652  44.675887    6.16563    35.3027    35.3043    27.3749    1488.25    1487.22 0.0000e+00
       3151    130.000     8.8803     8.8804   3.737914   3.738060     2.6169      18.22     0.0821 5.1447e-02 2.7213e+01    131.261  44.675894    6.16199    35.3027    35.3042    27.3749    1488.26    1487.23 0.0000e+00
       3166    131.000     8.8803     8.8804   3.737958   3.738114     2.6160      17.23     0.0802 5.1463e-02 2.7213e+01    131.886  44.675901    6.16318    35.3027    35.3042    27.3749    1488.28    1487.24 0.0000e+00
       3223    132.000     8.8805     8.8805   3.737998   3.738147     2.6148      15.48     0.0767 5.1455e-02 2.7213e+01    134.230  44.675929    6.16521    35.3024    35.3040    27.3747    1488.29    1487.25 0.0000e+00
       3254    133.000     8.8806     8.8806   3.738056   3.738234     2.6145      14.75     0.0776 5.1448e-02 -9.990e-29    135.556  44.675944    6.16224    35.3025    35.3043    27.3747    1488.31    1487.25 0.0000e+00
       3271    134.000     8.8806     8.8807   3.738102   3.738281     2.6144      14.00     0.0807 5.1445e-02 -9.990e-29    136.234  44.675952    6.16096    35.3025    35.3043    27.3747    1488.33    1487.26 0.0000e+00
       3287    135.000     8.8808     8.8810   3.738165   3.738350     2.6136      13.13     0.0820 5.1472e-02 -9.990e-29    136.897  44.675960    6.15666    35.3025    35.3042    27.3747    1488.35    1487.27 0.0000e+00
       3302    136.000     8.8810     8.8810   3.738246   3.738409     2.6128      12.16     0.0824 5.1457e-02 -9.990e-29    137.543  44.675967    6.15434    35.3026    35.3044    27.3748    1488.36    1487.28 0.0000e+00
       3317    137.000     8.8811     8.8812   3.738298   3.738462     2.6118      11.18     0.0829 5.1447e-02 -9.990e-29    138.164  44.675974    6.15282    35.3026    35.3042    27.3747    1488.38    1487.29 0.0000e+00
       3355    138.000     8.8811     8.8811   3.738343   3.738503     2.6115      10.10     0.0821 5.1457e-02 2.7213e+01    139.745  44.675992    6.15128    35.3026    35.3043    27.3747    1488.40    1487.29 0.0000e+00
