IBTS/IBTS_CruiseNotebook/Data/CTD/sta0035.cnv
* Sea-Bird SBE 9 Data File:
* FileName = C:\Seabird\CTDData\sta0035.hex
* Software Version Seasave V 7.21f
* Temperature SN = 2491
* Conductivity SN = 2694
* Number of Bytes Per Scan = 40
* Number of Voltage Words = 5
* Number of Scans Averaged by the Deck Unit = 1
* NMEA Latitude = 60 22.44 N
* NMEA Longitude = 000 32.58 W
* NMEA UTC (Time) = Feb 18 2020 01:30:50
* NMEA baud rate = 4800
** Ship: 10 F/F "G. O. Sars"
** Station: 0035
** Echodepth: 133
** Log: 8524.5
** Wind-Dir Force: 25 30
** Air-temp (dry): 7.0
** Weather Sky:
** Sea Ice:
# nquan = 20                                
# nvalues = 123                         
# units = specified
# name 0 = scan: Scan Count
# name 1 = prDM: Pressure, Digiquartz [db]
# name 2 = t068C: Temperature [ITS-68, deg C]
# name 3 = t168C: Temperature, 2 [ITS-68, deg C]
# name 4 = c0S/m: Conductivity [S/m]
# name 5 = c1S/m: Conductivity, 2 [S/m]
# name 6 = sbeox0V: Oxygen raw, SBE 43 [V]
# name 7 = altM: Altimeter [m]
# name 8 = flC: Fluorescence, Chelsea Aqua 3 Chl Con [ug/l]
# name 9 = par: PAR/Irradiance, Biospherical/Licor
# name 10 = spar: SPAR/Surface Irradiance
# name 11 = timeS: Time, Elapsed [seconds]
# name 12 = timeJ: Julian Days
# name 13 = sbeox0ML/L: Oxygen, SBE 43 [ml/l], WS = 2
# name 14 = sal00: Salinity, Practical [PSU]
# name 15 = sal11: Salinity, Practical, 2 [PSU]
# name 16 = sigma-t00: Density [sigma-t, Kg/m^3 ]
# name 17 = svCM: Sound Velocity [Chen-Millero, m/s]
# name 18 = avgsvCM: Average Sound Velocity [Chen-Millero, m/s], minP = 1, minS = 5
# name 19 = flag: flag
# span 0 =        107,       3134       
# span 1 =      3.000,    125.000       
# span 2 =     8.5008,     8.5332       
# span 3 =     8.5007,     8.5332       
# span 4 =   3.687034,   3.695227       
# span 5 =   3.687156,   3.695321       
# span 6 =     2.6058,     2.6390       
# span 7 =       1.49,     102.70       
# span 8 =     0.1086,     0.1292       
# span 9 = 5.1418e-02, 1.3000e+00       
# span 10 = 7.1916e-01, 1.9450e+00      
# span 11 =      4.428,    130.530      
# span 12 =  49.063153,  49.064613      
# span 13 =    6.16924,    6.21125      
# span 14 =    35.1921,    35.1999      
# span 15 =    35.1926,    35.2008      
# span 16 =    27.3478,    27.3518      
# span 17 =    1484.67,    1486.77      
# span 18 =    1484.67,    1485.67      
# span 19 = 0.0000e+00, 0.0000e+00      
# interval = decibars: 1                
# start_time = Feb 18 2020 01:30:52 [System UTC, header]
# bad_flag = -9.990e-29
*END*
[from data line 73]
       2025     76.000     8.5026     8.5024   3.689414   3.689464     2.6214      57.97     0.1193 5.1438e-02 -9.990e-29     84.314  49.064078    6.19261    35.1921    35.1928    27.3480    1485.84    1485.24 0.0000e+00
       2039     77.000     8.5037     8.5040   3.689587   3.689696     2.6207      56.94     0.1184 5.1439e-02 -9.990e-29     84.931  49.064085    6.18995    35.1924    35.1932    27.3480    1485.86    1485.25 0.0000e+00
       2054     78.000     8.5042     8.5036   3.689689   3.689698     2.6197      55.92     0.1199 5.1437e-02 -9.990e-29     85.545  49.064092    6.18773    35.1925    35.1931    27.3480    1485.88    1485.26 0.0000e+00
       2069     79.000     8.5044     8.5036   3.689754   3.689744     2.6192      54.94     0.1201 5.1428e-02 -9.990e-29     86.160  49.064099    6.18627    35.1925    35.1931    27.3480    1485.89    1485.26 0.0000e+00
       2088     80.000     8.5038     8.5035   3.689717   3.689750     2.6178      53.73     0.1202 5.1442e-02 -9.990e-29     86.949  49.064108    6.18531    35.1922    35.1928    27.3479    1485.91    1485.27 0.0000e+00
       2128     81.000     8.5035     8.5030   3.689729   3.689731     2.6177      52.24     0.1196 5.1434e-02 -9.990e-29     88.616  49.064127    6.19505    35.1921    35.1926    27.3479    1485.92    1485.28 0.0000e+00
       2163     82.000     8.5044     8.5044   3.689863   3.689948     2.6197      51.36     0.1195 5.1445e-02 -9.990e-29     90.075  49.064144    6.20534    35.1922    35.1931    27.3478    1485.94    1485.29 0.0000e+00
       2184     83.000     8.5055     8.5052   3.690035   3.690088     2.6204      50.54     0.1182 5.1456e-02 -9.990e-29     90.979  49.064155    6.20102    35.1924    35.1933    27.3478    1485.96    1485.30 0.0000e+00
       2202     84.000     8.5054     8.5064   3.690069   3.690282     2.6203      49.70     0.1129 5.1436e-02 -9.990e-29     91.691  49.064163    6.19655    35.1924    35.1936    27.3478    1485.98    1485.30 0.0000e+00
       2217     85.000     8.5073     8.5079   3.690339   3.690504     2.6194      48.84     0.1151 5.1437e-02 -9.990e-29     92.324  49.064170    6.18986    35.1929    35.1940    27.3479    1486.00    1485.31 0.0000e+00
       2232     86.000     8.5093     8.5072   3.690642   3.690441     2.6182      48.10     0.1189 5.1428e-02 -9.990e-29     92.951  49.064178    6.18315    35.1936    35.1936    27.3481    1486.03    1485.32 0.0000e+00
       2247     87.000     8.5136     8.5121   3.691203   3.691100     2.6163      47.14     0.1206 5.1456e-02 -9.990e-29     93.568  49.064185    6.17822    35.1948    35.1952    27.3484    1486.06    1485.33 0.0000e+00
       2262     88.000     8.5163     8.5168   3.691581   3.691711     2.6152      46.21     0.1234 5.1439e-02 -9.990e-29     94.190  49.064192    6.17915    35.1956    35.1965    27.3486    1486.09    1485.34 0.0000e+00
       2276     89.000     8.5180     8.5180   3.691828   3.691921     2.6145      45.28     0.1233 5.1427e-02 -9.990e-29     94.806  49.064199    6.18171    35.1961    35.1971    27.3487    1486.11    1485.35 0.0000e+00
       2307     90.000     8.5175     8.5183   3.691810   3.691996     2.6148      43.67     0.1230 5.1451e-02 -9.990e-29     96.091  49.064214    6.19261    35.1959    35.1971    27.3486    1486.13    1485.36 0.0000e+00
       2347     91.000     8.5171     8.5187   3.691805   3.692095     2.6175      42.50     0.1237 5.1443e-02 -9.990e-29     97.746  49.064233    6.20496    35.1958    35.1972    27.3486    1486.14    1485.36 0.0000e+00
       2371     92.000     8.5188     8.5188   3.692077   3.692168     2.6186      41.75     0.1236 5.1438e-02 -9.990e-29     98.748  49.064245    6.20118    35.1965    35.1974    27.3489    1486.17    1485.37 0.0000e+00
       2390     93.000     8.5205     8.5201   3.692290   3.692375     2.6181      40.87     0.1207 5.1458e-02 -9.990e-29     99.548  49.064254    6.19623    35.1965    35.1978    27.3487    1486.19    1485.38 0.0000e+00
       2408     94.000     8.5155     8.5146   3.691756   3.691730     2.6179      39.91     0.1204 5.1473e-02 -9.990e-29    100.279  49.064263    6.19399    35.1954    35.1960    27.3485    1486.19    1485.39 0.0000e+00
       2424     95.000     8.5224     8.5218   3.692643   3.692615     2.6164      38.98     0.1193 5.1454e-02 -9.990e-29    100.953  49.064270    6.18935    35.1974    35.1977    27.3491    1486.23    1485.40 0.0000e+00
       2440     96.000     8.5241     8.5245   3.692861   3.692985     2.6161      38.02     0.1198 5.1426e-02 -9.990e-29    101.629  49.064278    6.19435    35.1976    35.1985    27.3489    1486.25    1485.41 0.0000e+00
       2457     97.000     8.5251     8.5250   3.693044   3.693115     2.6164      36.99     0.1204 5.1466e-02 -9.990e-29    102.345  49.064286    6.19542    35.1980    35.1989    27.3491    1486.27    1485.42 0.0000e+00
       2475     98.000     8.5244     8.5244   3.693009   3.693107     2.6158      35.94     0.1190 5.1442e-02 -9.990e-29    103.100  49.064295    6.18875    35.1979    35.1989    27.3491    1486.29    1485.43 0.0000e+00
       2493     99.000     8.5248     8.5251   3.693104   3.693200     2.6145      34.91     0.1181 5.1434e-02 -9.990e-29    103.849  49.064304    6.18300    35.1980    35.1987    27.3491    1486.31    1485.43 0.0000e+00
       2512    100.000     8.5246     8.5245   3.693122   3.693205     2.6129      33.89     0.1177 5.1442e-02 -9.990e-29    104.615  49.064313    6.18121    35.1979    35.1989    27.3491    1486.32    1485.44 0.0000e+00
       2530    101.000     8.5243     8.5242   3.693143   3.693204     2.6122      32.88     0.1166 5.1418e-02 -9.990e-29    105.378  49.064322    6.18174    35.1979    35.1987    27.3492    1486.34    1485.45 0.0000e+00
       2550    102.000     8.5247     8.5245   3.693243   3.693298     2.6111      31.99     0.1165 5.1438e-02 -9.990e-29    106.193  49.064331    6.17351    35.1981    35.1989    27.3493    1486.35    1485.46 0.0000e+00
       2579    103.000     8.5250     8.5250   3.693295   3.693401     2.6093      30.63     0.1204 5.1446e-02 -9.990e-29    107.419  49.064345    6.18170    35.1979    35.1990    27.3490    1486.37    1485.47 0.0000e+00
       2628    104.000     8.5247     8.5250   3.693282   3.693431     2.6113      29.36     0.1217 5.1435e-02 -9.990e-29    109.477  49.064369    6.18876    35.1976    35.1988    27.3488    1486.39    1485.48 0.0000e+00
       2656    105.000     8.5252     8.5253   3.693407   3.693517     2.6106      28.68     0.1213 5.1455e-02 -9.990e-29    110.609  49.064382    6.18320    35.1979    35.1990    27.3490    1486.41    1485.49 0.0000e+00
       2673    106.000     8.5259     8.5259   3.693527   3.693624     2.6104      27.91     0.1206 5.1445e-02 -9.990e-29    111.327  49.064390    6.18608    35.1980    35.1990    27.3490    1486.42    1485.50 0.0000e+00
       2688    107.000     8.5265     8.5264   3.693642   3.693734     2.6106      27.06     0.1201 5.1427e-02 -9.990e-29    111.971  49.064398    6.18635    35.1981    35.1992    27.3490    1486.44    1485.51 0.0000e+00
       2703    108.000     8.5268     8.5269   3.693739   3.693835     2.6103      26.15     0.1200 5.1418e-02 -9.990e-29    112.600  49.064405    6.18375    35.1984    35.1993    27.3491    1486.46    1485.51 0.0000e+00
       2719    109.000     8.5272     8.5269   3.693826   3.693884     2.6097      25.18     0.1193 5.1439e-02 -9.990e-29    113.230  49.064413    6.18055    35.1984    35.1993    27.3491    1486.48    1485.52 0.0000e+00
       2733    110.000     8.5273     8.5264   3.693886   3.693850     2.6091      24.21     0.1230 5.1437e-02 -9.990e-29    113.844  49.064419    6.17906    35.1985    35.1990    27.3491    1486.50    1485.53 0.0000e+00
       2748    111.000     8.5276     8.5269   3.693963   3.693956     2.6082      23.24     0.1249 5.1447e-02 -9.990e-29    114.462  49.064427    6.17654    35.1985    35.1991    27.3491    1486.51    1485.54 0.0000e+00
       2763    112.000     8.5283     8.5280   3.694098   3.694139     2.6075      22.23     0.1203 5.1428e-02 -9.990e-29    115.081  49.064434    6.17389    35.1988    35.1995    27.3492    1486.53    1485.55 0.0000e+00
       2795    113.000     8.5278     8.5281   3.694073   3.694189     2.6058      20.68     0.1235 5.1431e-02 -9.990e-29    116.427  49.064449    6.17597    35.1985    35.1995    27.3491    1486.55    1485.56 0.0000e+00
       2829    114.000     8.5290     8.5289   3.694290   3.694345     2.6065      19.69     0.1231 5.1424e-02 -9.990e-29    117.851  49.064466    6.18811    35.1991    35.1998    27.3494    1486.57    1485.57 0.0000e+00
       2849    115.000     8.5306     8.5307   3.694500   3.694617     2.6082      18.92     0.1211 5.1418e-02 -9.990e-29    118.647  49.064475    6.19137    35.1993    35.2004    27.3493    1486.59    1485.58 0.0000e+00
       2865    116.000     8.5306     8.5306   3.694526   3.694641     2.6082      18.05     0.1207 5.1427e-02 -9.990e-29    119.336  49.064483    6.18721    35.1991    35.2003    27.3491    1486.61    1485.59 0.0000e+00
       2880    117.000     8.5309     8.5308   3.694627   3.694691     2.6081      17.17     0.1201 5.1445e-02 -9.990e-29    119.977  49.064490    6.18529    35.1994    35.2002    27.3493    1486.63    1485.59 0.0000e+00
       2896    118.000     8.5315     8.5315   3.694761   3.694836     2.6077      16.18     0.1220 5.1436e-02 1.9438e+00    120.626  49.064498    6.18226    35.1997    35.2005    27.3494    1486.65    1485.60 0.0000e+00
       2914    119.000     8.5320     8.5318   3.694849   3.694921     2.6069      15.12     0.1204 5.1425e-02 1.9438e+00    121.389  49.064507    6.18115    35.1997    35.2006    27.3493    1486.66    1485.61 0.0000e+00
       2935    120.000     8.5322     8.5322   3.694918   3.695014     2.6064      14.03     0.1269 5.1446e-02 8.6076e-01    122.254  49.064517    6.18294    35.1997    35.2007    27.3493    1486.68    1485.62 0.0000e+00
       2955    121.000     8.5324     8.5323   3.694978   3.695071     2.6065      13.03     0.1292 5.1425e-02 1.9221e+00    123.095  49.064527    6.18726    35.1997    35.2008    27.3493    1486.70    1485.63 0.0000e+00
       2974    122.000     8.5326     8.5326   3.695066   3.695138     2.6069      12.08     0.1278 5.1442e-02 1.7245e+00    123.863  49.064535    6.18715    35.1999    35.2007    27.3494    1486.72    1485.64 0.0000e+00
       2991    123.000     8.5328     8.5326   3.695119   3.695191     2.6064      11.12     0.1267 5.1426e-02 1.0895e+00    124.594  49.064544    6.18307    35.1998    35.2008    27.3493    1486.73    1485.65 0.0000e+00
       3009    124.000     8.5325     8.5322   3.695118   3.695170     2.6058      10.13     0.1230 5.1418e-02 -9.990e-29    125.351  49.064553    6.18202    35.1996    35.2005    27.3492    1486.75    1485.66 0.0000e+00
       3134    125.000     8.5332     8.5332   3.695227   3.695321     2.6074       8.69     0.1222 5.1444e-02 -9.990e-29    130.530  49.064613    6.18786    35.1996    35.2006    27.3491    1486.77    1485.67 0.0000e+00
