IBTS/IBTS_CruiseNotebook/Data/CTD/sta0037.cnv
* Sea-Bird SBE 9 Data File:
* FileName = C:\Seabird\CTDData\sta0037.hex
* Software Version Seasave V 7.21f
* Temperature SN = 2491
* Conductivity SN = 2694
* Number of Bytes Per Scan = 40
* Number of Voltage Words = 5
* Number of Scans Averaged by the Deck Unit = 1
* NMEA Latitude = 60 09.13 N
* NMEA Longitude = 000 15.88 W
* NMEA UTC (Time) = Feb 18 2020 05:37:14
* NMEA baud rate = 4800
** Ship: 10 F/F "G. O. Sars"
** Station: 0037
** Echodepth: 131
** Log: 8542.60
** Wind-Dir Force: 25 33
** Air-temp (dry): 4.5
** Weather Sky:
** Sea Ice:
# nquan = 20                                
# nvalues = 118                         
# units = specified
# name 0 = scan: Scan Count
# name 1 = prDM: Pressure, Digiquartz [db]
# name 2 = t068C: Temperature [ITS-68, deg C]
# name 3 = t168C: Temperature, 2 [ITS-68, deg C]
# name 4 = c0S/m: Conductivity [S/m]
# name 5 = c1S/m: Conductivity, 2 [S/m]
# name 6 = sbeox0V: Oxygen raw, SBE 43 [V]
# name 7 = altM: Altimeter [m]
# name 8 = flC: Fluorescence, Chelsea Aqua 3 Chl Con [ug/l]
# name 9 = par: PAR/Irradiance, Biospherical/Licor
# name 10 = spar: SPAR/Surface Irradiance
# name 11 = timeS: Time, Elapsed [seconds]
# name 12 = timeJ: Julian Days
# name 13 = sbeox0ML/L: Oxygen, SBE 43 [ml/l], WS = 2
# name 14 = sal00: Salinity, Practical [PSU]
# name 15 = sal11: Salinity, Practical, 2 [PSU]
# name 16 = sigma-t00: Density [sigma-t, Kg/m^3 ]
# name 17 = svCM: Sound Velocity [Chen-Millero, m/s]
# name 18 = avgsvCM: Average Sound Velocity [Chen-Millero, m/s], minP = 1, minS = 5
# name 19 = flag: flag
# span 0 =       -126,       3189       
# span 1 =      6.000,    123.000       
# span 2 =     8.2366,     8.2507       
# span 3 =     8.2367,     8.2507       
# span 4 =   3.658080,   3.664429       
# span 5 =   3.658245,   3.664507       
# span 6 =     2.6130,     2.6475       
# span 7 =       8.62,     100.35       
# span 8 =     0.1074,     0.1243       
# span 9 = 5.1385e-02, 5.4579e-01       
# span 10 = 1.9438e+00, 1.9438e+00      
# span 11 =     -5.300,    132.822      
# span 12 =  49.234164,  49.235762      
# span 13 =    6.21993,    6.27312      
# span 14 =    35.1560,    35.1597      
# span 15 =    35.1570,    35.1606      
# span 16 =    27.3597,    27.3628      
# span 17 =    1483.65,    1485.60      
# span 18 =    1483.65,    1484.61      
# span 19 = 0.0000e+00, 0.0000e+00      
# interval = decibars: 1                
# start_time = Feb 18 2020 05:37:17 [System UTC, header]
# bad_flag = -9.990e-29
*END*
       -126      6.000     8.2366     8.2367   3.658080   3.658245     2.6361      38.86     0.1191 5.4579e-01 -9.990e-29     -5.300  49.234164    6.21993    35.1581    35.1598    27.3625    1483.65    1483.65 0.0000e+00
        207      7.000     8.2398     8.2397   3.658422   3.658618     2.6430      65.32     0.1121 4.0741e-01 -9.990e-29      8.567  49.234324    6.24650    35.1581    35.1603    27.3620    1483.68    1483.66 0.0000e+00
        540      8.000     8.2418     8.2422   3.658732   3.658892     2.6464      98.85     0.1163 3.4042e-01 -9.990e-29     22.475  49.234485    6.25175    35.1589    35.1602    27.3623    1483.71    1483.66 0.0000e+00
        573      9.000     8.2419     8.2421   3.658803   3.658941     2.6452      96.99     0.1157 2.5189e-01 -9.990e-29     23.832  49.234500    6.24901    35.1591    35.1604    27.3624    1483.72    1483.67 0.0000e+00
        641     10.000     8.2422     8.2423   3.658882   3.659012     2.6468      87.70     0.1166 1.8549e-01 -9.990e-29     26.667  49.234533    6.26634    35.1591    35.1604    27.3624    1483.74    1483.68 0.0000e+00
        679     11.000     8.2424     8.2425   3.658966   3.659092     2.6475      75.62     0.1115 1.6001e-01 -9.990e-29     28.253  49.234552    6.25824    35.1594    35.1606    27.3625    1483.76    1483.68 0.0000e+00
        701     12.000     8.2423     8.2427   3.659006   3.659139     2.6470      61.95     0.1089 1.1979e-01 -9.990e-29     29.156  49.234562    6.25842    35.1594    35.1604    27.3626    1483.77    1483.69 0.0000e+00
        718     13.000     8.2431     8.2434   3.659126   3.659252     2.6462      98.24     0.1127 9.7579e-02 -9.990e-29     29.883  49.234570    6.25109    35.1594    35.1604    27.3625    1483.79    1483.70 0.0000e+00
        734     14.000     8.2436     8.2436   3.659212   3.659326     2.6447      98.86     0.1144 8.7996e-02 -9.990e-29     30.557  49.234578    6.24128    35.1593    35.1605    27.3623    1483.81    1483.71 0.0000e+00
        750     15.000     8.2435     8.2435   3.659250   3.659345     2.6427      81.82     0.1130 6.8072e-02 -9.990e-29     31.228  49.234586    6.23656    35.1593    35.1603    27.3624    1483.83    1483.71 0.0000e+00
        767     16.000     8.2431     8.2434   3.659253   3.659372     2.6405      37.09     0.1123 6.5357e-02 -9.990e-29     31.926  49.234594    6.24823    35.1593    35.1602    27.3624    1483.84    1483.72 0.0000e+00
        784     17.000     8.2409     8.2418   3.659106   3.659292     2.6437     100.35     0.1125 5.5784e-02 -9.990e-29     32.642  49.234602    6.26642    35.1594    35.1605    27.3628    1483.85    1483.73 0.0000e+00
        801     18.000     8.2410     8.2412   3.659155   3.659265     2.6437      98.86     0.1146 5.1385e-02 -9.990e-29     33.343  49.234610    6.25297    35.1593    35.1603    27.3627    1483.87    1483.74 0.0000e+00
        819     19.000     8.2411     8.2413   3.659214   3.659328     2.6424      89.60     0.1166 5.1454e-02 -9.990e-29     34.086  49.234619    6.23912    35.1594    35.1604    27.3628    1483.88    1483.75 0.0000e+00
        849     20.000     8.2411     8.2412   3.659243   3.659349     2.6406      74.97     0.1158 5.1433e-02 -9.990e-29     35.338  49.234634    6.25096    35.1592    35.1602    27.3626    1483.90    1483.75 0.0000e+00
        898     21.000     8.2411     8.2413   3.659295   3.659403     2.6424      74.03     0.1096 5.1438e-02 -9.990e-29     37.388  49.234657    6.25792    35.1593    35.1602    27.3627    1483.92    1483.76 0.0000e+00
        922     22.000     8.2415     8.2417   3.659390   3.659498     2.6441      86.46     0.1103 5.1449e-02 -9.990e-29     38.391  49.234669    6.27204    35.1594    35.1604    27.3627    1483.93    1483.77 0.0000e+00
        939     23.000     8.2419     8.2419   3.659482   3.659561     2.6449      98.84     0.1095 5.1427e-02 -9.990e-29     39.103  49.234677    6.26804    35.1595    35.1603    27.3627    1483.95    1483.78 0.0000e+00
        955     24.000     8.2418     8.2418   3.659508   3.659611     2.6450      98.86     0.1116 5.1437e-02 -9.990e-29     39.745  49.234685    6.26279    35.1594    35.1605    27.3627    1483.97    1483.78 0.0000e+00
        970     25.000     8.2415     8.2416   3.659531   3.659644     2.6449      66.64     0.1137 5.1466e-02 -9.990e-29     40.377  49.234692    6.25911    35.1594    35.1605    27.3627    1483.98    1483.79 0.0000e+00
        985     26.000     8.2415     8.2417   3.659573   3.659692     2.6430      46.25     0.1124 5.1417e-02 -9.990e-29     41.007  49.234699    6.25700    35.1594    35.1605    27.3627    1484.00    1483.80 0.0000e+00
       1000     27.000     8.2415     8.2419   3.659616   3.659752     2.6438      99.69     0.1123 5.1447e-02 -9.990e-29     41.635  49.234706    6.26463    35.1594    35.1604    27.3627    1484.02    1483.81 0.0000e+00
       1019     28.000     8.2414     8.2414   3.659652   3.659745     2.6432      98.86     0.1074 5.1425e-02 -9.990e-29     42.403  49.234715    6.26076    35.1594    35.1604    27.3627    1484.03    1483.82 0.0000e+00
       1043     29.000     8.2417     8.2418   3.659740   3.659832     2.6432      98.87     0.1077 5.1437e-02 -9.990e-29     43.415  49.234727    6.26906    35.1595    35.1604    27.3628    1484.05    1483.82 0.0000e+00
       1064     30.000     8.2420     8.2419   3.659817   3.659887     2.6447      98.87     0.1075 5.1418e-02 -9.990e-29     44.279  49.234737    6.27312    35.1595    35.1604    27.3628    1484.07    1483.83 0.0000e+00
       1082     31.000     8.2418     8.2418   3.659830   3.659925     2.6446      98.86     0.1084 5.1418e-02 -9.990e-29     45.022  49.234746    6.26674    35.1594    35.1604    27.3627    1484.08    1483.84 0.0000e+00
       1100     32.000     8.2430     8.2434   3.659988   3.660104     2.6439      98.81     0.1095 5.1450e-02 -9.990e-29     45.785  49.234754    6.26230    35.1594    35.1602    27.3625    1484.10    1483.85 0.0000e+00
       1128     33.000     8.2439     8.2438   3.660111   3.660188     2.6426      98.20     0.1125 5.1427e-02 -9.990e-29     46.977  49.234768    6.26207    35.1593    35.1602    27.3623    1484.12    1483.86 0.0000e+00
       1168     34.000     8.2448     8.2442   3.660244   3.660266     2.6425      97.38     0.1127 5.1442e-02 -9.990e-29     48.618  49.234787    6.26616    35.1593    35.1602    27.3622    1484.14    1483.87 0.0000e+00
       1192     35.000     8.2481     8.2484   3.660631   3.660719     2.6426      96.77     0.1127 5.1433e-02 -9.990e-29     49.615  49.234799    6.27008    35.1597    35.1603    27.3619    1484.17    1483.87 0.0000e+00
       1209     36.000     8.2476     8.2483   3.660610   3.660754     2.6436      96.04     0.1095 5.1426e-02 -9.990e-29     50.339  49.234807    6.27260    35.1595    35.1603    27.3618    1484.19    1483.88 0.0000e+00
       1225     37.000     8.2469     8.2477   3.660572   3.660725     2.6435      95.08     0.1096 5.1447e-02 -9.990e-29     50.988  49.234815    6.26772    35.1593    35.1601    27.3618    1484.20    1483.89 0.0000e+00
       1240     38.000     8.2463     8.2463   3.660542   3.660628     2.6429      94.10     0.1127 5.1457e-02 -9.990e-29     51.628  49.234822    6.26425    35.1591    35.1600    27.3617    1484.22    1483.90 0.0000e+00
       1255     39.000     8.2461     8.2462   3.660573   3.660663     2.6423      93.50     0.1129 5.1427e-02 -9.990e-29     52.260  49.234829    6.26350    35.1591    35.1600    27.3618    1484.23    1483.91 0.0000e+00
       1270     40.000     8.2465     8.2465   3.660654   3.660748     2.6417      97.54     0.1136 5.1428e-02 -9.990e-29     52.888  49.234837    6.26294    35.1591    35.1601    27.3617    1484.25    1483.92 0.0000e+00
       1286     41.000     8.2465     8.2466   3.660704   3.660796     2.6410      98.56     0.1152 5.1426e-02 -9.990e-29     53.545  49.234844    6.25950    35.1591    35.1600    27.3617    1484.27    1483.93 0.0000e+00
       1309     42.000     8.2463     8.2462   3.660731   3.660807     2.6399      89.62     0.1145 5.1428e-02 -9.990e-29     54.487  49.234855    6.26208    35.1591    35.1600    27.3618    1484.28    1483.93 0.0000e+00
       1342     43.000     8.2475     8.2474   3.660900   3.660962     2.6409      88.45     0.1138 5.1437e-02 -9.990e-29     55.889  49.234871    6.27280    35.1593    35.1600    27.3617    1484.30    1483.94 0.0000e+00
       1377     44.000     8.2477     8.2479   3.660963   3.661067     2.6420      87.48     0.1175 5.1428e-02 -9.990e-29     57.321  49.234888    6.27162    35.1592    35.1601    27.3616    1484.32    1483.95 0.0000e+00
       1400     45.000     8.2468     8.2470   3.660934   3.661041     2.6416      86.66     0.1177 5.1425e-02 -9.990e-29     58.306  49.234899    6.26439    35.1593    35.1603    27.3619    1484.33    1483.96 0.0000e+00
       1418     46.000     8.2469     8.2471   3.660995   3.661110     2.6400      85.85     0.1158 5.1435e-02 -9.990e-29     59.047  49.234908    6.25818    35.1594    35.1604    27.3619    1484.35    1483.97 0.0000e+00
       1434     47.000     8.2471     8.2474   3.661067   3.661168     2.6389      84.92     0.1174 5.1428e-02 -9.990e-29     59.711  49.234916    6.25765    35.1595    35.1603    27.3619    1484.37    1483.98 0.0000e+00
       1449     48.000     8.2469     8.2470   3.661026   3.661172     2.6382      83.94     0.1184 5.1437e-02 -9.990e-29     60.338  49.234923    6.25686    35.1588    35.1602    27.3614    1484.38    1483.99 0.0000e+00
       1464     49.000     8.2469     8.2472   3.661060   3.661182     2.6375      83.08     0.1193 5.1447e-02 -9.990e-29     60.945  49.234930    6.25396    35.1586    35.1596    27.3613    1484.40    1483.99 0.0000e+00
       1478     50.000     8.2489     8.2492   3.661360   3.661459     2.6363      82.06     0.1182 5.1439e-02 -9.990e-29     61.561  49.234937    6.25029    35.1593    35.1601    27.3615    1484.42    1484.00 0.0000e+00
       1493     51.000     8.2495     8.2495   3.661467   3.661550     2.6351      81.03     0.1178 5.1454e-02 -9.990e-29     62.181  49.234944    6.25112    35.1594    35.1603    27.3615    1484.44    1484.01 0.0000e+00
       1512     52.000     8.2494     8.2493   3.661506   3.661575     2.6350      79.80     0.1190 5.1426e-02 -9.990e-29     62.968  49.234953    6.25637    35.1594    35.1603    27.3615    1484.46    1484.02 0.0000e+00
       1557     53.000     8.2483     8.2494   3.661430   3.661612     2.6341      78.28     0.1164 5.1446e-02 -9.990e-29     64.822  49.234975    6.25289    35.1592    35.1601    27.3615    1484.47    1484.03 0.0000e+00
       1600     54.000     8.2476     8.2478   3.661407   3.661505     2.6332      77.54     0.1191 5.1459e-02 -9.990e-29     66.642  49.234996    6.25229    35.1592    35.1600    27.3616    1484.48    1484.04 0.0000e+00
       1619     55.000     8.2488     8.2487   3.661570   3.661637     2.6331      76.88     0.1230 5.1444e-02 -9.990e-29     67.419  49.235005    6.25233    35.1592    35.1601    27.3615    1484.50    1484.04 0.0000e+00
       1635     56.000     8.2498     8.2498   3.661731   3.661804     2.6327      76.07     0.1243 5.1447e-02 -9.990e-29     68.085  49.235013    6.25174    35.1595    35.1603    27.3615    1484.52    1484.05 0.0000e+00
       1650     57.000     8.2497     8.2498   3.661764   3.661849     2.6326      75.49     0.1236 5.1447e-02 -9.990e-29     68.709  49.235020    6.25186    35.1594    35.1603    27.3615    1484.54    1484.06 0.0000e+00
       1665     58.000     8.2500     8.2501   3.661857   3.661938     2.6323      74.69     0.1222 5.1449e-02 -9.990e-29     69.317  49.235027    6.24745    35.1596    35.1604    27.3616    1484.56    1484.07 0.0000e+00
       1679     59.000     8.2504     8.2503   3.661945   3.662012     2.6310      73.79     0.1233 5.1427e-02 -9.990e-29     69.925  49.235034    6.24136    35.1597    35.1605    27.3616    1484.58    1484.08 0.0000e+00
       1694     60.000     8.2507     8.2507   3.662015   3.662089     2.6300      72.57     0.1241 5.1437e-02 1.9438e+00     70.532  49.235041    6.24177    35.1597    35.1604    27.3615    1484.59    1484.09 0.0000e+00
       1709     61.000     8.2489     8.2488   3.661756   3.661822     2.6296      71.38     0.1240 5.1419e-02 1.9438e+00     71.148  49.235048    6.24541    35.1582    35.1590    27.3606    1484.60    1484.10 0.0000e+00
       1727     62.000     8.2476     8.2475   3.661624   3.661707     2.6291      70.27     0.1220 5.1424e-02 1.9438e+00     71.915  49.235057    6.24606    35.1576    35.1586    27.3604    1484.61    1484.10 0.0000e+00
       1759     63.000     8.2478     8.2479   3.661704   3.661780     2.6290      68.61     0.1165 5.1426e-02 1.9438e+00     73.233  49.235072    6.25141    35.1578    35.1585    27.3605    1484.63    1484.11 0.0000e+00
       1793     64.000     8.2485     8.2486   3.661829   3.661925     2.6303      67.50     0.1131 5.1453e-02 1.9438e+00     74.646  49.235089    6.25494    35.1579    35.1588    27.3605    1484.65    1484.12 0.0000e+00
       1817     65.000     8.2478     8.2486   3.661809   3.661970     2.6301      66.66     0.1167 5.1431e-02 -9.990e-29     75.686  49.235100    6.25331    35.1579    35.1588    27.3606    1484.66    1484.13 0.0000e+00
       1837     66.000     8.2479     8.2483   3.661864   3.661967     2.6302      65.84     0.1171 5.1426e-02 -9.990e-29     76.483  49.235110    6.25536    35.1579    35.1586    27.3606    1484.68    1484.14 0.0000e+00
       1853     67.000     8.2475     8.2476   3.661884   3.661963     2.6303      65.00     0.1182 5.1436e-02 -9.990e-29     77.184  49.235118    6.25636    35.1580    35.1588    27.3607    1484.70    1484.15 0.0000e+00
       1869     68.000     8.2474     8.2472   3.661907   3.661956     2.6303      64.10     0.1183 5.1454e-02 -9.990e-29     77.854  49.235125    6.25336    35.1579    35.1586    27.3606    1484.71    1484.15 0.0000e+00
       1886     69.000     8.2493     8.2494   3.662166   3.662266     2.6295      63.14     0.1216 5.1444e-02 -9.990e-29     78.537  49.235134    6.24793    35.1583    35.1592    27.3606    1484.73    1484.16 0.0000e+00
       1905     70.000     8.2492     8.2492   3.662188   3.662272     2.6284      62.03     0.1211 5.1425e-02 -9.990e-29     79.340  49.235143    6.24817    35.1581    35.1590    27.3605    1484.75    1484.17 0.0000e+00
       1931     71.000     8.2453     8.2458   3.661811   3.661943     2.6286      60.83     0.1175 5.1438e-02 -9.990e-29     80.414  49.235155    6.25897    35.1575    35.1584    27.3606    1484.75    1484.18 0.0000e+00
       1959     72.000     8.2445     8.2450   3.661780   3.661910     2.6297      59.76     0.1173 5.1441e-02 -9.990e-29     81.584  49.235169    6.25760    35.1575    35.1584    27.3608    1484.77    1484.19 0.0000e+00
       1981     73.000     8.2459     8.2465   3.661975   3.662102     2.6289      58.86     0.1180 5.1449e-02 -9.990e-29     82.489  49.235179    6.25411    35.1577    35.1584    27.3607    1484.79    1484.20 0.0000e+00
       1998     74.000     8.2477     8.2479   3.662218   3.662291     2.6288      58.00     0.1166 5.1427e-02 -9.990e-29     83.208  49.235188    6.25649    35.1580    35.1586    27.3607    1484.81    1484.20 0.0000e+00
       2014     75.000     8.2482     8.2485   3.662301   3.662419     2.6288      57.24     0.1169 5.1445e-02 -9.990e-29     83.874  49.235195    6.25504    35.1579    35.1589    27.3605    1484.83    1484.21 0.0000e+00
       2032     76.000     8.2486     8.2484   3.662397   3.662470     2.6280      56.26     0.1188 5.1433e-02 -9.990e-29     84.615  49.235204    6.24698    35.1580    35.1590    27.3606    1484.85    1484.22 0.0000e+00
       2056     77.000     8.2472     8.2476   3.662300   3.662421     2.6262      54.95     0.1206 5.1434e-02 -9.990e-29     85.639  49.235216    6.24845    35.1579    35.1588    27.3607    1484.86    1484.23 0.0000e+00
