IBTS/IBTS_CruiseNotebook/Data/CTD/sta0037.cnv
* Sea-Bird SBE 9 Data File:
* FileName = C:\Seabird\CTDData\sta0037.hex
* Software Version Seasave V 7.21f
* Temperature SN = 2491
* Conductivity SN = 2694
* Number of Bytes Per Scan = 40
* Number of Voltage Words = 5
* Number of Scans Averaged by the Deck Unit = 1
* NMEA Latitude = 60 09.13 N
* NMEA Longitude = 000 15.88 W
* NMEA UTC (Time) = Feb 18 2020 05:37:14
* NMEA baud rate = 4800
** Ship: 10 F/F "G. O. Sars"
** Station: 0037
** Echodepth: 131
** Log: 8542.60
** Wind-Dir Force: 25 33
** Air-temp (dry): 4.5
** Weather Sky:
** Sea Ice:
# nquan = 20                                
# nvalues = 118                         
# units = specified
# name 0 = scan: Scan Count
# name 1 = prDM: Pressure, Digiquartz [db]
# name 2 = t068C: Temperature [ITS-68, deg C]
# name 3 = t168C: Temperature, 2 [ITS-68, deg C]
# name 4 = c0S/m: Conductivity [S/m]
# name 5 = c1S/m: Conductivity, 2 [S/m]
# name 6 = sbeox0V: Oxygen raw, SBE 43 [V]
# name 7 = altM: Altimeter [m]
# name 8 = flC: Fluorescence, Chelsea Aqua 3 Chl Con [ug/l]
# name 9 = par: PAR/Irradiance, Biospherical/Licor
# name 10 = spar: SPAR/Surface Irradiance
# name 11 = timeS: Time, Elapsed [seconds]
# name 12 = timeJ: Julian Days
# name 13 = sbeox0ML/L: Oxygen, SBE 43 [ml/l], WS = 2
# name 14 = sal00: Salinity, Practical [PSU]
# name 15 = sal11: Salinity, Practical, 2 [PSU]
# name 16 = sigma-t00: Density [sigma-t, Kg/m^3 ]
# name 17 = svCM: Sound Velocity [Chen-Millero, m/s]
# name 18 = avgsvCM: Average Sound Velocity [Chen-Millero, m/s], minP = 1, minS = 5
# name 19 = flag: flag
# span 0 =       -126,       3189       
# span 1 =      6.000,    123.000       
# span 2 =     8.2366,     8.2507       
# span 3 =     8.2367,     8.2507       
# span 4 =   3.658080,   3.664429       
# span 5 =   3.658245,   3.664507       
# span 6 =     2.6130,     2.6475       
# span 7 =       8.62,     100.35       
# span 8 =     0.1074,     0.1243       
# span 9 = 5.1385e-02, 5.4579e-01       
# span 10 = 1.9438e+00, 1.9438e+00      
# span 11 =     -5.300,    132.822      
# span 12 =  49.234164,  49.235762      
# span 13 =    6.21993,    6.27312      
# span 14 =    35.1560,    35.1597      
# span 15 =    35.1570,    35.1606      
# span 16 =    27.3597,    27.3628      
# span 17 =    1483.65,    1485.60      
# span 18 =    1483.65,    1484.61      
# span 19 = 0.0000e+00, 0.0000e+00      
# interval = decibars: 1                
# start_time = Feb 18 2020 05:37:17 [System UTC, header]
# bad_flag = -9.990e-29
*END*
[from data line 73]
       2106     79.000     8.2465     8.2465   3.662315   3.662407     2.6248      52.93     0.1191 5.1439e-02 1.9438e+00     87.701  49.235240    6.24274    35.1578    35.1588    27.3607    1484.89    1484.25 0.0000e+00
       2127     80.000     8.2466     8.2465   3.662385   3.662444     2.6239      52.01     0.1178 5.1445e-02 1.9438e+00     88.568  49.235250    6.24850    35.1580    35.1587    27.3608    1484.91    1484.25 0.0000e+00
       2148     81.000     8.2465     8.2468   3.662423   3.662515     2.6252      50.99     0.1147 5.1438e-02 1.9438e+00     89.473  49.235260    6.26069    35.1580    35.1587    27.3608    1484.92    1484.26 0.0000e+00
       2171     82.000     8.2465     8.2470   3.662449   3.662599     2.6268      50.04     0.1165 5.1438e-02 1.9438e+00     90.418  49.235271    6.26569    35.1578    35.1589    27.3607    1484.94    1484.27 0.0000e+00
       2192     83.000     8.2464     8.2462   3.662492   3.662546     2.6277      49.02     0.1185 5.1425e-02 1.9438e+00     91.289  49.235281    6.26323    35.1578    35.1586    27.3607    1484.95    1484.28 0.0000e+00
       2211     84.000     8.2461     8.2459   3.662498   3.662559     2.6276      47.97     0.1207 5.1456e-02 1.9438e+00     92.087  49.235290    6.25570    35.1577    35.1586    27.3607    1484.97    1484.29 0.0000e+00
       2229     85.000     8.2470     8.2475   3.662642   3.662757     2.6260      47.22     0.1223 5.1418e-02 1.9438e+00     92.851  49.235299    6.24420    35.1579    35.1586    27.3607    1484.99    1484.30 0.0000e+00
       2248     86.000     8.2505     8.2498   3.663036   3.663045     2.6238      46.28     0.1212 5.1426e-02 1.9438e+00     93.619  49.235308    6.23821    35.1581    35.1589    27.3603    1485.02    1484.30 0.0000e+00
       2266     87.000     8.2491     8.2491   3.662950   3.663028     2.6222      45.18     0.1180 5.1442e-02 1.9438e+00     94.390  49.235317    6.23433    35.1581    35.1589    27.3605    1485.03    1484.31 0.0000e+00
       2285     88.000     8.2490     8.2491   3.662977   3.663059     2.6199      44.09     0.1174 5.1425e-02 1.9438e+00     95.187  49.235326    6.23131    35.1580    35.1588    27.3604    1485.05    1484.32 0.0000e+00
       2307     89.000     8.2489     8.2490   3.663022   3.663097     2.6191      42.99     0.1181 5.1448e-02 1.9438e+00     96.099  49.235337    6.24159    35.1581    35.1588    27.3605    1485.06    1484.33 0.0000e+00
       2333     90.000     8.2488     8.2489   3.663047   3.663144     2.6205      41.91     0.1177 5.1428e-02 -9.990e-29     97.180  49.235349    6.25109    35.1579    35.1589    27.3605    1485.08    1484.34 0.0000e+00
       2357     91.000     8.2492     8.2492   3.663141   3.663214     2.6212      40.96     0.1151 5.1438e-02 -9.990e-29     98.187  49.235361    6.25380    35.1581    35.1588    27.3605    1485.10    1484.35 0.0000e+00
       2378     92.000     8.2492     8.2491   3.663171   3.663248     2.6225      40.06     0.1161 5.1459e-02 -9.990e-29     99.031  49.235371    6.25825    35.1579    35.1588    27.3604    1485.11    1484.35 0.0000e+00
       2396     93.000     8.2496     8.2497   3.663281   3.663354     2.6228      39.16     0.1178 5.1433e-02 -9.990e-29     99.796  49.235380    6.25348    35.1582    35.1589    27.3605    1485.13    1484.36 0.0000e+00
       2416     94.000     8.2493     8.2495   3.663281   3.663378     2.6222      38.15     0.1170 5.1431e-02 -9.990e-29    100.632  49.235389    6.24774    35.1580    35.1588    27.3604    1485.15    1484.37 0.0000e+00
       2441     95.000     8.2496     8.2496   3.663353   3.663428     2.6210      37.02     0.1184 5.1439e-02 -9.990e-29    101.687  49.235401    6.24776    35.1580    35.1588    27.3604    1485.16    1484.38 0.0000e+00
       2467     96.000     8.2499     8.2498   3.663418   3.663496     2.6209      35.99     0.1224 5.1424e-02 -9.990e-29    102.763  49.235414    6.24998    35.1579    35.1588    27.3602    1485.18    1484.39 0.0000e+00
       2488     97.000     8.2469     8.2472   3.663107   3.663246     2.6206      35.10     0.1236 5.1448e-02 -9.990e-29    103.622  49.235424    6.25068    35.1571    35.1583    27.3601    1485.18    1484.40 0.0000e+00
       2506     98.000     8.2485     8.2485   3.663348   3.663431     2.6207      34.20     0.1220 5.1426e-02 -9.990e-29    104.385  49.235433    6.25128    35.1576    35.1585    27.3602    1485.21    1484.40 0.0000e+00
       2525     99.000     8.2490     8.2492   3.663443   3.663550     2.6203      33.22     0.1207 5.1418e-02 -9.990e-29    105.149  49.235442    6.24770    35.1576    35.1585    27.3601    1485.23    1484.41 0.0000e+00
       2545    100.000     8.2492     8.2493   3.663533   3.663617     2.6194      32.19     0.1194 5.1430e-02 -9.990e-29    106.015  49.235452    6.24330    35.1579    35.1587    27.3603    1485.24    1484.42 0.0000e+00
       2570    101.000     8.2497     8.2498   3.663644   3.663733     2.6180      31.07     0.1184 5.1424e-02 -9.990e-29    107.031  49.235463    6.24201    35.1581    35.1589    27.3604    1485.26    1484.43 0.0000e+00
       2592    102.000     8.2502     8.2501   3.663720   3.663802     2.6178      30.11     0.1204 5.1433e-02 -9.990e-29    107.958  49.235474    6.24670    35.1579    35.1589    27.3602    1485.28    1484.44 0.0000e+00
       2610    103.000     8.2490     8.2490   3.663634   3.663728     2.6179      29.24     0.1196 5.1452e-02 -9.990e-29    108.709  49.235483    6.24956    35.1577    35.1587    27.3602    1485.29    1484.44 0.0000e+00
       2626    104.000     8.2472     8.2472   3.663468   3.663587     2.6182      28.33     0.1189 5.1427e-02 -9.990e-29    109.384  49.235491    6.25133    35.1572    35.1585    27.3601    1485.30    1484.45 0.0000e+00
       2642    105.000     8.2465     8.2463   3.663464   3.663522     2.6185      27.40     0.1214 5.1418e-02 -9.990e-29    110.027  49.235498    6.25087    35.1574    35.1582    27.3604    1485.32    1484.46 0.0000e+00
       2661    106.000     8.2466     8.2471   3.663524   3.663673     2.6179      26.28     0.1216 5.1418e-02 -9.990e-29    110.834  49.235507    6.24917    35.1575    35.1585    27.3604    1485.33    1484.47 0.0000e+00
       2692    107.000     8.2459     8.2456   3.663489   3.663552     2.6179      24.95     0.1230 5.1430e-02 -9.990e-29    112.128  49.235522    6.25146    35.1573    35.1583    27.3604    1485.35    1484.48 0.0000e+00
       2724    108.000     8.2456     8.2456   3.663522   3.663598     2.6174      23.93     0.1217 5.1446e-02 -9.990e-29    113.476  49.235538    6.24567    35.1575    35.1583    27.3606    1485.36    1484.49 0.0000e+00
       2746    109.000     8.2473     8.2474   3.663741   3.663819     2.6163      23.10     0.1205 5.1450e-02 -9.990e-29    114.362  49.235548    6.24602    35.1576    35.1583    27.3604    1485.38    1484.49 0.0000e+00
       2762    110.000     8.2463     8.2467   3.663650   3.663782     2.6166      22.25     0.1214 5.1427e-02 -9.990e-29    115.062  49.235556    6.25447    35.1572    35.1582    27.3602    1485.40    1484.50 0.0000e+00
       2777    111.000     8.2474     8.2476   3.663826   3.663928     2.6173      21.40     0.1205 5.1449e-02 -9.990e-29    115.687  49.235563    6.25597    35.1574    35.1583    27.3603    1485.42    1484.51 0.0000e+00
       2792    112.000     8.2481     8.2480   3.663953   3.664024     2.6176      20.48     0.1193 5.1437e-02 -9.990e-29    116.297  49.235571    6.25175    35.1576    35.1585    27.3603    1485.44    1484.52 0.0000e+00
       2807    113.000     8.2489     8.2489   3.664079   3.664156     2.6166      19.52     0.1192 5.1428e-02 -9.990e-29    116.908  49.235578    6.24743    35.1577    35.1585    27.3602    1485.46    1484.53 0.0000e+00
       2825    114.000     8.2485     8.2485   3.664075   3.664167     2.6162      18.36     0.1209 5.1434e-02 -9.990e-29    117.681  49.235587    6.24836    35.1575    35.1585    27.3602    1485.47    1484.54 0.0000e+00
       2861    115.000     8.2488     8.2490   3.664159   3.664264     2.6162      16.96     0.1225 5.1434e-02 -9.990e-29    119.149  49.235604    6.25793    35.1577    35.1586    27.3602    1485.49    1484.54 0.0000e+00
       2891    116.000     8.2496     8.2495   3.664304   3.664359     2.6180      16.11     0.1198 5.1436e-02 -9.990e-29    120.405  49.235618    6.26331    35.1579    35.1586    27.3603    1485.51    1484.55 0.0000e+00
       2911    117.000     8.2499     8.2499   3.664367   3.664450     2.6183      15.29     0.1176 5.1426e-02 -9.990e-29    121.239  49.235628    6.25980    35.1578    35.1587    27.3602    1485.53    1484.56 0.0000e+00
       2928    118.000     8.2501     8.2500   3.664429   3.664507     2.6181      14.45     0.1183 5.1445e-02 -9.990e-29    121.948  49.235636    6.25377    35.1578    35.1587    27.3601    1485.54    1484.57 0.0000e+00
       2944    119.000     8.2448     8.2447   3.663830   3.663960     2.6166      13.55     0.1166 5.1461e-02 -9.990e-29    122.627  49.235644    6.24562    35.1562    35.1577    27.3597    1485.54    1484.58 0.0000e+00
       2962    120.000     8.2423     8.2424   3.663630   3.663727     2.6147      12.55     0.1185 5.1441e-02 -9.990e-29    123.373  49.235652    6.24018    35.1561    35.1570    27.3600    1485.54    1484.58 0.0000e+00
       2982    121.000     8.2433     8.2434   3.663771   3.663881     2.6130      11.48     0.1193 5.1438e-02 -9.990e-29    124.206  49.235662    6.24343    35.1561    35.1572    27.3598    1485.56    1484.59 0.0000e+00
       3085    122.000     8.2445     8.2446   3.663943   3.664036     2.6131       9.93     0.1207 5.1450e-02 -9.990e-29    128.497  49.235712    6.24922    35.1562    35.1571    27.3598    1485.59    1484.60 0.0000e+00
       3189    123.000     8.2432     8.2443   3.663844   3.664051     2.6140       8.62     0.1216 5.1415e-02 -9.990e-29    132.822  49.235762    6.26060    35.1560    35.1571    27.3598    1485.60    1484.61 0.0000e+00
