IBTS/IBTS_CruiseNotebook/Data/CTD/sta0022.cnv
* Sea-Bird SBE 9 Data File:
* FileName = C:\Seabird\CTDData\sta0022.hex
* Software Version Seasave V 7.21f
* Temperature SN = 2491
* Conductivity SN = 2694
* Number of Bytes Per Scan = 40
* Number of Voltage Words = 5
* Number of Scans Averaged by the Deck Unit = 1
* NMEA Latitude = 61 36.87 N
* NMEA Longitude = 000 23.55 E
* NMEA UTC (Time) = Feb 13 2020 02:07:47
* NMEA baud rate = 4800
** Ship: 10 F/F "G. O. Sars"
** Station: 0022
** Echodepth: 202
** Log: 8108.7
** Wind-Dir Force: 30 10
** Air-temp (dry): 2.4
** Weather Sky:
** Sea Ice:
# nquan = 20                                
# nvalues = 187                         
# units = specified
# name 0 = scan: Scan Count
# name 1 = prDM: Pressure, Digiquartz [db]
# name 2 = t068C: Temperature [ITS-68, deg C]
# name 3 = t168C: Temperature, 2 [ITS-68, deg C]
# name 4 = c0S/m: Conductivity [S/m]
# name 5 = c1S/m: Conductivity, 2 [S/m]
# name 6 = sbeox0V: Oxygen raw, SBE 43 [V]
# name 7 = altM: Altimeter [m]
# name 8 = flC: Fluorescence, Chelsea Aqua 3 Chl Con [ug/l]
# name 9 = par: PAR/Irradiance, Biospherical/Licor
# name 10 = spar: SPAR/Surface Irradiance
# name 11 = timeS: Time, Elapsed [seconds]
# name 12 = timeJ: Julian Days
# name 13 = sbeox0ML/L: Oxygen, SBE 43 [ml/l], WS = 2
# name 14 = sal00: Salinity, Practical [PSU]
# name 15 = sal11: Salinity, Practical, 2 [PSU]
# name 16 = sigma-t00: Density [sigma-t, Kg/m^3 ]
# name 17 = svCM: Sound Velocity [Chen-Millero, m/s]
# name 18 = avgsvCM: Average Sound Velocity [Chen-Millero, m/s], minP = 1, minS = 5
# name 19 = flag: flag
# span 0 =       -116,       4791       
# span 1 =      5.000,    191.000       
# span 2 =     8.8586,     8.8816       
# span 3 =     8.8544,     8.8817       
# span 4 =   3.726769,   3.737448       
# span 5 =   3.726564,   3.737594       
# span 6 =     2.5801,     2.6391       
# span 7 =      12.99,      99.29       
# span 8 =     0.0436,     0.0569       
# span 9 = 5.1427e-02, 8.7198e-01       
# span 10 = 1.2189e-01, 1.9835e+00      
# span 11 =     -4.874,    199.596      
# span 12 =  44.088717,  44.091083      
# span 13 =    6.10175,    6.14765      
# span 14 =    35.2668,    35.2678      
# span 15 =    35.2685,    35.2691      
# span 16 =    27.3470,    27.3505      
# span 17 =    1486.08,    1489.23      
# span 18 =    1486.08,    1487.62      
# span 19 = 0.0000e+00, 0.0000e+00      
# interval = decibars: 1                
# start_time = Feb 13 2020 02:07:50 [System UTC, header]
# bad_flag = -9.990e-29
*END*
[from data line 145]
       3938    150.000     8.8760     8.8761   3.735082   3.735230     2.5931      53.24     0.0505 5.1460e-02 1.7269e+00    164.058  44.090672    6.11305    35.2676    35.2691    27.3481    1488.53    1487.28 0.0000e+00
       3954    151.000     8.8761     8.8761   3.735139   3.735271     2.5923      52.49     0.0518 5.1466e-02 7.7518e-01    164.711  44.090679    6.11239    35.2676    35.2690    27.3481    1488.55    1487.29 0.0000e+00
       3969    152.000     8.8761     8.8761   3.735179   3.735318     2.5924      51.70     0.0509 5.1466e-02 1.9628e+00    165.344  44.090687    6.11691    35.2676    35.2690    27.3481    1488.56    1487.30 0.0000e+00
       3984    153.000     8.8761     8.8761   3.735222   3.735368     2.5925      50.67     0.0504 5.1445e-02 1.9435e+00    165.977  44.090694    6.11757    35.2675    35.2691    27.3481    1488.58    1487.31 0.0000e+00
       4000    154.000     8.8759     8.8761   3.735273   3.735413     2.5924      49.79     0.0498 5.1456e-02 7.4750e-01    166.615  44.090702    6.11445    35.2678    35.2691    27.3483    1488.60    1487.31 0.0000e+00
       4015    155.000     8.8762     8.8762   3.735339   3.735469     2.5916      48.78     0.0483 5.1457e-02 -9.990e-29    167.245  44.090709    6.11206    35.2677    35.2691    27.3482    1488.61    1487.32 0.0000e+00
       4030    156.000     8.8764     8.8764   3.735396   3.735523     2.5912      47.71     0.0483 5.1438e-02 -9.990e-29    167.864  44.090716    6.11441    35.2676    35.2690    27.3481    1488.63    1487.33 0.0000e+00
       4048    157.000     8.8762     8.8762   3.735423   3.735543     2.5912      46.60     0.0489 5.1456e-02 -9.990e-29    168.631  44.090725    6.11503    35.2676    35.2689    27.3481    1488.65    1487.34 0.0000e+00
       4101    158.000     8.8761     8.8761   3.735435   3.735585     2.5910      44.79     0.0534 5.1454e-02 -9.990e-29    170.826  44.090750    6.11697    35.2674    35.2690    27.3479    1488.66    1487.35 0.0000e+00
       4136    159.000     8.8764     8.8764   3.735468   3.735646     2.5907      44.01     0.0531 5.1473e-02 -9.990e-29    172.280  44.090767    6.11583    35.2670    35.2688    27.3476    1488.68    1487.36 0.0000e+00
       4156    160.000     8.8766     8.8766   3.735578   3.735718     2.5903      43.28     0.0531 5.1458e-02 -9.990e-29    173.112  44.090777    6.11325    35.2674    35.2689    27.3479    1488.70    1487.36 0.0000e+00
       4172    161.000     8.8770     8.8769   3.735667   3.735790     2.5899      42.48     0.0517 5.1466e-02 -9.990e-29    173.801  44.090785    6.11391    35.2675    35.2689    27.3479    1488.72    1487.37 0.0000e+00
       4188    162.000     8.8769     8.8769   3.735702   3.735842     2.5899      41.71     0.0510 5.1472e-02 -9.990e-29    174.446  44.090792    6.11246    35.2675    35.2690    27.3479    1488.73    1487.38 0.0000e+00
       4203    163.000     8.8766     8.8766   3.735734   3.735872     2.5888      40.75     0.0522 5.1447e-02 2.0701e-01    175.088  44.090800    6.10599    35.2677    35.2691    27.3481    1488.75    1487.39 0.0000e+00
       4218    164.000     8.8768     8.8768   3.735789   3.735934     2.5877      39.80     0.0530 5.1481e-02 1.9216e+00    175.724  44.090807    6.10294    35.2676    35.2691    27.3480    1488.76    1487.40 0.0000e+00
       4233    165.000     8.8768     8.8769   3.735842   3.735991     2.5866      38.88     0.0529 5.1480e-02 9.7536e-01    176.352  44.090814    6.10175    35.2676    35.2691    27.3480    1488.78    1487.41 0.0000e+00
       4248    166.000     8.8769     8.8770   3.735886   3.736037     2.5859      37.79     0.0515 5.1446e-02 1.1716e+00    176.975  44.090821    6.10204    35.2675    35.2690    27.3479    1488.80    1487.41 0.0000e+00
       4263    167.000     8.8771     8.8772   3.735966   3.736106     2.5851      36.94     0.0496 5.1437e-02 1.9478e+00    177.587  44.090829    6.10467    35.2677    35.2691    27.3480    1488.82    1487.42 0.0000e+00
       4281    168.000     8.8770     8.8770   3.735993   3.736127     2.5853      35.77     0.0470 5.1447e-02 1.9438e+00    178.320  44.090837    6.10891    35.2676    35.2690    27.3480    1488.83    1487.43 0.0000e+00
       4312    169.000     8.8773     8.8770   3.736049   3.736173     2.5860      34.30     0.0453 5.1470e-02 1.3474e+00    179.645  44.090852    6.11429    35.2674    35.2690    27.3478    1488.85    1487.44 0.0000e+00
       4348    170.000     8.8772     8.8771   3.736030   3.736221     2.5870      33.19     0.0477 5.1465e-02 1.2593e+00    181.130  44.090870    6.11822    35.2668    35.2689    27.3473    1488.86    1487.45 0.0000e+00
       4379    171.000     8.8777     8.8776   3.736147   3.736318     2.5878      32.24     0.0480 5.1466e-02 1.9656e+00    182.416  44.090884    6.12135    35.2671    35.2690    27.3474    1488.88    1487.46 0.0000e+00
       4402    172.000     8.8777     8.8777   3.736219   3.736368     2.5885      31.44     0.0505 5.1448e-02 1.9438e+00    183.363  44.090895    6.11797    35.2674    35.2689    27.3477    1488.90    1487.46 0.0000e+00
       4419    173.000     8.8779     8.8779   3.736294   3.736443     2.5874      30.63     0.0497 5.1473e-02 7.1126e-01    184.078  44.090904    6.11043    35.2675    35.2690    27.3477    1488.92    1487.47 0.0000e+00
       4435    174.000     8.8781     8.8781   3.736360   3.736503     2.5864      29.77     0.0485 5.1445e-02 1.0872e+00    184.732  44.090911    6.10937    35.2675    35.2690    27.3477    1488.93    1487.48 0.0000e+00
       4450    175.000     8.8782     8.8782   3.736427   3.736558     2.5859      28.91     0.0507 5.1447e-02 1.2960e+00    185.375  44.090919    6.10971    35.2676    35.2690    27.3478    1488.95    1487.49 0.0000e+00
       4465    176.000     8.8784     8.8785   3.736497   3.736625     2.5850      27.88     0.0536 5.1457e-02 1.9544e+00    186.012  44.090926    6.10975    35.2677    35.2689    27.3478    1488.97    1487.50 0.0000e+00
       4481    177.000     8.8784     8.8784   3.736532   3.736662     2.5850      26.91     0.0547 5.1464e-02 6.5840e-01    186.685  44.090934    6.11090    35.2676    35.2689    27.3477    1488.98    1487.51 0.0000e+00
       4503    178.000     8.8784     8.8784   3.736568   3.736697     2.5841      25.71     0.0519 5.1466e-02 1.9223e+00    187.590  44.090944    6.11030    35.2675    35.2688    27.3476    1489.00    1487.51 0.0000e+00
       4527    179.000     8.8785     8.8785   3.736623   3.736751     2.5846      24.60     0.0513 5.1481e-02 -9.990e-29    188.577  44.090956    6.11832    35.2675    35.2688    27.3476    1489.02    1487.52 0.0000e+00
       4548    180.000     8.8786     8.8788   3.736689   3.736826     2.5851      23.67     0.0527 5.1441e-02 -9.990e-29    189.458  44.090966    6.11778    35.2676    35.2688    27.3477    1489.03    1487.53 0.0000e+00
       4566    181.000     8.8790     8.8790   3.736762   3.736910     2.5852      22.79     0.0550 5.1482e-02 -9.990e-29    190.191  44.090975    6.11735    35.2675    35.2691    27.3476    1489.05    1487.54 0.0000e+00
       4582    182.000     8.8792     8.8793   3.736826   3.736972     2.5850      21.84     0.0535 5.1478e-02 -9.990e-29    190.867  44.090982    6.11533    35.2675    35.2689    27.3475    1489.07    1487.55 0.0000e+00
       4601    183.000     8.8792     8.8793   3.736855   3.737000     2.5843      20.83     0.0523 5.1487e-02 1.9341e+00    191.660  44.090991    6.11085    35.2673    35.2687    27.3474    1489.09    1487.56 0.0000e+00
       4655    184.000     8.8791     8.8792   3.736863   3.737034     2.5834      19.22     0.0527 5.1469e-02 5.8818e-01    193.915  44.091018    6.11125    35.2670    35.2687    27.3472    1489.10    1487.57 0.0000e+00
       4696    185.000     8.8795     8.8794   3.736964   3.737116     2.5821      18.38     0.0510 5.1488e-02 6.1463e-01    195.640  44.091037    6.10326    35.2672    35.2689    27.3473    1489.12    1487.57 0.0000e+00
       4713    186.000     8.8797     8.8797   3.737056   3.737194     2.5811      17.57     0.0513 5.1454e-02 -9.990e-29    196.353  44.091046    6.10275    35.2675    35.2690    27.3475    1489.14    1487.58 0.0000e+00
       4729    187.000     8.8798     8.8798   3.737112   3.737249     2.5803      16.77     0.0484 5.1427e-02 -9.990e-29    197.006  44.091053    6.10418    35.2675    35.2690    27.3474    1489.15    1487.59 0.0000e+00
       4744    188.000     8.8800     8.8800   3.737176   3.737307     2.5801      16.00     0.0452 5.1428e-02 -9.990e-29    197.639  44.091061    6.10785    35.2675    35.2689    27.3474    1489.17    1487.60 0.0000e+00
       4760    189.000     8.8803     8.8802   3.737251   3.737378     2.5803      14.93     0.0446 5.1464e-02 -9.990e-29    198.275  44.091068    6.10974    35.2675    35.2690    27.3474    1489.19    1487.61 0.0000e+00
       4775    190.000     8.8808     8.8809   3.737339   3.737473     2.5803      13.90     0.0444 5.1476e-02 -9.990e-29    198.906  44.091075    6.10989    35.2675    35.2688    27.3473    1489.21    1487.62 0.0000e+00
       4791    191.000     8.8816     8.8817   3.737448   3.737594     2.5802      12.99     0.0475 5.1476e-02 1.9438e+00    199.596  44.091083    6.10727    35.2674    35.2688    27.3470    1489.23    1487.62 0.0000e+00
