IBTS/IBTS_CruiseNotebook/Data/CTD/sta0027.cnv
* Sea-Bird SBE 9 Data File:
* FileName = C:\Seabird\CTDData\sta0027.hex
* Software Version Seasave V 7.21f
* Temperature SN = 2491
* Conductivity SN = 2694
* Number of Bytes Per Scan = 40
* Number of Voltage Words = 5
* Number of Scans Averaged by the Deck Unit = 1
* NMEA Latitude = 61 05.71 N
* NMEA Longitude = 000 46.09 E
* NMEA UTC (Time) = Feb 13 2020 18:04:34
* NMEA baud rate = 4800
** Ship: 10 F/F "G. O. Sars"
** Station: 0027
** Echodepth: 155
** Log: 8221.75
** Wind-Dir Force: 00 08
** Air-temp (dry): 3.4
** Weather Sky:
** Sea Ice:
# nquan = 20                                
# nvalues = 141                         
# units = specified
# name 0 = scan: Scan Count
# name 1 = prDM: Pressure, Digiquartz [db]
# name 2 = t068C: Temperature [ITS-68, deg C]
# name 3 = t168C: Temperature, 2 [ITS-68, deg C]
# name 4 = c0S/m: Conductivity [S/m]
# name 5 = c1S/m: Conductivity, 2 [S/m]
# name 6 = sbeox0V: Oxygen raw, SBE 43 [V]
# name 7 = altM: Altimeter [m]
# name 8 = flC: Fluorescence, Chelsea Aqua 3 Chl Con [ug/l]
# name 9 = par: PAR/Irradiance, Biospherical/Licor
# name 10 = spar: SPAR/Surface Irradiance
# name 11 = timeS: Time, Elapsed [seconds]
# name 12 = timeJ: Julian Days
# name 13 = sbeox0ML/L: Oxygen, SBE 43 [ml/l], WS = 2
# name 14 = sal00: Salinity, Practical [PSU]
# name 15 = sal11: Salinity, Practical, 2 [PSU]
# name 16 = sigma-t00: Density [sigma-t, Kg/m^3 ]
# name 17 = svCM: Sound Velocity [Chen-Millero, m/s]
# name 18 = avgsvCM: Average Sound Velocity [Chen-Millero, m/s], minP = 1, minS = 5
# name 19 = flag: flag
# span 0 =        141,       3440       
# span 1 =      5.000,    145.000       
# span 2 =     8.9435,     8.9649       
# span 3 =     8.9424,     8.9648       
# span 4 =   3.738084,   3.746185       
# span 5 =   3.738104,   3.746333       
# span 6 =     2.6068,     2.6536       
# span 7 =      10.32,     105.67       
# span 8 =     0.0753,     0.0975       
# span 9 = 5.1418e-02, 9.6698e-01       
# span 10 = 1.9438e+00, 1.9438e+00      
# span 11 =      5.813,    143.288      
# span 12 =  44.753262,  44.754853      
# span 13 =    6.12703,    6.17431      
# span 14 =    35.2995,    35.3013      
# span 15 =    35.3011,    35.3027      
# span 16 =    27.3597,    27.3631      
# span 17 =    1486.45,    1488.79      
# span 18 =    1486.45,    1487.61      
# span 19 = 0.0000e+00, 0.0000e+00      
# interval = decibars: 1                
# start_time = Feb 13 2020 18:04:36 [System UTC, header]
# bad_flag = -9.990e-29
*END*
        141      5.000     8.9464     8.9467   3.738188   3.738355     2.6536     105.67     0.0825 9.6698e-01 1.9438e+00      5.813  44.753262    6.17431    35.3000    35.3015    27.3622    1486.45    1486.45 0.0000e+00
        492      6.000     8.9453     8.9460   3.738139   3.738348     2.6494      73.58     0.0781 7.0616e-01 1.9438e+00     20.462  44.753431    6.15844    35.3001    35.3016    27.3624    1486.46    1486.45 0.0000e+00
        532      7.000     8.9442     8.9440   3.738084   3.738217     2.6519      99.14     0.0801 5.6565e-01 1.9438e+00     22.108  44.753450    6.16586    35.3001    35.3017    27.3626    1486.47    1486.45 0.0000e+00
        550      8.000     8.9441     8.9424   3.738136   3.738104     2.6494      60.22     0.0827 3.9630e-01 1.9438e+00     22.883  44.753459    6.14928    35.3003    35.3016    27.3628    1486.49    1486.46 0.0000e+00
        569      9.000     8.9493     8.9487   3.738676   3.738725     2.6495      80.79     0.0854 3.1974e-01 1.9438e+00     23.655  44.753468    6.16028    35.3003    35.3014    27.3620    1486.52    1486.46 0.0000e+00
        592     10.000     8.9490     8.9472   3.738682   3.738669     2.6494      56.59     0.0864 2.4263e-01 1.9438e+00     24.634  44.753480    6.15611    35.3002    35.3018    27.3619    1486.54    1486.47 0.0000e+00
        624     11.000     8.9453     8.9454   3.738393   3.738535     2.6493      73.99     0.0820 2.0738e-01 1.9438e+00     25.978  44.753495    6.15941    35.3003    35.3017    27.3626    1486.54    1486.48 0.0000e+00
        653     12.000     8.9458     8.9451   3.738487   3.738555     2.6498      99.75     0.0800 1.7378e-01 1.9438e+00     27.185  44.753509    6.16066    35.3004    35.3018    27.3626    1486.56    1486.48 0.0000e+00
        674     13.000     8.9435     8.9450   3.738337   3.738598     2.6483      72.18     0.0797 1.3826e-01 1.9438e+00     28.053  44.753519    6.15701    35.3006    35.3018    27.3631    1486.57    1486.49 0.0000e+00
        692     14.000     8.9463     8.9466   3.738639   3.738794     2.6493      80.71     0.0789 1.0115e-01 1.9438e+00     28.806  44.753528    6.16004    35.3005    35.3018    27.3626    1486.59    1486.50 0.0000e+00
        709     15.000     8.9480     8.9470   3.738829   3.738880     2.6481      67.89     0.0801 7.8772e-02 1.9438e+00     29.496  44.753536    6.15755    35.3003    35.3019    27.3622    1486.62    1486.51 0.0000e+00
        725     16.000     8.9488     8.9491   3.738968   3.739108     2.6490      99.21     0.0804 9.2290e-02 1.9438e+00     30.153  44.753544    6.15635    35.3005    35.3017    27.3622    1486.64    1486.51 0.0000e+00
        741     17.000     8.9501     8.9506   3.739109   3.739281     2.6464      77.22     0.0785 8.0170e-02 1.9438e+00     30.841  44.753551    6.14763    35.3002    35.3015    27.3618    1486.66    1486.52 0.0000e+00
        759     18.000     8.9490     8.9495   3.739055   3.739230     2.6471      86.33     0.0784 6.2067e-02 1.9438e+00     31.603  44.753560    6.15425    35.3003    35.3016    27.3620    1486.67    1486.53 0.0000e+00
        778     19.000     8.9493     8.9497   3.739143   3.739290     2.6452      56.07     0.0753 6.0719e-02 1.9438e+00     32.364  44.753569    6.15223    35.3004    35.3015    27.3620    1486.69    1486.54 0.0000e+00
        795     20.000     8.9514     8.9508   3.739383   3.739454     2.6465      99.37     0.0760 5.4470e-02 1.9438e+00     33.092  44.753577    6.15162    35.3004    35.3017    27.3617    1486.71    1486.55 0.0000e+00
        813     21.000     8.9507     8.9503   3.739364   3.739460     2.6436      74.19     0.0757 5.3248e-02 1.9438e+00     33.818  44.753586    6.14442    35.3004    35.3018    27.3618    1486.72    1486.56 0.0000e+00
        836     22.000     8.9512     8.9511   3.739455   3.739576     2.6443      68.11     0.0769 5.1659e-02 1.9438e+00     34.776  44.753597    6.15616    35.3003    35.3017    27.3617    1486.74    1486.56 0.0000e+00
        879     23.000     8.9507     8.9503   3.739449   3.739538     2.6467      88.10     0.0795 5.1453e-02 1.9438e+00     36.568  44.753618    6.16335    35.3003    35.3016    27.3617    1486.76    1486.57 0.0000e+00
        916     24.000     8.9495     8.9492   3.739364   3.739479     2.6459      64.56     0.0783 5.1453e-02 1.9438e+00     38.121  44.753636    6.16135    35.3001    35.3016    27.3618    1486.77    1486.58 0.0000e+00
        936     25.000     8.9479     8.9483   3.739266   3.739435     2.6481      99.24     0.0800 5.1441e-02 1.9438e+00     38.975  44.753645    6.16473    35.3002    35.3016    27.3621    1486.78    1486.59 0.0000e+00
        954     26.000     8.9480     8.9479   3.739339   3.739448     2.6454      81.38     0.0790 5.1463e-02 1.9438e+00     39.692  44.753654    6.14430    35.3004    35.3016    27.3622    1486.80    1486.60 0.0000e+00
        969     27.000     8.9503     8.9507   3.739596   3.739761     2.6436      79.01     0.0781 5.1447e-02 1.9438e+00     40.344  44.753661    6.14022    35.3003    35.3017    27.3618    1486.82    1486.60 0.0000e+00
        984     28.000     8.9512     8.9514   3.739734   3.739884     2.6418      59.95     0.0781 5.1467e-02 1.9438e+00     40.973  44.753669    6.14576    35.3004    35.3018    27.3617    1486.84    1486.61 0.0000e+00
        999     29.000     8.9519     8.9523   3.739850   3.740006     2.6417      71.08     0.0787 5.1447e-02 1.9438e+00     41.582  44.753676    6.15367    35.3004    35.3017    27.3616    1486.86    1486.62 0.0000e+00
       1013     30.000     8.9531     8.9533   3.740032   3.740182     2.6435      98.56     0.0793 5.1470e-02 1.9438e+00     42.181  44.753683    6.15518    35.3007    35.3020    27.3616    1486.88    1486.63 0.0000e+00
       1028     31.000     8.9514     8.9511   3.739898   3.739996     2.6413      75.67     0.0756 5.1428e-02 1.9438e+00     42.797  44.753690    6.14426    35.3005    35.3018    27.3618    1486.89    1486.64 0.0000e+00
       1046     32.000     8.9531     8.9533   3.740124   3.740253     2.6413      83.87     0.0754 5.1433e-02 1.9438e+00     43.521  44.753698    6.15248    35.3007    35.3018    27.3616    1486.91    1486.65 0.0000e+00
       1067     33.000     8.9573     8.9574   3.740593   3.740730     2.6422      57.96     0.0774 5.1455e-02 1.9438e+00     44.397  44.753708    6.16894    35.3009    35.3023    27.3612    1486.95    1486.66 0.0000e+00
       1091     34.000     8.9577     8.9574   3.740670   3.740764     2.6453      91.12     0.0783 5.1441e-02 1.9438e+00     45.406  44.753720    6.16489    35.3009    35.3022    27.3611    1486.96    1486.67 0.0000e+00
       1118     35.000     8.9580     8.9580   3.740743   3.740879     2.6431      72.31     0.0783 5.1448e-02 1.9438e+00     46.540  44.753733    6.15082    35.3009    35.3023    27.3610    1486.98    1486.67 0.0000e+00
       1150     36.000     8.9578     8.9575   3.740773   3.740872     2.6435      80.85     0.0794 5.1454e-02 1.9438e+00     47.867  44.753748    6.16592    35.3009    35.3022    27.3611    1487.00    1486.68 0.0000e+00
       1185     37.000     8.9576     8.9571   3.740803   3.740864     2.6445      81.44     0.0818 5.1455e-02 1.9438e+00     49.348  44.753766    6.16522    35.3009    35.3021    27.3611    1487.01    1486.69 0.0000e+00
       1211     38.000     8.9578     8.9579   3.740858   3.740990     2.6440      54.57     0.0817 5.1474e-02 1.9438e+00     50.423  44.753778    6.16124    35.3008    35.3021    27.3610    1487.03    1486.70 0.0000e+00
       1230     39.000     8.9594     8.9597   3.741086   3.741230     2.6443     100.23     0.0814 5.1443e-02 1.9438e+00     51.192  44.753787    6.15384    35.3012    35.3024    27.3610    1487.05    1486.71 0.0000e+00
       1246     40.000     8.9600     8.9602   3.741176   3.741325     2.6407      74.86     0.0803 5.1464e-02 1.9438e+00     51.866  44.753795    6.14198    35.3010    35.3024    27.3608    1487.07    1486.72 0.0000e+00
       1261     41.000     8.9596     8.9596   3.741192   3.741315     2.6410      89.58     0.0839 5.1476e-02 1.9438e+00     52.493  44.753802    6.14669    35.3011    35.3024    27.3609    1487.09    1486.73 0.0000e+00
       1276     42.000     8.9608     8.9608   3.741360   3.741493     2.6381      41.81     0.0840 5.1438e-02 1.9438e+00     53.115  44.753809    6.14326    35.3012    35.3026    27.3608    1487.11    1486.74 0.0000e+00
       1290     43.000     8.9609     8.9609   3.741422   3.741540     2.6389      83.24     0.0838 5.1427e-02 1.9438e+00     53.721  44.753816    6.14830    35.3013    35.3025    27.3609    1487.13    1486.75 0.0000e+00
       1305     44.000     8.9606     8.9604   3.741432   3.741543     2.6383      98.61     0.0815 5.1445e-02 1.9438e+00     54.344  44.753823    6.13746    35.3012    35.3026    27.3608    1487.14    1486.76 0.0000e+00
       1324     45.000     8.9607     8.9605   3.741481   3.741605     2.6344      75.00     0.0806 5.1466e-02 1.9438e+00     55.127  44.753833    6.12703    35.3011    35.3026    27.3608    1487.16    1486.76 0.0000e+00
       1345     46.000     8.9606     8.9604   3.741527   3.741635     2.6333      50.66     0.0841 5.1466e-02 1.9438e+00     56.011  44.753843    6.14332    35.3012    35.3026    27.3609    1487.17    1486.77 0.0000e+00
       1366     47.000     8.9613     8.9612   3.741644   3.741760     2.6366      88.37     0.0843 5.1453e-02 1.9438e+00     56.869  44.753853    6.16265    35.3013    35.3026    27.3608    1487.19    1486.78 0.0000e+00
       1389     48.000     8.9615     8.9614   3.741702   3.741815     2.6371      80.88     0.0834 5.1446e-02 1.9438e+00     57.828  44.753864    6.15186    35.3012    35.3025    27.3607    1487.21    1486.79 0.0000e+00
       1419     49.000     8.9613     8.9614   3.741733   3.741867     2.6374      66.48     0.0832 5.1477e-02 1.9438e+00     59.074  44.753878    6.15488    35.3013    35.3026    27.3608    1487.23    1486.80 0.0000e+00
       1454     50.000     8.9616     8.9615   3.741799   3.741917     2.6382      92.01     0.0835 5.1449e-02 1.9438e+00     60.526  44.753895    6.15698    35.3012    35.3025    27.3607    1487.24    1486.81 0.0000e+00
       1481     51.000     8.9621     8.9622   3.741899   3.742036     2.6381      73.53     0.0839 5.1450e-02 1.9438e+00     61.663  44.753908    6.15143    35.3012    35.3026    27.3606    1487.26    1486.82 0.0000e+00
       1500     52.000     8.9626     8.9625   3.742001   3.742125     2.6366      49.57     0.0832 5.1461e-02 1.9438e+00     62.472  44.753917    6.15068    35.3013    35.3027    27.3606    1487.28    1486.83 0.0000e+00
       1517     53.000     8.9626     8.9627   3.742044   3.742170     2.6374      99.36     0.0829 5.1491e-02 1.9438e+00     63.153  44.753925    6.15059    35.3013    35.3025    27.3606    1487.30    1486.84 0.0000e+00
       1532     54.000     8.9622     8.9620   3.742046   3.742163     2.6352      85.74     0.0801 5.1447e-02 1.9438e+00     63.798  44.753933    6.13789    35.3012    35.3027    27.3606    1487.31    1486.84 0.0000e+00
       1547     55.000     8.9614     8.9614   3.742009   3.742136     2.6345      89.90     0.0824 5.1447e-02 1.9438e+00     64.428  44.753940    6.13543    35.3012    35.3025    27.3607    1487.32    1486.85 0.0000e+00
       1562     56.000     8.9621     8.9621   3.742126   3.742244     2.6317      35.55     0.0827 5.1428e-02 1.9438e+00     65.046  44.753947    6.13971    35.3012    35.3025    27.3606    1487.34    1486.86 0.0000e+00
       1580     57.000     8.9614     8.9615   3.742078   3.742230     2.6337      78.47     0.0837 5.1452e-02 1.9438e+00     65.787  44.753956    6.15705    35.3009    35.3024    27.3605    1487.36    1486.87 0.0000e+00
       1610     58.000     8.9609     8.9607   3.742073   3.742187     2.6350      97.48     0.0853 5.1440e-02 1.9438e+00     67.062  44.753971    6.15460    35.3009    35.3023    27.3606    1487.37    1486.88 0.0000e+00
       1638     59.000     8.9615     8.9614   3.742177   3.742308     2.6353      96.15     0.0882 5.1438e-02 1.9438e+00     68.216  44.753984    6.15384    35.3009    35.3024    27.3605    1487.39    1486.89 0.0000e+00
       1658     60.000     8.9617     8.9617   3.742256   3.742382     2.6349      95.40     0.0898 5.1500e-02 1.9438e+00     69.043  44.753994    6.14559    35.3011    35.3024    27.3606    1487.41    1486.90 0.0000e+00
       1675     61.000     8.9617     8.9618   3.742298   3.742444     2.6329      94.44     0.0921 5.1443e-02 1.9438e+00     69.752  44.754002    6.13716    35.3010    35.3025    27.3605    1487.42    1486.90 0.0000e+00
       1693     62.000     8.9622     8.9622   3.742414   3.742531     2.6312      93.60     0.0940 5.1447e-02 1.9438e+00     70.506  44.754010    6.13742    35.3013    35.3025    27.3606    1487.44    1486.91 0.0000e+00
       1716     63.000     8.9624     8.9623   3.742463   3.742572     2.6308      92.70     0.0911 5.1447e-02 1.9438e+00     71.456  44.754021    6.14629    35.3011    35.3023    27.3605    1487.46    1486.92 0.0000e+00
       1741     64.000     8.9625     8.9625   3.742523   3.742648     2.6317      91.92     0.0906 5.1442e-02 1.9438e+00     72.508  44.754034    6.15319    35.3012    35.3025    27.3605    1487.48    1486.93 0.0000e+00
       1762     65.000     8.9633     8.9633   3.742649   3.742778     2.6327      90.80     0.0914 5.1456e-02 1.9438e+00     73.382  44.754044    6.15380    35.3012    35.3026    27.3604    1487.50    1486.94 0.0000e+00
       1779     66.000     8.9636     8.9635   3.742736   3.742842     2.6324      89.97     0.0911 5.1463e-02 1.9438e+00     74.101  44.754052    6.15085    35.3013    35.3026    27.3605    1487.51    1486.95 0.0000e+00
       1796     67.000     8.9640     8.9640   3.742815   3.742937     2.6325      88.90     0.0933 5.1454e-02 1.9438e+00     74.777  44.754060    6.15076    35.3013    35.3026    27.3604    1487.53    1486.96 0.0000e+00
       1813     68.000     8.9639     8.9637   3.742846   3.742949     2.6320      87.82     0.0902 5.1466e-02 1.9438e+00     75.512  44.754068    6.14563    35.3012    35.3025    27.3603    1487.55    1486.97 0.0000e+00
       1840     69.000     8.9638     8.9638   3.742878   3.743002     2.6304      86.50     0.0872 5.1450e-02 1.9438e+00     76.613  44.754081    6.14389    35.3012    35.3025    27.3603    1487.56    1486.97 0.0000e+00
       1874     70.000     8.9628     8.9633   3.742816   3.743002     2.6297      85.11     0.0895 5.1474e-02 1.9438e+00     78.047  44.754098    6.14357    35.3011    35.3025    27.3604    1487.58    1486.98 0.0000e+00
       1901     71.000     8.9626     8.9632   3.742834   3.743026     2.6289      84.22     0.0899 5.1449e-02 1.9438e+00     79.163  44.754111    6.14350    35.3010    35.3024    27.3603    1487.59    1486.99 0.0000e+00
       1921     72.000     8.9615     8.9620   3.742764   3.742948     2.6288      83.17     0.0872 5.1449e-02 1.9438e+00     80.018  44.754121    6.14588    35.3008    35.3023    27.3604    1487.60    1487.00 0.0000e+00
       1939     73.000     8.9627     8.9623   3.742946   3.743010     2.6289      82.35     0.0884 5.1418e-02 1.9438e+00     80.748  44.754129    6.14763    35.3011    35.3021    27.3604    1487.62    1487.01 0.0000e+00
       1955     74.000     8.9634     8.9635   3.743065   3.743208     2.6290      81.45     0.0889 5.1457e-02 1.9438e+00     81.418  44.754137    6.14585    35.3012    35.3026    27.3604    1487.64    1487.02 0.0000e+00
       1970     75.000     8.9625     8.9624   3.742996   3.743125     2.6285      80.62     0.0866 5.1467e-02 1.9438e+00     82.055  44.754144    6.14148    35.3008    35.3023    27.3603    1487.66    1487.03 0.0000e+00
       1985     76.000     8.9627     8.9632   3.743083   3.743257     2.6274      79.39     0.0901 5.1457e-02 1.9438e+00     82.676  44.754151    6.13867    35.3011    35.3024    27.3604    1487.67    1487.03 0.0000e+00
