IBTS/IBTS_CruiseNotebook/Data/CTD/sta0012.cnv
* Sea-Bird SBE 9 Data File:
* FileName = C:\Seabird\CTDData\sta0012.hex
* Software Version Seasave V 7.21f
* Temperature SN = 2491
* Conductivity SN = 2694
* Number of Bytes Per Scan = 40
* Number of Voltage Words = 5
* Number of Scans Averaged by the Deck Unit = 1
* NMEA Latitude = 61 14.92 N
* NMEA Longitude = 002 09.38 E
* NMEA UTC (Time) = Feb 11 2020 04:42:14
* NMEA baud rate = 4800
** Ship: 10 F/F "G. O. Sars"
** Station: 0012
** Echodepth: 194
** Log: 7816.10
** Wind-Dir Force: 27 29
** Air-temp (dry): 5.3
** Weather Sky:
** Sea Ice:
# nquan = 20                                
# nvalues = 184                         
# units = specified
# name 0 = scan: Scan Count
# name 1 = prDM: Pressure, Digiquartz [db]
# name 2 = t068C: Temperature [ITS-68, deg C]
# name 3 = t168C: Temperature, 2 [ITS-68, deg C]
# name 4 = c0S/m: Conductivity [S/m]
# name 5 = c1S/m: Conductivity, 2 [S/m]
# name 6 = sbeox0V: Oxygen raw, SBE 43 [V]
# name 7 = altM: Altimeter [m]
# name 8 = flC: Fluorescence, Chelsea Aqua 3 Chl Con [ug/l]
# name 9 = par: PAR/Irradiance, Biospherical/Licor
# name 10 = spar: SPAR/Surface Irradiance
# name 11 = timeS: Time, Elapsed [seconds]
# name 12 = timeJ: Julian Days
# name 13 = sbeox0ML/L: Oxygen, SBE 43 [ml/l], WS = 2
# name 14 = sal00: Salinity, Practical [PSU]
# name 15 = sal11: Salinity, Practical, 2 [PSU]
# name 16 = sigma-t00: Density [sigma-t, Kg/m^3 ]
# name 17 = svCM: Sound Velocity [Chen-Millero, m/s]
# name 18 = avgsvCM: Average Sound Velocity [Chen-Millero, m/s], minP = 1, minS = 5
# name 19 = flag: flag
# span 0 =        -73,       4353       
# span 1 =      4.000,    187.000       
# span 2 =     8.5013,     8.5737       
# span 3 =     8.5018,     8.5738       
# span 4 =   3.695986,   3.701436       
# span 5 =   3.696165,   3.701585       
# span 6 =     2.5939,     2.6472       
# span 7 =       8.46,      99.42       
# span 8 =     0.0381,     0.0560       
# span 9 = 5.1428e-02, 1.1964e+00       
# span 10 = -6.760e-04, 1.9503e+00      
# span 11 =     -3.091,    181.323      
# span 12 =  42.195983,  42.198117      
# span 13 =    6.18013,    6.23157      
# span 14 =    35.2334,    35.2445      
# span 15 =    35.2352,    35.2466      
# span 16 =    27.3771,    27.3811      
# span 17 =    1484.94,    1487.76      
# span 18 =    1484.95,    1486.37      
# span 19 = 0.0000e+00, 0.0000e+00      
# interval = decibars: 1                
# start_time = Feb 11 2020 04:42:16 [System UTC, header]
# bad_flag = -9.990e-29
*END*
[from data line 145]
       3479    149.000     8.5045     8.5046   3.696850   3.697028     2.6094      46.82     0.0494 5.1476e-02 1.9438e+00    144.912  42.197696    6.21339    35.2339    35.2357    27.3805    1487.10    1486.10 0.0000e+00
       3494    150.000     8.5056     8.5057   3.697016   3.697181     2.6084      45.74     0.0468 5.1482e-02 1.9438e+00    145.560  42.197703    6.21225    35.2340    35.2357    27.3804    1487.12    1486.11 0.0000e+00
       3523    151.000     8.5069     8.5067   3.697186   3.697328     2.6084      44.24     0.0463 5.1475e-02 1.9438e+00    146.762  42.197717    6.21879    35.2341    35.2358    27.3802    1487.14    1486.11 0.0000e+00
       3559    152.000     8.5076     8.5077   3.697284   3.697477     2.6086      43.05     0.0455 5.1491e-02 1.9438e+00    148.264  42.197735    6.21576    35.2339    35.2359    27.3800    1487.16    1486.12 0.0000e+00
       3587    153.000     8.5064     8.5063   3.697208   3.697383     2.6077      42.13     0.0464 5.1441e-02 1.9438e+00    149.415  42.197748    6.21151    35.2338    35.2358    27.3801    1487.17    1486.13 0.0000e+00
       3608    154.000     8.5072     8.5072   3.697342   3.697525     2.6067      41.29     0.0437 5.1490e-02 1.9438e+00    150.308  42.197758    6.20837    35.2340    35.2359    27.3801    1487.19    1486.13 0.0000e+00
       3627    155.000     8.5088     8.5081   3.697568   3.697673     2.6057      40.41     0.0463 5.1467e-02 1.9438e+00    151.097  42.197767    6.20695    35.2343    35.2361    27.3801    1487.21    1486.14 0.0000e+00
       3645    156.000     8.5106     8.5100   3.697818   3.697917     2.6052      39.58     0.0457 5.1472e-02 1.9438e+00    151.813  42.197776    6.21113    35.2347    35.2363    27.3801    1487.24    1486.15 0.0000e+00
       3660    157.000     8.5147     8.5146   3.698287   3.698433     2.6056      38.64     0.0443 5.1476e-02 1.9438e+00    152.462  42.197783    6.21378    35.2351    35.2367    27.3798    1487.27    1486.16 0.0000e+00
       3675    158.000     8.5147     8.5145   3.698336   3.698480     2.6057      37.74     0.0458 5.1466e-02 1.9438e+00    153.080  42.197790    6.21069    35.2351    35.2368    27.3798    1487.28    1486.16 0.0000e+00
       3690    159.000     8.5134     8.5116   3.698232   3.698211     2.6048      36.85     0.0454 5.1495e-02 1.9438e+00    153.696  42.197797    6.20769    35.2348    35.2364    27.3798    1487.30    1486.17 0.0000e+00
       3705    160.000     8.5086     8.5085   3.697781   3.697920     2.6045      35.77     0.0458 5.1476e-02 1.9438e+00    154.353  42.197805    6.21068    35.2343    35.2359    27.3802    1487.29    1486.18 0.0000e+00
       3755    161.000     8.5073     8.5065   3.697664   3.697766     2.6055      33.78     0.0501 5.1495e-02 5.9911e-01    156.414  42.197829    6.22009    35.2339    35.2358    27.3801    1487.30    1486.18 0.0000e+00
       3809    162.000     8.5042     8.5044   3.697398   3.697587     2.6081      32.62     0.0465 5.1469e-02 1.8370e+00    158.647  42.197855    6.23157    35.2337    35.2355    27.3804    1487.31    1486.19 0.0000e+00
       3825    163.000     8.5070     8.5057   3.697757   3.697772     2.6083      32.10     0.0464 5.1495e-02 1.9451e+00    159.339  42.197863    6.22336    35.2342    35.2357    27.3804    1487.34    1486.20 0.0000e+00
       3841    164.000     8.5045     8.5041   3.697523   3.697658     2.6076      31.23     0.0478 5.1505e-02 1.9438e+00    160.005  42.197870    6.21295    35.2338    35.2356    27.3804    1487.34    1486.21 0.0000e+00
       3856    165.000     8.5017     8.5019   3.697270   3.697469     2.6051      30.55     0.0483 5.1485e-02 1.9438e+00    160.643  42.197878    6.20386    35.2334    35.2353    27.3805    1487.35    1486.21 0.0000e+00
       3871    166.000     8.5013     8.5018   3.697283   3.697501     2.6036      29.63     0.0504 5.1456e-02 1.9438e+00    161.258  42.197885    6.20570    35.2335    35.2353    27.3806    1487.36    1486.22 0.0000e+00
       3886    167.000     8.5034     8.5035   3.697553   3.697703     2.6032      28.84     0.0500 5.1485e-02 1.9438e+00    161.869  42.197892    6.20834    35.2337    35.2352    27.3805    1487.39    1486.23 0.0000e+00
       3900    168.000     8.5051     8.5051   3.697781   3.697936     2.6021      27.58     0.0487 5.1459e-02 1.9438e+00    162.479  42.197899    6.20448    35.2340    35.2356    27.3805    1487.41    1486.23 0.0000e+00
       3915    169.000     8.5063     8.5059   3.697967   3.698077     2.6011      26.45     0.0481 5.1486e-02 1.9438e+00    163.087  42.197906    6.20465    35.2343    35.2358    27.3805    1487.43    1486.24 0.0000e+00
       3929    170.000     8.5079     8.5079   3.698170   3.698320     2.6009      25.74     0.0480 5.1460e-02 1.9438e+00    163.682  42.197913    6.20849    35.2344    35.2359    27.3803    1487.46    1486.25 0.0000e+00
       3943    171.000     8.5080     8.5079   3.698226   3.698376     2.6009      24.76     0.0445 5.1439e-02 1.9438e+00    164.269  42.197920    6.21246    35.2344    35.2361    27.3803    1487.47    1486.25 0.0000e+00
       3958    172.000     8.5075     8.5078   3.698208   3.698405     2.6012      23.99     0.0401 5.1491e-02 1.9438e+00    164.857  42.197927    6.21373    35.2342    35.2360    27.3802    1487.49    1486.26 0.0000e+00
       3992    173.000     8.5070     8.5078   3.698210   3.698459     2.6014      22.73     0.0422 5.1484e-02 1.9438e+00    166.311  42.197943    6.21370    35.2342    35.2361    27.3804    1487.50    1486.27 0.0000e+00
       4077    174.000     8.5085     8.5084   3.698396   3.698558     2.6021      21.36     0.0441 5.1466e-02 1.9438e+00    169.823  42.197984    6.22001    35.2342    35.2360    27.3801    1487.52    1486.28 0.0000e+00
       4093    175.000     8.5077     8.5076   3.698356   3.698527     2.6023      20.66     0.0486 5.1481e-02 1.9438e+00    170.518  42.197992    6.21574    35.2341    35.2360    27.3802    1487.54    1486.28 0.0000e+00
       4109    176.000     8.5074     8.5075   3.698379   3.698550     2.6016      19.83     0.0501 5.1466e-02 1.9438e+00    171.170  42.198000    6.21065    35.2342    35.2359    27.3802    1487.55    1486.29 0.0000e+00
       4124    177.000     8.5077     8.5077   3.698453   3.698633     2.6006      18.32     0.0467 5.1481e-02 1.9438e+00    171.812  42.198007    6.21039    35.2342    35.2361    27.3802    1487.57    1486.30 0.0000e+00
       4140    178.000     8.5079     8.5079   3.698517   3.698688     2.6008      17.63     0.0459 5.1495e-02 1.9438e+00    172.445  42.198014    6.21010    35.2342    35.2360    27.3802    1487.59    1486.30 0.0000e+00
       4155    179.000     8.5081     8.5081   3.698585   3.698748     2.5993      16.81     0.0447 5.1482e-02 1.9438e+00    173.089  42.198022    6.20083    35.2342    35.2360    27.3802    1487.60    1486.31 0.0000e+00
       4174    180.000     8.5083     8.5082   3.698649   3.698806     2.5975      15.38     0.0429 5.1467e-02 1.9438e+00    173.861  42.198031    6.19782    35.2342    35.2360    27.3801    1487.62    1486.32 0.0000e+00
       4194    181.000     8.5075     8.5075   3.698612   3.698777     2.5963      14.20     0.0420 5.1491e-02 1.9438e+00    174.694  42.198040    6.20011    35.2341    35.2359    27.3802    1487.64    1486.33 0.0000e+00
       4210    182.000     8.5062     8.5067   3.698520   3.698717     2.5960      13.35     0.0446 5.1447e-02 1.9438e+00    175.375  42.198048    6.20037    35.2340    35.2356    27.3803    1487.65    1486.33 0.0000e+00
       4225    183.000     8.5066     8.5069   3.698606   3.698789     2.5952      12.38     0.0454 5.1476e-02 1.9438e+00    176.003  42.198056    6.19889    35.2340    35.2357    27.3802    1487.66    1486.34 0.0000e+00
       4240    184.000     8.5101     8.5099   3.699017   3.699147     2.5948      11.29     0.0454 5.1495e-02 1.9438e+00    176.625  42.198063    6.19954    35.2344    35.2360    27.3800    1487.69    1486.35 0.0000e+00
       4255    185.000     8.5117     8.5115   3.699209   3.699354     2.5946      10.40     0.0469 5.1447e-02 1.9438e+00    177.244  42.198070    6.19953    35.2344    35.2361    27.3797    1487.72    1486.36 0.0000e+00
       4270    186.000     8.5120     8.5123   3.699280   3.699470     2.5939       9.56     0.0459 5.1466e-02 1.9438e+00    177.868  42.198077    6.19779    35.2343    35.2361    27.3797    1487.73    1486.36 0.0000e+00
       4353    187.000     8.5136     8.5138   3.699527   3.699691     2.5944       8.46     0.0428 5.1448e-02 1.9438e+00    181.323  42.198117    6.20166    35.2349    35.2364    27.3798    1487.76    1486.37 0.0000e+00
