IBTS/IBTS_CruiseNotebook/Data/CTD/sta0031.cnv
* Sea-Bird SBE 9 Data File:
* FileName = C:\Seabird\CTDData\sta0031.hex
* Software Version Seasave V 7.21f
* Temperature SN = 2491
* Conductivity SN = 2694
* Number of Bytes Per Scan = 40
* Number of Voltage Words = 5
* Number of Scans Averaged by the Deck Unit = 1
* NMEA Latitude = 60 52.11 N
* NMEA Longitude = 001 12.15 E
* NMEA UTC (Time) = Feb 14 2020 01:35:45
* NMEA baud rate = 4800
** Ship: 10 F/F "G. O. Sars"
** Station: 0031
** Echodepth: 154
** Log: 8274.8
** Wind-Dir Force: 08 10
** Air-temp (dry): 2.4
** Weather Sky:
** Sea Ice:
# nquan = 20                                
# nvalues = 147                         
# units = specified
# name 0 = scan: Scan Count
# name 1 = prDM: Pressure, Digiquartz [db]
# name 2 = t068C: Temperature [ITS-68, deg C]
# name 3 = t168C: Temperature, 2 [ITS-68, deg C]
# name 4 = c0S/m: Conductivity [S/m]
# name 5 = c1S/m: Conductivity, 2 [S/m]
# name 6 = sbeox0V: Oxygen raw, SBE 43 [V]
# name 7 = altM: Altimeter [m]
# name 8 = flC: Fluorescence, Chelsea Aqua 3 Chl Con [ug/l]
# name 9 = par: PAR/Irradiance, Biospherical/Licor
# name 10 = spar: SPAR/Surface Irradiance
# name 11 = timeS: Time, Elapsed [seconds]
# name 12 = timeJ: Julian Days
# name 13 = sbeox0ML/L: Oxygen, SBE 43 [ml/l], WS = 2
# name 14 = sal00: Salinity, Practical [PSU]
# name 15 = sal11: Salinity, Practical, 2 [PSU]
# name 16 = sigma-t00: Density [sigma-t, Kg/m^3 ]
# name 17 = svCM: Sound Velocity [Chen-Millero, m/s]
# name 18 = avgsvCM: Average Sound Velocity [Chen-Millero, m/s], minP = 1, minS = 5
# name 19 = flag: flag
# span 0 =         31,       4581       
# span 1 =      3.000,    149.000       
# span 2 =     8.5601,     8.6130       
# span 3 =     8.5603,     8.6085       
# span 4 =   3.695500,   3.707757       
# span 5 =   3.695635,   3.707827       
# span 6 =     2.6073,     2.6495       
# span 7 =       5.97,      98.98       
# span 8 =     0.0721,     0.0920       
# span 9 = 5.1427e-02, 1.8752e+00       
# span 10 = 1.2414e-01, 2.4106e+00      
# span 11 =      1.265,    190.818      
# span 12 =  45.066531,  45.068725      
# span 13 =    6.16319,    6.22325      
# span 14 =    35.2314,    35.2462      
# span 15 =    35.2327,    35.2472      
# span 16 =    27.3696,    27.3757      
# span 17 =    1484.97,    1487.50      
# span 18 =    1485.07,    1486.24      
# span 19 = 0.0000e+00, 0.0000e+00      
# interval = decibars: 1                
# start_time = Feb 14 2020 01:35:47 [System UTC, header]
# bad_flag = -9.990e-29
*END*
[from data line 73]
       2739     76.000     8.5990     8.5989   3.703494   3.703606     2.6320      79.13     0.0831 5.1445e-02 -9.990e-29    114.096  45.067837    6.20364    35.2453    35.2466    27.3746    1486.26    1485.62 0.0000e+00
       2755     77.000     8.5992     8.5992   3.703583   3.703697     2.6309      78.25     0.0848 5.1476e-02 -9.990e-29    114.746  45.067844    6.20323    35.2456    35.2468    27.3748    1486.28    1485.63 0.0000e+00
       2770     78.000     8.5997     8.5999   3.703690   3.703815     2.6302      77.48     0.0864 5.1457e-02 -9.990e-29    115.367  45.067852    6.20328    35.2458    35.2469    27.3749    1486.30    1485.64 0.0000e+00
       2786     79.000     8.5999     8.6001   3.703768   3.703899     2.6295      76.38     0.0890 5.1449e-02 -9.990e-29    116.045  45.067859    6.20355    35.2459    35.2471    27.3749    1486.32    1485.65 0.0000e+00
       2814     80.000     8.5999     8.6001   3.703825   3.703946     2.6295      74.93     0.0884 5.1453e-02 1.3548e+00    117.201  45.067873    6.21198    35.2460    35.2471    27.3750    1486.33    1485.66 0.0000e+00
       2850     81.000     8.5989     8.5988   3.703737   3.703833     2.6309      73.75     0.0857 5.1460e-02 1.6184e+00    118.727  45.067890    6.21743    35.2456    35.2467    27.3749    1486.34    1485.66 0.0000e+00
       2875     82.000     8.5987     8.5988   3.703754   3.703877     2.6314      72.90     0.0877 5.1459e-02 1.2942e+00    119.756  45.067902    6.21672    35.2455    35.2467    27.3748    1486.36    1485.67 0.0000e+00
       2894     83.000     8.5987     8.5987   3.703803   3.703907     2.6314      72.11     0.0883 5.1442e-02 1.9374e+00    120.554  45.067911    6.21643    35.2455    35.2466    27.3748    1486.38    1485.68 0.0000e+00
       2912     84.000     8.6004     8.6003   3.704059   3.704154     2.6313      71.27     0.0865 5.1442e-02 1.9438e+00    121.303  45.067920    6.21357    35.2461    35.2472    27.3750    1486.40    1485.69 0.0000e+00
       2931     85.000     8.6006     8.6000   3.704112   3.704158     2.6304      70.25     0.0883 5.1454e-02 1.9438e+00    122.090  45.067929    6.20756    35.2459    35.2470    27.3749    1486.42    1485.70 0.0000e+00
       2951     86.000     8.5992     8.5986   3.703982   3.704014     2.6289      69.24     0.0901 5.1433e-02 1.9438e+00    122.919  45.067939    6.20560    35.2455    35.2464    27.3747    1486.43    1485.71 0.0000e+00
       2971     87.000     8.5988     8.5988   3.703967   3.704091     2.6286      68.23     0.0891 5.1465e-02 1.9438e+00    123.731  45.067948    6.21174    35.2452    35.2465    27.3746    1486.44    1485.72 0.0000e+00
       2988     88.000     8.5987     8.5987   3.704001   3.704122     2.6288      67.34     0.0855 5.1461e-02 1.9438e+00    124.478  45.067957    6.21479    35.2452    35.2465    27.3746    1486.46    1485.72 0.0000e+00
       3005     89.000     8.5989     8.5991   3.704070   3.704211     2.6290      66.40     0.0853 5.1486e-02 8.0003e-01    125.168  45.067965    6.21426    35.2453    35.2465    27.3746    1486.47    1485.73 0.0000e+00
       3022     90.000     8.6012     8.6015   3.704390   3.704533     2.6287      65.28     0.0892 5.1467e-02 1.9295e+00    125.888  45.067973    6.21204    35.2459    35.2471    27.3747    1486.50    1485.74 0.0000e+00
       3043     91.000     8.6015     8.6014   3.704462   3.704563     2.6286      64.13     0.0854 5.1460e-02 1.1527e+00    126.751  45.067983    6.21318    35.2458    35.2470    27.3746    1486.52    1485.75 0.0000e+00
       3072     92.000     8.6011     8.6015   3.704468   3.704616     2.6277      63.05     0.0820 5.1462e-02 1.0614e+00    127.938  45.067997    6.20788    35.2458    35.2470    27.3747    1486.53    1485.76 0.0000e+00
       3105     93.000     8.6013     8.6015   3.704539   3.704661     2.6272      61.93     0.0807 5.1454e-02 1.9576e+00    129.334  45.068013    6.21473    35.2459    35.2470    27.3747    1486.55    1485.77 0.0000e+00
       3133     94.000     8.6024     8.6028   3.704715   3.704851     2.6279      60.92     0.0801 5.1453e-02 -9.990e-29    130.515  45.068027    6.21398    35.2462    35.2472    27.3748    1486.57    1485.78 0.0000e+00
       3156     95.000     8.6025     8.6027   3.704754   3.704875     2.6273      60.25     0.0801 5.1462e-02 -9.990e-29    131.444  45.068038    6.20164    35.2460    35.2471    27.3746    1486.59    1485.78 0.0000e+00
       3174     96.000     8.6025     8.6027   3.704796   3.704929     2.6244      59.44     0.0845 5.1427e-02 -9.990e-29    132.208  45.068046    6.18949    35.2460    35.2472    27.3746    1486.60    1485.79 0.0000e+00
       3191     97.000     8.6009     8.6010   3.704652   3.704782     2.6227      58.47     0.0845 5.1463e-02 -9.990e-29    132.896  45.068054    6.19147    35.2456    35.2468    27.3745    1486.61    1485.80 0.0000e+00
       3206     98.000     8.6005     8.6006   3.704659   3.704772     2.6216      57.60     0.0835 5.1447e-02 -9.990e-29    133.539  45.068062    6.19315    35.2455    35.2466    27.3746    1486.63    1485.81 0.0000e+00
       3221     99.000     8.6022     8.6023   3.704883   3.705009     2.6209      56.70     0.0809 5.1457e-02 -9.990e-29    134.167  45.068069    6.19753    35.2457    35.2470    27.3745    1486.65    1485.82 0.0000e+00
       3236    100.000     8.6010     8.6005   3.704773   3.704845     2.6215      55.61     0.0819 5.1463e-02 -9.990e-29    134.809  45.068076    6.20643    35.2453    35.2466    27.3743    1486.66    1485.83 0.0000e+00
       3254    101.000     8.6001     8.6001   3.704725   3.704836     2.6226      54.55     0.0834 5.1460e-02 -9.990e-29    135.559  45.068085    6.20938    35.2452    35.2464    27.3744    1486.68    1485.83 0.0000e+00
       3281    102.000     8.6001     8.6004   3.704765   3.704910     2.6227      53.21     0.0840 5.1451e-02 -9.990e-29    136.655  45.068098    6.20763    35.2451    35.2464    27.3743    1486.69    1485.84 0.0000e+00
       3310    103.000     8.6006     8.6007   3.704870   3.704983     2.6236      51.94     0.0824 5.1440e-02 -9.990e-29    137.885  45.068112    6.21530    35.2453    35.2464    27.3743    1486.71    1485.85 0.0000e+00
       3332    104.000     8.6015     8.6021   3.705015   3.705191     2.6247      51.08     0.0839 5.1487e-02 -9.990e-29    138.789  45.068123    6.21826    35.2454    35.2467    27.3743    1486.73    1485.86 0.0000e+00
       3349    105.000     8.6022     8.6035   3.705137   3.705390     2.6252      50.41     0.0822 5.1457e-02 -9.990e-29    139.503  45.068131    6.21448    35.2455    35.2469    27.3743    1486.75    1485.87 0.0000e+00
       3365    106.000     8.6034     8.6034   3.705319   3.705439     2.6245      49.43     0.0860 5.1444e-02 -9.990e-29    140.168  45.068139    6.20694    35.2458    35.2471    27.3743    1486.77    1485.88 0.0000e+00
       3384    107.000     8.6033     8.6028   3.705362   3.705404     2.6231      48.39     0.0859 5.1441e-02 -9.990e-29    140.976  45.068148    6.20279    35.2459    35.2468    27.3744    1486.79    1485.89 0.0000e+00
       3423    108.000     8.6031     8.6025   3.705373   3.705413     2.6218      46.88     0.0853 5.1461e-02 -9.990e-29    142.570  45.068166    6.20855    35.2457    35.2467    27.3743    1486.80    1485.89 0.0000e+00
       3456    109.000     8.6035     8.6030   3.705468   3.705510     2.6229      45.92     0.0878 5.1451e-02 -9.990e-29    143.966  45.068182    6.21450    35.2458    35.2468    27.3743    1486.82    1485.90 0.0000e+00
       3474    110.000     8.6038     8.6038   3.705525   3.705646     2.6228      45.17     0.0844 5.1452e-02 -9.990e-29    144.727  45.068191    6.21084    35.2456    35.2469    27.3741    1486.84    1485.91 0.0000e+00
       3490    111.000     8.6040     8.6042   3.705612   3.705738     2.6226      44.32     0.0831 5.1437e-02 -9.990e-29    145.386  45.068199    6.20837    35.2459    35.2470    27.3743    1486.86    1485.92 0.0000e+00
       3505    112.000     8.6046     8.6045   3.705705   3.705816     2.6218      43.42     0.0831 5.1436e-02 -9.990e-29    146.020  45.068206    6.20375    35.2458    35.2471    27.3741    1486.88    1485.93 0.0000e+00
       3520    113.000     8.6043     8.6043   3.705716   3.705843     2.6210      42.47     0.0830 5.1470e-02 -9.990e-29    146.641  45.068213    6.19750    35.2457    35.2471    27.3741    1486.89    1485.94 0.0000e+00
       3535    114.000     8.6033     8.6034   3.705642   3.705758     2.6190      41.49     0.0821 5.1466e-02 -9.990e-29    147.258  45.068221    6.18952    35.2454    35.2466    27.3740    1486.90    1485.94 0.0000e+00
       3550    115.000     8.6048     8.6049   3.705861   3.705971     2.6173      40.53     0.0843 5.1447e-02 -9.990e-29    147.869  45.068228    6.18709    35.2458    35.2468    27.3741    1486.93    1485.95 0.0000e+00
       3567    116.000     8.6035     8.6040   3.705764   3.705922     2.6159      39.40     0.0857 5.1461e-02 -9.990e-29    148.596  45.068236    6.18983    35.2456    35.2467    27.3741    1486.94    1485.96 0.0000e+00
       3594    117.000     8.6023     8.6023   3.705675   3.705776     2.6154      38.10     0.0883 5.1463e-02 -9.990e-29    149.702  45.068249    6.19937    35.2453    35.2464    27.3741    1486.95    1485.97 0.0000e+00
       3618    118.000     8.6034     8.6036   3.705843   3.705970     2.6170      37.12     0.0887 5.1454e-02 -9.990e-29    150.716  45.068261    6.21152    35.2455    35.2467    27.3741    1486.97    1485.98 0.0000e+00
       3644    119.000     8.6037     8.6037   3.705920   3.706030     2.6188      36.10     0.0815 5.1449e-02 -9.990e-29    151.792  45.068273    6.21573    35.2456    35.2467    27.3741    1486.99    1485.99 0.0000e+00
       3674    120.000     8.6020     8.6023   3.705762   3.705905     2.6204      35.05     0.0849 5.1437e-02 -9.990e-29    153.062  45.068288    6.21628    35.2451    35.2463    27.3740    1487.00    1486.00 0.0000e+00
       3701    121.000     8.6020     8.6017   3.705815   3.705896     2.6203      34.15     0.0915 5.1445e-02 1.9438e+00    154.161  45.068301    6.21274    35.2452    35.2463    27.3741    1487.01    1486.00 0.0000e+00
       3720    122.000     8.6014     8.6016   3.705787   3.705911     2.6202      33.35     0.0881 5.1435e-02 1.0067e+00    154.938  45.068309    6.21130    35.2450    35.2461    27.3740    1487.03    1486.01 0.0000e+00
       3735    123.000     8.6019     8.6018   3.705875   3.705984     2.6194      32.47     0.0835 5.1454e-02 1.6964e+00    155.601  45.068317    6.20825    35.2450    35.2462    27.3739    1487.05    1486.02 0.0000e+00
       3751    124.000     8.6021     8.6022   3.705934   3.706062     2.6190      31.57     0.0802 5.1457e-02 1.9384e+00    156.236  45.068325    6.20668    35.2449    35.2462    27.3738    1487.06    1486.03 0.0000e+00
       3766    125.000     8.6013     8.6014   3.705882   3.706015     2.6179      30.65     0.0813 5.1457e-02 1.9438e+00    156.858  45.068332    6.20402    35.2447    35.2460    27.3738    1487.08    1486.04 0.0000e+00
       3780    126.000     8.6015     8.6016   3.705951   3.706072     2.6175      29.66     0.0838 5.1459e-02 5.6554e-01    157.475  45.068339    6.20336    35.2447    35.2459    27.3738    1487.09    1486.05 0.0000e+00
       3795    127.000     8.6018     8.6019   3.706023   3.706138     2.6167      28.68     0.0862 5.1437e-02 5.9850e-01    158.088  45.068346    6.19965    35.2447    35.2458    27.3737    1487.11    1486.05 0.0000e+00
       3823    128.000     8.6016     8.6016   3.706050   3.706156     2.6151      27.24     0.0867 5.1462e-02 -9.990e-29    159.248  45.068359    6.20307    35.2447    35.2458    27.3737    1487.13    1486.06 0.0000e+00
       3862    129.000     8.6019     8.6019   3.706119   3.706235     2.6165      26.04     0.0893 5.1457e-02 -9.990e-29    160.856  45.068378    6.21309    35.2447    35.2459    27.3736    1487.14    1486.07 0.0000e+00
       3882    130.000     8.6023     8.6024   3.706229   3.706347     2.6158      25.31     0.0907 5.1450e-02 -9.990e-29    161.701  45.068388    6.20434    35.2449    35.2461    27.3738    1487.16    1486.08 0.0000e+00
       3898    131.000     8.6023     8.6025   3.706264   3.706385     2.6157      24.47     0.0861 5.1472e-02 -9.990e-29    162.382  45.068396    6.20629    35.2448    35.2459    27.3737    1487.18    1486.09 0.0000e+00
       3913    132.000     8.6026     8.6027   3.706340   3.706471     2.6153      23.61     0.0850 5.1449e-02 -9.990e-29    163.020  45.068403    6.20446    35.2448    35.2461    27.3737    1487.20    1486.10 0.0000e+00
       3929    133.000     8.6025     8.6026   3.706391   3.706509     2.6148      22.65     0.0854 5.1452e-02 -9.990e-29    163.669  45.068410    6.20334    35.2450    35.2462    27.3738    1487.21    1486.10 0.0000e+00
       3948    134.000     8.6025     8.6026   3.706418   3.706542     2.6142      21.55     0.0874 5.1459e-02 -9.990e-29    164.464  45.068420    6.20149    35.2448    35.2460    27.3737    1487.23    1486.11 0.0000e+00
       3969    135.000     8.6024     8.6024   3.706442   3.706569     2.6132      20.47     0.0887 5.1459e-02 -9.990e-29    165.334  45.068430    6.19878    35.2447    35.2460    27.3736    1487.24    1486.12 0.0000e+00
       3988    136.000     8.6024     8.6023   3.706478   3.706591     2.6125      19.50     0.0863 5.1442e-02 -9.990e-29    166.145  45.068439    6.20009    35.2446    35.2459    27.3735    1487.26    1486.13 0.0000e+00
       4006    137.000     8.6022     8.6024   3.706501   3.706638     2.6124      18.57     0.0832 5.1458e-02 -9.990e-29    166.888  45.068448    6.20251    35.2445    35.2458    27.3735    1487.28    1486.14 0.0000e+00
       4025    138.000     8.6022     8.6017   3.706532   3.706610     2.6122      17.55     0.0811 5.1453e-02 -9.990e-29    167.676  45.068457    6.20229    35.2444    35.2457    27.3734    1487.29    1486.15 0.0000e+00
       4052    139.000     8.6022     8.6020   3.706582   3.706676     2.6114      16.35     0.0814 5.1463e-02 -9.990e-29    168.779  45.068470    6.19718    35.2444    35.2456    27.3734    1487.31    1486.15 0.0000e+00
       4084    140.000     8.6025     8.6027   3.706673   3.706797     2.6104      15.24     0.0864 5.1447e-02 -9.990e-29    170.125  45.068485    6.19765    35.2446    35.2457    27.3735    1487.33    1486.16 0.0000e+00
       4108    141.000     8.6028     8.6029   3.706743   3.706873     2.6098      14.37     0.0875 5.1454e-02 -9.990e-29    171.121  45.068497    6.19520    35.2446    35.2459    27.3734    1487.34    1486.17 0.0000e+00
       4125    142.000     8.6031     8.6033   3.706822   3.706971     2.6094      13.55     0.0856 5.1463e-02 -9.990e-29    171.841  45.068505    6.19718    35.2446    35.2460    27.3734    1487.36    1486.18 0.0000e+00
       4141    143.000     8.6027     8.6031   3.706832   3.706992     2.6094      12.67     0.0832 5.1447e-02 -9.990e-29    172.490  45.068513    6.19862    35.2447    35.2460    27.3735    1487.38    1486.19 0.0000e+00
       4156    144.000     8.6037     8.6037   3.707001   3.707111     2.6092      11.73     0.0808 5.1466e-02 -9.990e-29    173.117  45.068520    6.19645    35.2450    35.2461    27.3736    1487.40    1486.20 0.0000e+00
       4330    145.000     8.6046     8.6051   3.707141   3.707322     2.6099      10.44     0.0854 5.1469e-02 -9.990e-29    180.365  45.068604    6.19864    35.2451    35.2465    27.3736    1487.42    1486.20 0.0000e+00
       4449    146.000     8.6061     8.6069   3.707375   3.707562     2.6100       9.49     0.0888 5.1435e-02 -9.990e-29    185.343  45.068661    6.19686    35.2456    35.2468    27.3737    1487.44    1486.21 0.0000e+00
