IBTS/IBTS_CruiseNotebook/Data/CTD/sta0010.cnv
* Sea-Bird SBE 9 Data File:
* FileName = C:\Seabird\CTDData\sta0010.hex
* Software Version Seasave V 7.21f
* Temperature SN = 2491
* Conductivity SN = 2694
* Number of Bytes Per Scan = 40
* Number of Voltage Words = 5
* Number of Scans Averaged by the Deck Unit = 1
* NMEA Latitude = 61 12.60 N
* NMEA Longitude = 001 47.82 E
* NMEA UTC (Time) = Feb 11 2020 00:35:10
* NMEA baud rate = 4800
** Ship: 10 F/F "G. O. Sars"
** Station: 0010
** Echodepth: 149
** Log: 7789.50
** Wind-Dir Force: 24 28
** Air-temp (dry): 4.2
** Weather Sky:
** Sea Ice:
# nquan = 20                                
# nvalues = 132                         
# units = specified
# name 0 = scan: Scan Count
# name 1 = prDM: Pressure, Digiquartz [db]
# name 2 = t068C: Temperature [ITS-68, deg C]
# name 3 = t168C: Temperature, 2 [ITS-68, deg C]
# name 4 = c0S/m: Conductivity [S/m]
# name 5 = c1S/m: Conductivity, 2 [S/m]
# name 6 = sbeox0V: Oxygen raw, SBE 43 [V]
# name 7 = altM: Altimeter [m]
# name 8 = flC: Fluorescence, Chelsea Aqua 3 Chl Con [ug/l]
# name 9 = par: PAR/Irradiance, Biospherical/Licor
# name 10 = spar: SPAR/Surface Irradiance
# name 11 = timeS: Time, Elapsed [seconds]
# name 12 = timeJ: Julian Days
# name 13 = sbeox0ML/L: Oxygen, SBE 43 [ml/l], WS = 2
# name 14 = sal00: Salinity, Practical [PSU]
# name 15 = sal11: Salinity, Practical, 2 [PSU]
# name 16 = sigma-t00: Density [sigma-t, Kg/m^3 ]
# name 17 = svCM: Sound Velocity [Chen-Millero, m/s]
# name 18 = avgsvCM: Average Sound Velocity [Chen-Millero, m/s], minP = 1, minS = 5
# name 19 = flag: flag
# span 0 =        -91,       4062       
# span 1 =      5.000,    136.000       
# span 2 =     8.8117,     8.8372       
# span 3 =     8.8119,     8.8372       
# span 4 =   3.724329,   3.732697       
# span 5 =   3.724616,   3.732877       
# span 6 =     2.6265,     2.6686       
# span 7 =      13.34,     117.37       
# span 8 =     0.0618,     0.0784       
# span 9 = 5.1417e-02, 5.5943e-01       
# span 10 = -3.046e-02, 1.9478e+00      
# span 11 =     -3.826,    169.194      
# span 12 =  42.024400,  42.026403      
# span 13 =    6.17751,    6.23988      
# span 14 =    35.2870,    35.2885      
# span 15 =    35.2897,    35.2906      
# span 16 =    27.3702,    27.3744      
# span 17 =    1485.94,    1488.18      
# span 18 =    1485.94,    1487.03      
# span 19 = 0.0000e+00, 0.0000e+00      
# interval = decibars: 1                
# start_time = Feb 11 2020 00:35:12 [System UTC, header]
# bad_flag = -9.990e-29
*END*
        -91      5.000     8.8128     8.8164   3.724329   3.724929     2.6641     117.37     0.0659 5.5943e-01 -9.990e-29     -3.826  42.024400    6.21726    35.2870    35.2897    27.3734    1485.94    1485.94 0.0000e+00
        165      6.000     8.8117     8.8119   3.724345   3.724616     2.6639      68.04     0.0692 4.6546e-01 -9.990e-29      6.814  42.024523    6.21556    35.2877    35.2904    27.3742    1485.95    1485.94 0.0000e+00
        946      7.000     8.8133     8.8137   3.724585   3.724820     2.6643      67.12     0.0674 3.3753e-01 1.9438e+00     39.359  42.024900    6.21661    35.2882    35.2903    27.3743    1485.97    1485.94 0.0000e+00
       1147      8.000     8.8141     8.8142   3.724708   3.724928     2.6669      78.28     0.0666 2.7092e-01 5.5928e-01     47.762  42.024997    6.22536    35.2882    35.2904    27.3742    1485.99    1485.95 0.0000e+00
       1168      9.000     8.8138     8.8140   3.724726   3.724963     2.6667      71.59     0.0631 1.6554e-01 3.6118e-03     48.620  42.025007    6.23310    35.2882    35.2905    27.3742    1486.01    1485.96 0.0000e+00
       1187     10.000     8.8139     8.8140   3.724760   3.724996     2.6685      99.82     0.0649 1.3268e-01 -8.911e-15     49.423  42.025016    6.23886    35.2880    35.2904    27.3740    1486.02    1485.96 0.0000e+00
       1204     11.000     8.8140     8.8143   3.724845   3.725078     2.6686      98.86     0.0651 1.2344e-01 -2.713e-29     50.135  42.025025    6.22868    35.2883    35.2905    27.3743    1486.04    1485.97 0.0000e+00
       1220     12.000     8.8141     8.8139   3.724891   3.725084     2.6674      86.62     0.0631 1.4840e-01 1.1829e-39     50.775  42.025032    6.21860    35.2882    35.2904    27.3742    1486.06    1485.98 0.0000e+00
       1235     13.000     8.8134     8.8137   3.724885   3.725123     2.6645      47.21     0.0618 9.7895e-02 8.4045e-28     51.409  42.025040    6.21794    35.2883    35.2906    27.3744    1486.07    1485.99 0.0000e+00
       1251     14.000     8.8146     8.8149   3.725048   3.725258     2.6661      98.00     0.0653 7.4290e-02 3.3727e-15     52.071  42.025047    6.23043    35.2884    35.2903    27.3742    1486.09    1485.99 0.0000e+00
       1269     15.000     8.8151     8.8153   3.725140   3.725351     2.6656      98.87     0.0659 5.5370e-02 1.3515e-01     52.821  42.025056    6.22486    35.2884    35.2904    27.3741    1486.11    1486.00 0.0000e+00
       1292     16.000     8.8157     8.8158   3.725241   3.725444     2.6645      98.86     0.0644 5.4495e-02 6.0522e-03     53.790  42.025067    6.22196    35.2884    35.2904    27.3740    1486.13    1486.01 0.0000e+00
       1320     17.000     8.8169     8.8171   3.725401   3.725587     2.6643      98.86     0.0657 5.2567e-02 1.4736e-05     54.973  42.025081    6.22936    35.2884    35.2901    27.3738    1486.15    1486.02 0.0000e+00
       1351     18.000     8.8177     8.8176   3.725505   3.725696     2.6660      98.86     0.0670 5.1572e-02 2.6734e-18     56.245  42.025095    6.23363    35.2882    35.2903    27.3736    1486.17    1486.03 0.0000e+00
       1380     19.000     8.8174     8.8176   3.725530   3.725738     2.6651      59.09     0.0672 5.1457e-02 1.1665e-21     57.446  42.025109    6.23132    35.2883    35.2903    27.3737    1486.19    1486.03 0.0000e+00
       1405     20.000     8.8175     8.8177   3.725589   3.725797     2.6663      99.42     0.0682 5.1488e-02 1.8088e-04     58.514  42.025122    6.23585    35.2883    35.2903    27.3737    1486.20    1486.04 0.0000e+00
       1427     21.000     8.8174     8.8175   3.725620   3.725837     2.6662      98.86     0.0680 5.1439e-02 1.4770e+00     59.408  42.025132    6.22565    35.2882    35.2904    27.3737    1486.22    1486.05 0.0000e+00
       1445     22.000     8.8182     8.8182   3.725747   3.725951     2.6633      52.63     0.0660 5.1460e-02 1.3803e+00     60.157  42.025141    6.21851    35.2883    35.2905    27.3736    1486.24    1486.06 0.0000e+00
       1461     23.000     8.8185     8.8186   3.725820   3.726032     2.6642      88.48     0.0649 5.1438e-02 1.7989e+00     60.822  42.025148    6.22363    35.2883    35.2904    27.3735    1486.26    1486.07 0.0000e+00
       1476     24.000     8.8185     8.8186   3.725882   3.726081     2.6616      69.05     0.0655 5.1476e-02 1.9418e+00     61.451  42.025156    6.21633    35.2885    35.2905    27.3737    1486.27    1486.08 0.0000e+00
       1490     25.000     8.8180     8.8181   3.725869   3.726073     2.6613      57.72     0.0670 5.1449e-02 1.5281e+00     62.062  42.025163    6.22331    35.2883    35.2904    27.3737    1486.29    1486.08 0.0000e+00
       1505     26.000     8.8177     8.8179   3.725883   3.726097     2.6629      90.39     0.0658 5.1466e-02 1.9393e+00     62.660  42.025170    6.22421    35.2883    35.2904    27.3737    1486.30    1486.09 0.0000e+00
       1519     27.000     8.8177     8.8179   3.725915   3.726148     2.6598      37.75     0.0657 5.1448e-02 -9.990e-29     63.264  42.025177    6.21394    35.2882    35.2904    27.3736    1486.32    1486.10 0.0000e+00
       1539     28.000     8.8173     8.8177   3.725944   3.726161     2.6602      93.73     0.0694 5.1446e-02 -9.990e-29     64.093  42.025186    6.21603    35.2884    35.2903    27.3738    1486.33    1486.11 0.0000e+00
       1574     29.000     8.8171     8.8173   3.725963   3.726174     2.6583      65.36     0.0678 5.1462e-02 -9.990e-29     65.522  42.025203    6.21929    35.2883    35.2903    27.3738    1486.35    1486.12 0.0000e+00
       1608     30.000     8.8177     8.8178   3.726057   3.726265     2.6605      82.01     0.0682 5.1450e-02 -9.990e-29     66.958  42.025219    6.23318    35.2882    35.2903    27.3736    1486.37    1486.13 0.0000e+00
       1631     31.000     8.8181     8.8183   3.726162   3.726362     2.6606      74.35     0.0658 5.1464e-02 -9.990e-29     67.900  42.025230    6.22472    35.2884    35.2903    27.3737    1486.39    1486.13 0.0000e+00
       1648     32.000     8.8192     8.8196   3.726312   3.726525     2.6612      85.78     0.0672 5.1461e-02 -9.990e-29     68.640  42.025239    6.22298    35.2884    35.2903    27.3735    1486.41    1486.14 0.0000e+00
       1664     33.000     8.8203     8.8200   3.726462   3.726611     2.6584      25.33     0.0658 5.1447e-02 -9.990e-29     69.297  42.025246    6.21571    35.2884    35.2903    27.3734    1486.43    1486.15 0.0000e+00
       1680     34.000     8.8235     8.8235   3.726794   3.726976     2.6595      94.99     0.0691 5.1442e-02 -9.990e-29     69.964  42.025254    6.21951    35.2883    35.2902    27.3727    1486.45    1486.16 0.0000e+00
       1703     35.000     8.8241     8.8238   3.726892   3.727058     2.6570      81.54     0.0702 5.1487e-02 -9.990e-29     70.899  42.025265    6.21153    35.2882    35.2903    27.3726    1486.47    1486.17 0.0000e+00
       1730     36.000     8.8240     8.8241   3.726940   3.727123     2.6575      57.69     0.0685 5.1456e-02 -9.990e-29     72.061  42.025278    6.22873    35.2883    35.2902    27.3727    1486.49    1486.18 0.0000e+00
       1753     37.000     8.8249     8.8250   3.727059   3.727253     2.6603      94.36     0.0683 5.1469e-02 -9.990e-29     73.008  42.025289    6.23988    35.2882    35.2902    27.3725    1486.51    1486.19 0.0000e+00
       1772     38.000     8.8230     8.8232   3.726936   3.727153     2.6604      84.26     0.0686 5.1450e-02 -9.990e-29     73.782  42.025298    6.22923    35.2883    35.2904    27.3728    1486.52    1486.20 0.0000e+00
       1790     39.000     8.8232     8.8234   3.726994   3.727206     2.6602      86.65     0.0696 5.1463e-02 -9.990e-29     74.522  42.025307    6.22629    35.2883    35.2903    27.3728    1486.54    1486.20 0.0000e+00
       1813     40.000     8.8234     8.8235   3.727059   3.727249     2.6592      56.25     0.0705 5.1477e-02 -9.990e-29     75.502  42.025318    6.23025    35.2883    35.2902    27.3727    1486.55    1486.21 0.0000e+00
       1846     41.000     8.8234     8.8234   3.727114   3.727283     2.6589      82.98     0.0677 5.1447e-02 -9.990e-29     76.892  42.025334    6.21892    35.2884    35.2901    27.3728    1486.57    1486.22 0.0000e+00
       1873     42.000     8.8235     8.8236   3.727170   3.727360     2.6561      54.07     0.0653 5.1458e-02 -9.990e-29     78.010  42.025347    6.21033    35.2884    35.2903    27.3728    1486.59    1486.23 0.0000e+00
       1892     43.000     8.8240     8.8241   3.727264   3.727440     2.6552      77.23     0.0669 5.1461e-02 -9.990e-29     78.784  42.025356    6.21818    35.2884    35.2901    27.3727    1486.60    1486.24 0.0000e+00
       1908     44.000     8.8243     8.8246   3.727335   3.727549     2.6557      98.91     0.0680 5.1466e-02 -9.990e-29     79.461  42.025364    6.21712    35.2883    35.2903    27.3726    1486.62    1486.25 0.0000e+00
       1923     45.000     8.8249     8.8251   3.727429   3.727635     2.6532      64.47     0.0661 5.1476e-02 -9.990e-29     80.086  42.025371    6.20920    35.2883    35.2902    27.3725    1486.64    1486.26 0.0000e+00
       1938     46.000     8.8241     8.8244   3.727407   3.727624     2.6544      85.60     0.0701 5.1457e-02 -9.990e-29     80.699  42.025378    6.21544    35.2883    35.2903    27.3727    1486.65    1486.27 0.0000e+00
       1952     47.000     8.8248     8.8251   3.727511   3.727728     2.6521      23.62     0.0679 5.1449e-02 -9.990e-29     81.304  42.025385    6.21393    35.2883    35.2902    27.3725    1486.67    1486.27 0.0000e+00
       1967     48.000     8.8255     8.8259   3.727635   3.727859     2.6544      96.15     0.0675 5.1447e-02 -9.990e-29     81.921  42.025393    6.22614    35.2884    35.2903    27.3725    1486.69    1486.28 0.0000e+00
       1983     49.000     8.8255     8.8259   3.727674   3.727911     2.6543      98.80     0.0677 5.1452e-02 -9.990e-29     82.575  42.025400    6.21959    35.2883    35.2904    27.3724    1486.71    1486.29 0.0000e+00
       2001     50.000     8.8262     8.8266   3.727788   3.727999     2.6533      98.58     0.0699 5.1440e-02 -9.990e-29     83.353  42.025409    6.21753    35.2883    35.2902    27.3723    1486.73    1486.30 0.0000e+00
       2028     51.000     8.8259     8.8260   3.727811   3.727995     2.6538      97.92     0.0723 5.1460e-02 -9.990e-29     84.464  42.025422    6.22363    35.2884    35.2902    27.3724    1486.74    1486.31 0.0000e+00
       2092     52.000     8.8252     8.8262   3.727785   3.728057     2.6536      96.83     0.0727 5.1437e-02 -9.990e-29     87.128  42.025453    6.22518    35.2883    35.2902    27.3725    1486.76    1486.32 0.0000e+00
       2119     53.000     8.8233     8.8242   3.727660   3.727929     2.6552      97.44     0.0723 5.1462e-02 -9.990e-29     88.252  42.025466    6.23519    35.2884    35.2904    27.3729    1486.77    1486.33 0.0000e+00
       2137     54.000     8.8244     8.8243   3.727803   3.727985     2.6562      96.61     0.0752 5.1445e-02 -9.990e-29     88.980  42.025474    6.23194    35.2884    35.2904    27.3726    1486.79    1486.33 0.0000e+00
       2152     55.000     8.8249     8.8250   3.727892   3.728089     2.6556      95.22     0.0747 5.1472e-02 -9.990e-29     89.637  42.025482    6.22345    35.2883    35.2903    27.3725    1486.81    1486.34 0.0000e+00
       2168     56.000     8.8244     8.8245   3.727892   3.728093     2.6545      94.48     0.0717 5.1457e-02 -9.990e-29     90.277  42.025489    6.21635    35.2883    35.2903    27.3726    1486.82    1486.35 0.0000e+00
       2183     57.000     8.8246     8.8248   3.727959   3.728159     2.6527      93.55     0.0729 5.1466e-02 -9.990e-29     90.900  42.025497    6.20910    35.2884    35.2903    27.3726    1486.84    1486.36 0.0000e+00
       2197     58.000     8.8245     8.8247   3.727995   3.728194     2.6513      92.51     0.0732 5.1470e-02 -9.990e-29     91.517  42.025504    6.20286    35.2884    35.2903    27.3726    1486.85    1486.37 0.0000e+00
       2212     59.000     8.8244     8.8245   3.728020   3.728228     2.6483      28.39     0.0707 5.1486e-02 -9.990e-29     92.127  42.025511    6.20094    35.2882    35.2903    27.3725    1486.87    1486.38 0.0000e+00
       2234     60.000     8.8243     8.8244   3.728063   3.728257     2.6486      69.81     0.0730 5.1462e-02 -9.990e-29     93.025  42.025521    6.21464    35.2883    35.2902    27.3726    1486.89    1486.39 0.0000e+00
       2279     61.000     8.8241     8.8243   3.728091   3.728286     2.6509      89.67     0.0784 5.1450e-02 -9.990e-29     94.935  42.025543    6.22637    35.2883    35.2902    27.3727    1486.90    1486.39 0.0000e+00
       2303     62.000     8.8243     8.8245   3.728164   3.728362     2.6506      87.29     0.0774 5.1464e-02 -9.990e-29     95.912  42.025555    6.21544    35.2884    35.2903    27.3727    1486.92    1486.40 0.0000e+00
       2320     63.000     8.8246     8.8247   3.728219   3.728415     2.6498      86.49     0.0762 5.1454e-02 -9.990e-29     96.619  42.025563    6.21066    35.2882    35.2902    27.3725    1486.94    1486.41 0.0000e+00
       2335     64.000     8.8247     8.8248   3.728283   3.728473     2.6482      85.85     0.0750 5.1466e-02 -9.990e-29     97.256  42.025570    6.20675    35.2883    35.2902    27.3725    1486.95    1486.42 0.0000e+00
       2350     65.000     8.8250     8.8251   3.728366   3.728554     2.6472      84.74     0.0755 5.1466e-02 -9.990e-29     97.873  42.025577    6.20882    35.2884    35.2903    27.3726    1486.97    1486.43 0.0000e+00
       2365     66.000     8.8249     8.8249   3.728395   3.728572     2.6472      83.57     0.0735 5.1457e-02 -9.990e-29     98.485  42.025584    6.21406    35.2883    35.2902    27.3725    1486.99    1486.44 0.0000e+00
       2379     67.000     8.8244     8.8243   3.728381   3.728558     2.6472      82.66     0.0723 5.1459e-02 -9.990e-29     99.102  42.025591    6.21460    35.2882    35.2901    27.3725    1487.00    1486.44 0.0000e+00
       2394     68.000     8.8242     8.8244   3.728413   3.728628     2.6472      81.57     0.0738 5.1457e-02 1.9438e+00     99.722  42.025599    6.21256    35.2882    35.2903    27.3726    1487.02    1486.45 0.0000e+00
       2409     69.000     8.8241     8.8247   3.728461   3.728688     2.6462      80.55     0.0739 5.1476e-02 1.9438e+00    100.335  42.025606    6.20662    35.2884    35.2902    27.3727    1487.03    1486.46 0.0000e+00
       2428     70.000     8.8250     8.8251   3.728571   3.728760     2.6447      79.32     0.0749 5.1434e-02 1.6071e+00    101.114  42.025615    6.20014    35.2881    35.2900    27.3724    1487.05    1486.47 0.0000e+00
       2495     71.000     8.8252     8.8252   3.728640   3.728822     2.6433      77.58     0.0701 5.1441e-02 5.2796e-02    103.922  42.025647    6.20803    35.2882    35.2901    27.3724    1487.07    1486.48 0.0000e+00
       2522     72.000     8.8257     8.8258   3.728745   3.728929     2.6437      76.94     0.0713 5.1456e-02 -9.990e-29    105.059  42.025660    6.21247    35.2883    35.2902    27.3724    1487.09    1486.49 0.0000e+00
       2540     73.000     8.8265     8.8262   3.728860   3.729004     2.6446      76.21     0.0726 5.1463e-02 -9.990e-29    105.789  42.025669    6.21794    35.2882    35.2901    27.3722    1487.11    1486.50 0.0000e+00
       2555     74.000     8.8258     8.8260   3.728856   3.729045     2.6451      75.52     0.0718 5.1476e-02 -9.990e-29    106.432  42.025676    6.21997    35.2884    35.2902    27.3725    1487.12    1486.50 0.0000e+00
       2570     75.000     8.8265     8.8262   3.728964   3.729105     2.6460      74.41     0.0715 5.1456e-02 -9.990e-29    107.055  42.025683    6.22002    35.2884    35.2902    27.3723    1487.14    1486.51 0.0000e+00
       2585     76.000     8.8262     8.8258   3.728974   3.729119     2.6458      73.61     0.0711 5.1457e-02 -9.990e-29    107.667  42.025691    6.21478    35.2883    35.2902    27.3723    1487.16    1486.52 0.0000e+00
