IBTS/IBTS_CruiseNotebook/Data/CTD/sta0015.cnv
* Sea-Bird SBE 9 Data File:
* FileName = C:\Seabird\CTDData\sta0015.hex
* Software Version Seasave V 7.21f
* Temperature SN = 2491
* Conductivity SN = 2694
* Number of Bytes Per Scan = 40
* Number of Voltage Words = 5
* Number of Scans Averaged by the Deck Unit = 1
* NMEA Latitude = 61 18.35 N
* NMEA Longitude = 001 18.26 E
* NMEA UTC (Time) = Feb 11 2020 14:23:29
* NMEA baud rate = 4800
** Ship: 10 F/F "G. O. Sars"
** Station: 0015
** Echodepth: 155.01
** Log: 7871.74
** Wind-Dir Force: 28 10
** Air-temp (dry): 2.9
** Weather Sky:
** Sea Ice:
# nquan = 20                                
# nvalues = 143                         
# units = specified
# name 0 = scan: Scan Count
# name 1 = prDM: Pressure, Digiquartz [db]
# name 2 = t068C: Temperature [ITS-68, deg C]
# name 3 = t168C: Temperature, 2 [ITS-68, deg C]
# name 4 = c0S/m: Conductivity [S/m]
# name 5 = c1S/m: Conductivity, 2 [S/m]
# name 6 = sbeox0V: Oxygen raw, SBE 43 [V]
# name 7 = altM: Altimeter [m]
# name 8 = flC: Fluorescence, Chelsea Aqua 3 Chl Con [ug/l]
# name 9 = par: PAR/Irradiance, Biospherical/Licor
# name 10 = spar: SPAR/Surface Irradiance
# name 11 = timeS: Time, Elapsed [seconds]
# name 12 = timeJ: Julian Days
# name 13 = sbeox0ML/L: Oxygen, SBE 43 [ml/l], WS = 2
# name 14 = sal00: Salinity, Practical [PSU]
# name 15 = sal11: Salinity, Practical, 2 [PSU]
# name 16 = sigma-t00: Density [sigma-t, Kg/m^3 ]
# name 17 = svCM: Sound Velocity [Chen-Millero, m/s]
# name 18 = avgsvCM: Average Sound Velocity [Chen-Millero, m/s], minP = 1, minS = 5
# name 19 = flag: flag
# span 0 =         36,       3503       
# span 1 =      5.000,    147.000       
# span 2 =     8.9438,     8.9737       
# span 3 =     8.9434,     8.9737       
# span 4 =   3.737643,   3.747137       
# span 5 =   3.737753,   3.747300       
# span 6 =     2.6156,     2.6606       
# span 7 =       8.53,      99.07       
# span 8 =     0.0566,     0.0822       
# span 9 = 5.1445e-02, 1.5070e+01       
# span 10 = 4.3106e+01, 5.5176e+01      
# span 11 =      1.455,    145.897      
# span 12 =  42.599681,  42.601353      
# span 13 =    6.14771,    6.19818      
# span 14 =    35.2952,    35.3002      
# span 15 =    35.2970,    35.3016      
# span 16 =    27.3576,    27.3601      
# span 17 =    1486.43,    1488.88      
# span 18 =    1486.43,    1487.64      
# span 19 = 0.0000e+00, 0.0000e+00      
# interval = decibars: 1                
# start_time = Feb 11 2020 14:23:31 [System UTC, header]
# bad_flag = -9.990e-29
*END*
[from data line 73]
       1926     78.000     8.9672     8.9672   3.743501   3.743638     2.6368      77.28     0.0644 2.4871e-01 5.4426e+01     80.228  42.600593    6.16556    35.3000    35.3015    27.3589    1487.72    1487.05 0.0000e+00
       1965     79.000     8.9672     8.9672   3.743541   3.743677     2.6373      75.58     0.0652 2.3519e-01 5.3552e+01     81.851  42.600612    6.18233    35.3000    35.3014    27.3588    1487.74    1487.06 0.0000e+00
       2002     80.000     8.9676     8.9675   3.743608   3.743750     2.6398      75.21     0.0648 2.2116e-01 5.4471e+01     83.390  42.600629    6.18870    35.2998    35.3014    27.3586    1487.76    1487.07 0.0000e+00
       2022     81.000     8.9678     8.9678   3.743695   3.743825     2.6402      74.60     0.0647 2.0961e-01 5.0861e+01     84.204  42.600639    6.18136    35.3000    35.3014    27.3588    1487.77    1487.08 0.0000e+00
       2038     82.000     8.9678     8.9680   3.743747   3.743897     2.6389      73.95     0.0656 1.9784e-01 5.3571e+01     84.875  42.600647    6.17464    35.3001    35.3015    27.3588    1487.79    1487.09 0.0000e+00
       2053     83.000     8.9681     8.9682   3.743810   3.743952     2.6381      72.85     0.0653 1.8865e-01 5.4445e+01     85.514  42.600654    6.17358    35.3000    35.3014    27.3587    1487.81    1487.09 0.0000e+00
       2068     84.000     8.9683     8.9683   3.743870   3.744008     2.6376      71.95     0.0642 1.7675e-01 5.4426e+01     86.138  42.600661    6.16646    35.2999    35.3014    27.3586    1487.83    1487.10 0.0000e+00
       2083     85.000     8.9684     8.9684   3.743919   3.744067     2.6348      71.09     0.0630 1.6975e-01 4.8830e+01     86.759  42.600668    6.15254    35.2999    35.3014    27.3586    1487.84    1487.11 0.0000e+00
       2100     86.000     8.9683     8.9683   3.743961   3.744103     2.6319      70.05     0.0650 1.5703e-01 5.0109e+01     87.460  42.600677    6.14771    35.2999    35.3014    27.3586    1487.86    1487.12 0.0000e+00
       2152     87.000     8.9683     8.9683   3.743999   3.744136     2.6315      67.87     0.0666 1.4915e-01 5.4396e+01     89.635  42.600702    6.17246    35.2999    35.3013    27.3586    1487.87    1487.13 0.0000e+00
       2188     88.000     8.9684     8.9685   3.744063   3.744204     2.6342      66.79     0.0654 1.4615e-01 4.9488e+01     91.116  42.600719    6.18209    35.3000    35.3013    27.3586    1487.89    1487.14 0.0000e+00
       2205     89.000     8.9685     8.9687   3.744129   3.744280     2.6352      66.44     0.0648 1.3807e-01 5.4489e+01     91.851  42.600727    6.18042    35.3001    35.3015    27.3587    1487.91    1487.15 0.0000e+00
       2221     90.000     8.9689     8.9688   3.744202   3.744342     2.6353      65.17     0.0644 1.3415e-01 5.4426e+01     92.518  42.600735    6.17494    35.3000    35.3015    27.3585    1487.93    1487.16 0.0000e+00
       2237     91.000     8.9689     8.9691   3.744244   3.744401     2.6345      64.36     0.0652 1.2880e-01 5.4255e+01     93.153  42.600743    6.17007    35.2999    35.3014    27.3585    1487.94    1487.16 0.0000e+00
       2252     92.000     8.9692     8.9693   3.744323   3.744463     2.6337      62.98     0.0645 1.2497e-01 5.3416e+01     93.778  42.600750    6.16792    35.3000    35.3013    27.3585    1487.96    1487.17 0.0000e+00
       2267     93.000     8.9695     8.9695   3.744388   3.744529     2.6327      62.16     0.0630 1.2002e-01 5.3176e+01     94.396  42.600757    6.16865    35.2999    35.3014    27.3584    1487.98    1487.18 0.0000e+00
       2281     94.000     8.9696     8.9697   3.744463   3.744607     2.6326      61.20     0.0648 1.1584e-01 4.8010e+01     95.015  42.600764    6.16982    35.3001    35.3015    27.3585    1487.99    1487.19 0.0000e+00
       2296     95.000     8.9698     8.9699   3.744524   3.744659     2.6322      60.14     0.0640 1.1119e-01 5.2941e+01     95.625  42.600771    6.16575    35.3000    35.3014    27.3585    1488.01    1487.20 0.0000e+00
       2311     96.000     8.9700     8.9699   3.744595   3.744717     2.6308      59.45     0.0617 1.0818e-01 5.4199e+01     96.234  42.600778    6.16151    35.3001    35.3015    27.3585    1488.03    1487.21 0.0000e+00
       2325     97.000     8.9701     8.9701   3.744640   3.744772     2.6301      58.71     0.0584 1.0178e-01 5.4432e+01     96.828  42.600785    6.16235    35.3000    35.3014    27.3584    1488.05    1487.22 0.0000e+00
       2339     98.000     8.9700     8.9701   3.744679   3.744823     2.6297      57.86     0.0588 9.4783e-02 5.1602e+01     97.415  42.600792    6.16015    35.3000    35.3015    27.3584    1488.06    1487.22 0.0000e+00
       2381     99.000     8.9700     8.9700   3.744709   3.744842     2.6299      56.59     0.0600 8.5832e-02 5.2815e+01     99.181  42.600812    6.16738    35.2999    35.3013    27.3583    1488.08    1487.23 0.0000e+00
       2450    100.000     8.9703     8.9704   3.744791   3.744946     2.6341      55.61     0.0641 8.1032e-02 5.4482e+01    102.043  42.600845    6.18332    35.3000    35.3015    27.3583    1488.10    1487.24 0.0000e+00
       2465    101.000     8.9704     8.9706   3.744850   3.745007     2.6333      54.99     0.0629 7.5040e-02 5.3083e+01    102.671  42.600853    6.17605    35.3000    35.3015    27.3583    1488.11    1487.25 0.0000e+00
       2481    102.000     8.9705     8.9706   3.744906   3.745061     2.6327      54.19     0.0636 7.0593e-02 5.2467e+01    103.327  42.600860    6.17380    35.3000    35.3015    27.3583    1488.13    1487.26 0.0000e+00
       2496    103.000     8.9708     8.9708   3.744980   3.745122     2.6319      53.24     0.0641 6.5961e-02 4.4946e+01    103.976  42.600868    6.17312    35.3000    35.3015    27.3583    1488.15    1487.27 0.0000e+00
       2512    104.000     8.9708     8.9708   3.745043   3.745173     2.6313      52.48     0.0650 6.4389e-02 5.0676e+01    104.621  42.600875    6.17243    35.3002    35.3016    27.3584    1488.16    1487.28 0.0000e+00
       2527    105.000     8.9706     8.9707   3.745060   3.745192     2.6310      51.40     0.0653 5.9833e-02 5.2498e+01    105.256  42.600883    6.16819    35.3001    35.3014    27.3584    1488.18    1487.28 0.0000e+00
       2542    106.000     8.9706     8.9707   3.745103   3.745240     2.6291      50.30     0.0643 5.9317e-02 5.2482e+01    105.892  42.600890    6.15757    35.3001    35.3014    27.3583    1488.20    1487.29 0.0000e+00
       2557    107.000     8.9706     8.9707   3.745149   3.745290     2.6272      49.21     0.0611 5.5679e-02 5.2482e+01    106.519  42.600897    6.15323    35.3001    35.3015    27.3584    1488.21    1487.30 0.0000e+00
       2573    108.000     8.9710     8.9709   3.745221   3.745353     2.6254      48.18     0.0599 5.6350e-02 5.2481e+01    107.182  42.600905    6.15631    35.3000    35.3014    27.3582    1488.23    1487.31 0.0000e+00
       2593    109.000     8.9709     8.9709   3.745254   3.745396     2.6254      47.09     0.0604 5.4528e-02 4.9073e+01    108.008  42.600914    6.16652    35.2999    35.3014    27.3582    1488.25    1487.32 0.0000e+00
       2610    110.000     8.9712     8.9712   3.745339   3.745473     2.6261      46.19     0.0606 5.1518e-02 5.2452e+01    108.723  42.600923    6.17185    35.3000    35.3014    27.3582    1488.26    1487.33 0.0000e+00
       2627    111.000     8.9708     8.9708   3.745341   3.745494     2.6268      45.16     0.0612 5.1461e-02 5.0807e+01    109.403  42.600931    6.17183    35.3000    35.3016    27.3582    1488.28    1487.34 0.0000e+00
       2647    112.000     8.9706     8.9707   3.745361   3.745509     2.6266      43.95     0.0601 5.1463e-02 5.2191e+01    110.264  42.600941    6.16722    35.2999    35.3014    27.3582    1488.29    1487.34 0.0000e+00
       2683    113.000     8.9706     8.9706   3.745402   3.745539     2.6254      42.46     0.0664 5.1454e-02 5.2646e+01    111.757  42.600958    6.16494    35.2999    35.3013    27.3582    1488.31    1487.35 0.0000e+00
       2714    114.000     8.9711     8.9710   3.745485   3.745638     2.6254      41.65     0.0657 5.1471e-02 5.2477e+01    113.023  42.600973    6.16777    35.2998    35.3015    27.3580    1488.33    1487.36 0.0000e+00
       2732    115.000     8.9715     8.9715   3.745590   3.745731     2.6253      40.99     0.0662 5.1454e-02 5.2482e+01    113.775  42.600981    6.16770    35.3000    35.3015    27.3581    1488.35    1487.37 0.0000e+00
       2747    116.000     8.9715     8.9715   3.745636   3.745776     2.6252      40.11     0.0639 5.1457e-02 5.2482e+01    114.418  42.600989    6.16850    35.3000    35.3015    27.3581    1488.36    1487.38 0.0000e+00
       2762    117.000     8.9714     8.9715   3.745670   3.745829     2.6252      39.18     0.0644 5.1447e-02 5.2482e+01    115.040  42.600996    6.16856    35.3000    35.3015    27.3581    1488.38    1487.39 0.0000e+00
       2777    118.000     8.9715     8.9715   3.745718   3.745870     2.6250      38.26     0.0643 5.1470e-02 5.2482e+01    115.650  42.601003    6.16646    35.2999    35.3015    27.3581    1488.40    1487.40 0.0000e+00
       2797    119.000     8.9711     8.9712   3.745725   3.745875     2.6241      37.10     0.0658 5.1474e-02 5.2482e+01    116.489  42.601013    6.16300    35.2999    35.3014    27.3581    1488.41    1487.40 0.0000e+00
       2836    120.000     8.9712     8.9713   3.745775   3.745934     2.6234      35.74     0.0653 5.1460e-02 4.8276e+01    118.137  42.601032    6.16888    35.2998    35.3014    27.3581    1488.43    1487.41 0.0000e+00
       2863    121.000     8.9715     8.9715   3.745841   3.745999     2.6239      35.04     0.0639 5.1464e-02 5.2600e+01    119.267  42.601045    6.16989    35.2997    35.3014    27.3580    1488.45    1487.42 0.0000e+00
       2882    122.000     8.9716     8.9718   3.745922   3.746078     2.6241      34.23     0.0648 5.1487e-02 4.7501e+01    120.053  42.601054    6.17009    35.3000    35.3015    27.3582    1488.46    1487.43 0.0000e+00
       2899    123.000     8.9714     8.9715   3.745936   3.746091     2.6239      33.27     0.0645 5.1452e-02 4.8474e+01    120.749  42.601062    6.17024    35.2999    35.3014    27.3581    1488.48    1487.44 0.0000e+00
       2916    124.000     8.9715     8.9715   3.745980   3.746143     2.6240      32.30     0.0633 5.1481e-02 5.2356e+01    121.456  42.601070    6.17207    35.2998    35.3015    27.3580    1488.49    1487.45 0.0000e+00
       2935    125.000     8.9715     8.9715   3.746024   3.746174     2.6240      31.28     0.0610 5.1447e-02 5.2482e+01    122.269  42.601079    6.16901    35.2998    35.3013    27.3580    1488.51    1487.46 0.0000e+00
       2957    126.000     8.9716     8.9715   3.746087   3.746232     2.6228      30.24     0.0608 5.1451e-02 5.2482e+01    123.186  42.601090    6.16643    35.2998    35.3015    27.3580    1488.53    1487.46 0.0000e+00
       2979    127.000     8.9720     8.9720   3.746173   3.746316     2.6228      29.20     0.0634 5.1484e-02 5.2482e+01    124.092  42.601101    6.17074    35.2999    35.3014    27.3580    1488.55    1487.47 0.0000e+00
       2998    128.000     8.9721     8.9722   3.746231   3.746385     2.6229      28.33     0.0667 5.1469e-02 5.2482e+01    124.856  42.601109    6.17143    35.2999    35.3014    27.3580    1488.56    1487.48 0.0000e+00
       3014    129.000     8.9720     8.9721   3.746274   3.746413     2.6228      27.43     0.0639 5.1491e-02 5.1316e+01    125.525  42.601117    6.17169    35.3000    35.3013    27.3580    1488.58    1487.49 0.0000e+00
       3029    130.000     8.9720     8.9721   3.746323   3.746467     2.6228      26.42     0.0634 5.1495e-02 4.3106e+01    126.156  42.601125    6.17045    35.3000    35.3014    27.3581    1488.60    1487.50 0.0000e+00
       3043    131.000     8.9722     8.9723   3.746374   3.746516     2.6223      25.59     0.0609 5.1460e-02 5.2445e+01    126.769  42.601131    6.16708    35.2999    35.3013    27.3579    1488.61    1487.51 0.0000e+00
       3059    132.000     8.9721     8.9722   3.746410   3.746549     2.6216      24.53     0.0597 5.1464e-02 5.2482e+01    127.419  42.601139    6.16480    35.2999    35.3012    27.3580    1488.63    1487.52 0.0000e+00
       3087    133.000     8.9720     8.9720   3.746436   3.746576     2.6210      23.06     0.0619 5.1473e-02 5.0004e+01    128.585  42.601153    6.17291    35.2998    35.3012    27.3579    1488.64    1487.52 0.0000e+00
       3124    134.000     8.9725     8.9725   3.746509   3.746672     2.6222      21.26     0.0640 5.1458e-02 5.2511e+01    130.119  42.601170    6.17307    35.2996    35.3013    27.3576    1488.66    1487.53 0.0000e+00
       3149    135.000     8.9731     8.9731   3.746630   3.746784     2.6214      20.88     0.0629 5.1445e-02 4.8201e+01    131.184  42.601183    6.17128    35.2997    35.3014    27.3577    1488.68    1487.54 0.0000e+00
       3168    136.000     8.9730     8.9731   3.746672   3.746829     2.6216      20.18     0.0638 5.1452e-02 5.2006e+01    131.965  42.601192    6.17154    35.2998    35.3014    27.3578    1488.70    1487.55 0.0000e+00
       3185    137.000     8.9731     8.9731   3.746730   3.746879     2.6207      19.46     0.0640 5.1452e-02 5.2481e+01    132.665  42.601200    6.16808    35.2998    35.3014    27.3578    1488.71    1487.56 0.0000e+00
       3201    138.000     8.9732     8.9732   3.746780   3.746939     2.6205      18.48     0.0602 5.1466e-02 5.2482e+01    133.332  42.601208    6.17078    35.2998    35.3015    27.3577    1488.73    1487.57 0.0000e+00
       3217    139.000     8.9732     8.9733   3.746839   3.746993     2.6204      17.49     0.0579 5.1472e-02 5.2482e+01    133.986  42.601215    6.17271    35.2999    35.3015    27.3578    1488.75    1487.57 0.0000e+00
       3233    140.000     8.9735     8.9735   3.746911   3.747059     2.6205      16.56     0.0566 5.1454e-02 4.7082e+01    134.646  42.601223    6.17236    35.2999    35.3015    27.3578    1488.77    1487.58 0.0000e+00
       3251    141.000     8.9734     8.9734   3.746946   3.747095     2.6200      15.20     0.0586 5.1480e-02 5.1047e+01    135.427  42.601232    6.16856    35.2999    35.3015    27.3578    1488.78    1487.59 0.0000e+00
       3283    142.000     8.9735     8.9735   3.746984   3.747132     2.6186      13.89     0.0630 5.1469e-02 5.2361e+01    136.742  42.601247    6.16602    35.2997    35.3013    27.3576    1488.80    1487.60 0.0000e+00
       3343    143.000     8.9735     8.9736   3.747023   3.747182     2.6180      12.85     0.0636 5.1462e-02 4.8763e+01    139.243  42.601276    6.16944    35.2997    35.3012    27.3576    1488.81    1487.61 0.0000e+00
       3405    144.000     8.9737     8.9737   3.747090   3.747250     2.6180      11.86     0.0652 5.1467e-02 5.1118e+01    141.833  42.601306    6.16867    35.2997    35.3014    27.3576    1488.83    1487.62 0.0000e+00
       3431    145.000     8.9735     8.9736   3.747120   3.747286     2.6171      10.98     0.0662 5.1464e-02 4.7652e+01    142.920  42.601319    6.16013    35.2997    35.3014    27.3576    1488.85    1487.63 0.0000e+00
       3458    146.000     8.9730     8.9730   3.747108   3.747260     2.6156       9.94     0.0639 5.1463e-02 4.8436e+01    144.050  42.601332    6.16308    35.2996    35.3012    27.3576    1488.86    1487.63 0.0000e+00
       3503    147.000     8.9729     8.9730   3.747137   3.747300     2.6170       8.53     0.0583 5.1452e-02 5.3785e+01    145.897  42.601353    6.17820    35.2995    35.3012    27.3576    1488.88    1487.64 0.0000e+00
