IBTS/IBTS_CruiseNotebook/Data/CTD/sta0031.cnv
* Sea-Bird SBE 9 Data File:
* FileName = C:\Seabird\CTDData\sta0031.hex
* Software Version Seasave V 7.21f
* Temperature SN = 2491
* Conductivity SN = 2694
* Number of Bytes Per Scan = 40
* Number of Voltage Words = 5
* Number of Scans Averaged by the Deck Unit = 1
* NMEA Latitude = 60 52.11 N
* NMEA Longitude = 001 12.15 E
* NMEA UTC (Time) = Feb 14 2020 01:35:45
* NMEA baud rate = 4800
** Ship: 10 F/F "G. O. Sars"
** Station: 0031
** Echodepth: 154
** Log: 8274.8
** Wind-Dir Force: 08 10
** Air-temp (dry): 2.4
** Weather Sky:
** Sea Ice:
# nquan = 20                                
# nvalues = 147                         
# units = specified
# name 0 = scan: Scan Count
# name 1 = prDM: Pressure, Digiquartz [db]
# name 2 = t068C: Temperature [ITS-68, deg C]
# name 3 = t168C: Temperature, 2 [ITS-68, deg C]
# name 4 = c0S/m: Conductivity [S/m]
# name 5 = c1S/m: Conductivity, 2 [S/m]
# name 6 = sbeox0V: Oxygen raw, SBE 43 [V]
# name 7 = altM: Altimeter [m]
# name 8 = flC: Fluorescence, Chelsea Aqua 3 Chl Con [ug/l]
# name 9 = par: PAR/Irradiance, Biospherical/Licor
# name 10 = spar: SPAR/Surface Irradiance
# name 11 = timeS: Time, Elapsed [seconds]
# name 12 = timeJ: Julian Days
# name 13 = sbeox0ML/L: Oxygen, SBE 43 [ml/l], WS = 2
# name 14 = sal00: Salinity, Practical [PSU]
# name 15 = sal11: Salinity, Practical, 2 [PSU]
# name 16 = sigma-t00: Density [sigma-t, Kg/m^3 ]
# name 17 = svCM: Sound Velocity [Chen-Millero, m/s]
# name 18 = avgsvCM: Average Sound Velocity [Chen-Millero, m/s], minP = 1, minS = 5
# name 19 = flag: flag
# span 0 =         31,       4581       
# span 1 =      3.000,    149.000       
# span 2 =     8.5601,     8.6130       
# span 3 =     8.5603,     8.6085       
# span 4 =   3.695500,   3.707757       
# span 5 =   3.695635,   3.707827       
# span 6 =     2.6073,     2.6495       
# span 7 =       5.97,      98.98       
# span 8 =     0.0721,     0.0920       
# span 9 = 5.1427e-02, 1.8752e+00       
# span 10 = 1.2414e-01, 2.4106e+00      
# span 11 =      1.265,    190.818      
# span 12 =  45.066531,  45.068725      
# span 13 =    6.16319,    6.22325      
# span 14 =    35.2314,    35.2462      
# span 15 =    35.2327,    35.2472      
# span 16 =    27.3696,    27.3757      
# span 17 =    1484.97,    1487.50      
# span 18 =    1485.07,    1486.24      
# span 19 = 0.0000e+00, 0.0000e+00      
# interval = decibars: 1                
# start_time = Feb 14 2020 01:35:47 [System UTC, header]
# bad_flag = -9.990e-29
*END*
         31      3.000     8.6130     8.5986   3.701124   3.699971     2.6390      77.10     0.0753 1.8752e+00 2.4106e+00      1.265  45.066531    6.16319    35.2417    35.2438    27.3696    1485.11    1485.11 0.0000e+00
         72      4.000     8.5736     8.5753   3.696969   3.697460     2.6396      82.02     0.0751 1.0547e+00 1.4103e+00      2.974  45.066551    6.18090    35.2365    35.2400    27.3717    1484.97    1485.07 0.0000e+00
        989      5.000     8.5896     8.5898   3.698909   3.699158     2.6475      94.17     0.0755 8.1300e-01 1.9842e+00     41.147  45.066992    6.19639    35.2406    35.2430    27.3724    1485.05    1485.07 0.0000e+00
       1275      6.000     8.5897     8.5893   3.699066   3.699161     2.6472      65.42     0.0735 6.3322e-01 -9.990e-29     53.091  45.067131    6.19974    35.2417    35.2431    27.3732    1485.07    1485.07 0.0000e+00
       1283      7.000     8.5890     8.5878   3.699138   3.699219     2.6479      82.67     0.0767 4.4588e-01 -9.990e-29     53.435  45.067135    6.20903    35.2426    35.2447    27.3741    1485.09    1485.07 0.0000e+00
       1301      8.000     8.5870     8.5829   3.699043   3.698653     2.6478      69.27     0.0782 3.7320e-01 1.8661e+00     54.173  45.067143    6.20969    35.2431    35.2431    27.3748    1485.10    1485.08 0.0000e+00
       1319      9.000     8.5803     8.5777   3.698169   3.697982     2.6489      88.28     0.0794 2.9105e-01 1.2948e+00     54.897  45.067152    6.21314    35.2401    35.2407    27.3734    1485.08    1485.08 0.0000e+00
       1337     10.000     8.5601     8.5603   3.695500   3.695635     2.6481      90.25     0.0756 2.0802e-01 8.8830e-01     55.673  45.067161    6.20350    35.2314    35.2327    27.3698    1485.02    1485.07 0.0000e+00
       1360     11.000     8.5779     8.5782   3.698049   3.698127     2.6460      84.53     0.0782 2.0009e-01 1.8725e+00     56.618  45.067172    6.19552    35.2402    35.2407    27.3739    1485.11    1485.07 0.0000e+00
       1383     12.000     8.5851     8.5858   3.699039   3.699260     2.6444      71.69     0.0784 1.4971e-01 1.7723e+00     57.601  45.067183    6.20250    35.2430    35.2447    27.3750    1485.16    1485.08 0.0000e+00
       1404     13.000     8.5873     8.5873   3.699365   3.699493     2.6463      97.36     0.0803 1.3060e-01 1.2414e-01     58.477  45.067193    6.20794    35.2438    35.2452    27.3753    1485.18    1485.09 0.0000e+00
       1423     14.000     8.5880     8.5880   3.699461   3.699589     2.6450      68.74     0.0785 1.1513e-01 -9.990e-29     59.257  45.067202    6.20639    35.2437    35.2450    27.3750    1485.20    1485.10 0.0000e+00
       1440     15.000     8.5877     8.5878   3.699498   3.699641     2.6474      83.28     0.0762 8.4554e-02 -9.990e-29     59.962  45.067210    6.21551    35.2439    35.2453    27.3753    1485.22    1485.10 0.0000e+00
       1456     16.000     8.5875     8.5876   3.699528   3.699668     2.6467      74.37     0.0765 8.5380e-02 -9.990e-29     60.633  45.067218    6.21058    35.2439    35.2453    27.3753    1485.23    1485.11 0.0000e+00
       1474     17.000     8.5877     8.5879   3.699596   3.699751     2.6474      95.82     0.0778 6.7680e-02 -9.990e-29     61.375  45.067227    6.21166    35.2439    35.2454    27.3753    1485.25    1485.12 0.0000e+00
       1506     18.000     8.5877     8.5879   3.699649   3.699799     2.6471      70.65     0.0741 5.9007e-02 -9.990e-29     62.723  45.067242    6.21678    35.2440    35.2454    27.3754    1485.26    1485.13 0.0000e+00
       1543     19.000     8.5877     8.5878   3.699702   3.699839     2.6495      93.88     0.0794 5.1781e-02 -9.990e-29     64.232  45.067260    6.22127    35.2441    35.2454    27.3754    1485.28    1485.14 0.0000e+00
       1566     20.000     8.5885     8.5885   3.699844   3.699974     2.6476      71.97     0.0765 5.1444e-02 -9.990e-29     65.193  45.067271    6.20859    35.2443    35.2457    27.3755    1485.30    1485.14 0.0000e+00
       1584     21.000     8.5887     8.5887   3.699915   3.700043     2.6477      80.58     0.0777 5.1461e-02 -9.990e-29     65.952  45.067280    6.20917    35.2444    35.2457    27.3755    1485.32    1485.15 0.0000e+00
       1600     22.000     8.5887     8.5887   3.699967   3.700098     2.6458      70.84     0.0757 5.1463e-02 -9.990e-29     66.638  45.067287    6.20687    35.2444    35.2458    27.3755    1485.33    1485.16 0.0000e+00
       1616     23.000     8.5885     8.5886   3.700003   3.700117     2.6464      98.98     0.0761 5.1428e-02 -9.990e-29     67.294  45.067295    6.20890    35.2445    35.2456    27.3757    1485.35    1485.17 0.0000e+00
       1632     24.000     8.5887     8.5888   3.700060   3.700186     2.6443      78.36     0.0745 5.1436e-02 -9.990e-29     67.951  45.067303    6.20345    35.2444    35.2457    27.3756    1485.37    1485.18 0.0000e+00
       1648     25.000     8.5888     8.5890   3.700109   3.700233     2.6451      88.00     0.0769 5.1427e-02 -9.990e-29     68.622  45.067310    6.20912    35.2444    35.2455    27.3755    1485.38    1485.19 0.0000e+00
       1666     26.000     8.5888     8.5890   3.700135   3.700257     2.6435      65.95     0.0786 5.1454e-02 -9.990e-29     69.378  45.067319    6.20704    35.2442    35.2453    27.3753    1485.40    1485.19 0.0000e+00
       1688     27.000     8.5891     8.5895   3.700229   3.700395     2.6449      97.57     0.0814 5.1442e-02 -9.990e-29     70.298  45.067330    6.21429    35.2444    35.2457    27.3754    1485.42    1485.20 0.0000e+00
       1717     28.000     8.5897     8.5897   3.700358   3.700471     2.6444      77.91     0.0773 5.1455e-02 -9.990e-29     71.495  45.067344    6.21259    35.2447    35.2459    27.3756    1485.44    1485.21 0.0000e+00
       1747     29.000     8.5903     8.5904   3.700462   3.700593     2.6450      70.12     0.0753 5.1450e-02 -9.990e-29     72.750  45.067358    6.22169    35.2447    35.2460    27.3755    1485.46    1485.22 0.0000e+00
       1770     30.000     8.5898     8.5898   3.700444   3.700569     2.6463      91.64     0.0735 5.1448e-02 -9.990e-29     73.689  45.067369    6.21470    35.2445    35.2458    27.3754    1485.47    1485.23 0.0000e+00
       1788     31.000     8.5902     8.5900   3.700526   3.700632     2.6448      80.41     0.0736 5.1474e-02 -9.990e-29     74.441  45.067378    6.20080    35.2445    35.2458    27.3754    1485.49    1485.24 0.0000e+00
       1804     32.000     8.5889     8.5898   3.700411   3.700630     2.6420      65.61     0.0721 5.1447e-02 -9.990e-29     75.125  45.067386    6.19479    35.2441    35.2455    27.3752    1485.50    1485.24 0.0000e+00
       1820     33.000     8.5888     8.5891   3.700437   3.700590     2.6408      77.87     0.0742 5.1436e-02 -9.990e-29     75.775  45.067393    6.20007    35.2440    35.2453    27.3752    1485.52    1485.25 0.0000e+00
       1837     34.000     8.5915     8.5917   3.700812   3.700939     2.6409      94.21     0.0771 5.1439e-02 -9.990e-29     76.508  45.067402    6.20562    35.2448    35.2459    27.3754    1485.54    1485.26 0.0000e+00
       1865     35.000     8.5940     8.5940   3.701124   3.701254     2.6418      73.42     0.0783 5.1475e-02 -9.990e-29     77.652  45.067415    6.21967    35.2451    35.2465    27.3752    1485.57    1485.27 0.0000e+00
       1894     36.000     8.5935     8.5941   3.701120   3.701312     2.6446      78.94     0.0806 5.1447e-02 -9.990e-29     78.894  45.067429    6.22256    35.2451    35.2465    27.3753    1485.58    1485.28 0.0000e+00
       1917     37.000     8.5923     8.5931   3.701035   3.701233     2.6437      89.72     0.0811 5.1449e-02 -9.990e-29     79.815  45.067440    6.20818    35.2449    35.2462    27.3753    1485.59    1485.29 0.0000e+00
       1935     38.000     8.5947     8.5948   3.701349   3.701487     2.6429      88.01     0.0770 5.1452e-02 -9.990e-29     80.564  45.067449    6.20386    35.2453    35.2467    27.3753    1485.62    1485.30 0.0000e+00
       1951     39.000     8.5947     8.5947   3.701395   3.701515     2.6401      52.64     0.0782 5.1461e-02 -9.990e-29     81.258  45.067457    6.20413    35.2453    35.2466    27.3753    1485.64    1485.30 0.0000e+00
       1970     40.000     8.5947     8.5947   3.701462   3.701571     2.6419      91.19     0.0821 5.1446e-02 -9.990e-29     82.024  45.067466    6.21692    35.2455    35.2467    27.3755    1485.65    1485.31 0.0000e+00
       1993     41.000     8.5947     8.5947   3.701495   3.701613     2.6410      81.29     0.0795 5.1441e-02 -9.990e-29     82.996  45.067477    6.21032    35.2454    35.2467    27.3754    1485.67    1485.32 0.0000e+00
       2018     42.000     8.5948     8.5948   3.701554   3.701666     2.6420      65.97     0.0822 5.1461e-02 -9.990e-29     84.033  45.067489    6.22026    35.2455    35.2466    27.3754    1485.69    1485.33 0.0000e+00
       2040     43.000     8.5949     8.5950   3.701614   3.701736     2.6430      81.46     0.0812 5.1476e-02 -9.990e-29     84.955  45.067500    6.21972    35.2455    35.2467    27.3754    1485.70    1485.34 0.0000e+00
       2058     44.000     8.5952     8.5952   3.701684   3.701796     2.6419      70.95     0.0804 5.1469e-02 -9.990e-29     85.726  45.067508    6.21629    35.2455    35.2466    27.3753    1485.72    1485.35 0.0000e+00
       2075     45.000     8.5955     8.5954   3.701775   3.701884     2.6427      84.10     0.0806 5.1445e-02 -9.990e-29     86.408  45.067516    6.22216    35.2456    35.2469    27.3754    1485.74    1485.36 0.0000e+00
       2090     46.000     8.5955     8.5955   3.701842   3.701956     2.6429      62.78     0.0831 5.1472e-02 -9.990e-29     87.061  45.067524    6.21356    35.2459    35.2471    27.3756    1485.76    1485.37 0.0000e+00
       2106     47.000     8.5954     8.5955   3.701855   3.701980     2.6407      68.24     0.0851 5.1428e-02 -9.990e-29     87.716  45.067531    6.20028    35.2456    35.2468    27.3754    1485.77    1485.37 0.0000e+00
       2126     48.000     8.5955     8.5955   3.701891   3.702024     2.6381      93.24     0.0844 5.1473e-02 -9.990e-29     88.538  45.067541    6.19548    35.2454    35.2468    27.3752    1485.79    1485.38 0.0000e+00
       2161     49.000     8.5954     8.5956   3.701929   3.702053     2.6370      65.38     0.0830 5.1473e-02 -9.990e-29     89.994  45.067558    6.21119    35.2454    35.2465    27.3753    1485.80    1485.39 0.0000e+00
       2195     50.000     8.5960     8.5964   3.702045   3.702182     2.6400      98.46     0.0828 5.1440e-02 -9.990e-29     91.413  45.067574    6.22154    35.2456    35.2466    27.3753    1485.82    1485.40 0.0000e+00
       2217     51.000     8.5955     8.5958   3.702055   3.702188     2.6398      86.47     0.0847 5.1461e-02 -9.990e-29     92.342  45.067585    6.21710    35.2457    35.2468    27.3755    1485.84    1485.41 0.0000e+00
       2236     52.000     8.5948     8.5949   3.702009   3.702134     2.6398      51.28     0.0874 5.1435e-02 -9.990e-29     93.117  45.067594    6.21740    35.2454    35.2466    27.3754    1485.85    1485.42 0.0000e+00
       2253     53.000     8.5957     8.5963   3.702158   3.702310     2.6401      74.79     0.0920 5.1452e-02 -9.990e-29     93.828  45.067602    6.21765    35.2456    35.2466    27.3754    1485.87    1485.43 0.0000e+00
       2270     54.000     8.5965     8.5965   3.702260   3.702383     2.6400      97.91     0.0902 5.1435e-02 -9.990e-29     94.532  45.067610    6.20749    35.2454    35.2467    27.3751    1485.89    1485.43 0.0000e+00
       2289     55.000     8.5958     8.5960   3.702259   3.702388     2.6367      80.23     0.0855 5.1447e-02 -9.990e-29     95.315  45.067619    6.20251    35.2456    35.2468    27.3754    1485.90    1485.44 0.0000e+00
       2309     56.000     8.5963     8.5962   3.702346   3.702425     2.6369      98.93     0.0834 5.1467e-02 -9.990e-29     96.179  45.067629    6.21157    35.2456    35.2465    27.3752    1485.92    1485.45 0.0000e+00
       2329     57.000     8.5962     8.5962   3.702352   3.702474     2.6371      98.18     0.0882 5.1456e-02 -9.990e-29     97.012  45.067639    6.21451    35.2452    35.2465    27.3750    1485.94    1485.46 0.0000e+00
       2348     58.000     8.5959     8.5957   3.702370   3.702466     2.6374      98.44     0.0899 5.1449e-02 -9.990e-29     97.789  45.067648    6.21236    35.2452    35.2465    27.3751    1485.95    1485.47 0.0000e+00
       2367     59.000     8.5962     8.5959   3.702444   3.702531     2.6363      97.02     0.0901 5.1468e-02 -9.990e-29     98.585  45.067657    6.21067    35.2452    35.2465    27.3750    1485.97    1485.48 0.0000e+00
       2390     60.000     8.5949     8.5945   3.702366   3.702417     2.6368      95.61     0.0896 5.1466e-02 -9.990e-29     99.550  45.067668    6.21558    35.2452    35.2462    27.3752    1485.98    1485.49 0.0000e+00
       2422     61.000     8.5949     8.5946   3.702396   3.702474     2.6371      94.09     0.0899 5.1475e-02 -9.990e-29    100.868  45.067684    6.21863    35.2451    35.2462    27.3751    1486.00    1485.49 0.0000e+00
       2450     62.000     8.5969     8.5968   3.702675   3.702762     2.6375      93.00     0.0887 5.1462e-02 -9.990e-29    102.039  45.067697    6.21888    35.2455    35.2466    27.3751    1486.02    1485.50 0.0000e+00
       2469     63.000     8.5987     8.5987   3.702905   3.703015     2.6376      92.12     0.0868 5.1435e-02 -9.990e-29    102.843  45.067706    6.22325    35.2457    35.2469    27.3750    1486.05    1485.51 0.0000e+00
       2485     64.000     8.5980     8.5978   3.702863   3.702964     2.6391      97.52     0.0878 5.1454e-02 -9.990e-29    103.514  45.067714    6.22168    35.2455    35.2467    27.3749    1486.06    1485.52 0.0000e+00
       2501     65.000     8.5975     8.5973   3.702866   3.702953     2.6368      78.77     0.0855 5.1459e-02 -9.990e-29    104.150  45.067722    6.20838    35.2455    35.2466    27.3750    1486.08    1485.53 0.0000e+00
       2516     66.000     8.5971     8.5973   3.702874   3.702987     2.6365      75.26     0.0837 5.1472e-02 -9.990e-29    104.772  45.067729    6.20824    35.2455    35.2465    27.3751    1486.09    1485.54 0.0000e+00
       2534     67.000     8.5984     8.5982   3.703045   3.703143     2.6349      44.80     0.0814 5.1472e-02 -9.990e-29    105.538  45.067738    6.21154    35.2455    35.2468    27.3749    1486.11    1485.55 0.0000e+00
       2567     68.000     8.5982     8.5981   3.703093   3.703181     2.6353      88.37     0.0856 5.1445e-02 -9.990e-29    106.907  45.067754    6.21561    35.2458    35.2468    27.3751    1486.13    1485.55 0.0000e+00
       2595     69.000     8.5983     8.5984   3.703144   3.703258     2.6344      85.63     0.0882 5.1444e-02 -9.990e-29    108.100  45.067767    6.20983    35.2457    35.2468    27.3750    1486.14    1485.56 0.0000e+00
       2615     70.000     8.5985     8.5986   3.703204   3.703331     2.6339      85.01     0.0869 5.1450e-02 -9.990e-29    108.918  45.067777    6.20942    35.2457    35.2469    27.3750    1486.16    1485.57 0.0000e+00
       2632     71.000     8.5983     8.5985   3.703228   3.703356     2.6332      84.13     0.0850 5.1443e-02 -9.990e-29    109.640  45.067785    6.20850    35.2456    35.2468    27.3750    1486.18    1485.58 0.0000e+00
       2649     72.000     8.5978     8.5980   3.703231   3.703360     2.6327      82.68     0.0836 5.1474e-02 -9.990e-29    110.352  45.067793    6.21203    35.2457    35.2469    27.3751    1486.19    1485.59 0.0000e+00
       2671     73.000     8.5979     8.5981   3.703292   3.703437     2.6331      81.90     0.0844 5.1447e-02 -9.990e-29    111.248  45.067804    6.21386    35.2458    35.2471    27.3751    1486.21    1485.60 0.0000e+00
       2698     74.000     8.5987     8.5993   3.703439   3.703593     2.6334      80.87     0.0819 5.1457e-02 -9.990e-29    112.386  45.067817    6.21793    35.2460    35.2471    27.3752    1486.23    1485.60 0.0000e+00
