IBTS/IBTS_CruiseNotebook/Data/CTD/sta0028.cnv
* Sea-Bird SBE 9 Data File:
* FileName = C:\Seabird\CTDData\sta0028.hex
* Software Version Seasave V 7.21f
* Temperature SN = 2491
* Conductivity SN = 2694
* Number of Bytes Per Scan = 40
* Number of Voltage Words = 5
* Number of Scans Averaged by the Deck Unit = 1
* NMEA Latitude = 61 05.95 N
* NMEA Longitude = 000 20.31 E
* NMEA UTC (Time) = Feb 13 2020 19:48:45
* NMEA baud rate = 4800
** Ship: 10 F/F "G. O. Sars"
** Station: 0028
** Echodepth: 158
** Log: 8234.5
** Wind-Dir Force: 05 12
** Air-temp (dry): 3.1
** Weather Sky:
** Sea Ice:
# nquan = 20                                
# nvalues = 147                         
# units = specified
# name 0 = scan: Scan Count
# name 1 = prDM: Pressure, Digiquartz [db]
# name 2 = t068C: Temperature [ITS-68, deg C]
# name 3 = t168C: Temperature, 2 [ITS-68, deg C]
# name 4 = c0S/m: Conductivity [S/m]
# name 5 = c1S/m: Conductivity, 2 [S/m]
# name 6 = sbeox0V: Oxygen raw, SBE 43 [V]
# name 7 = altM: Altimeter [m]
# name 8 = flC: Fluorescence, Chelsea Aqua 3 Chl Con [ug/l]
# name 9 = par: PAR/Irradiance, Biospherical/Licor
# name 10 = spar: SPAR/Surface Irradiance
# name 11 = timeS: Time, Elapsed [seconds]
# name 12 = timeJ: Julian Days
# name 13 = sbeox0ML/L: Oxygen, SBE 43 [ml/l], WS = 2
# name 14 = sal00: Salinity, Practical [PSU]
# name 15 = sal11: Salinity, Practical, 2 [PSU]
# name 16 = sigma-t00: Density [sigma-t, Kg/m^3 ]
# name 17 = svCM: Sound Velocity [Chen-Millero, m/s]
# name 18 = avgsvCM: Average Sound Velocity [Chen-Millero, m/s], minP = 1, minS = 5
# name 19 = flag: flag
# span 0 =         45,       4192       
# span 1 =      3.000,    149.000       
# span 2 =     8.9641,     8.9916       
# span 3 =     8.9647,     8.9917       
# span 4 =   3.737979,   3.747298       
# span 5 =   3.738280,   3.747445       
# span 6 =     2.5948,     2.6344       
# span 7 =      -5.17,     101.07       
# span 8 =     0.0781,     0.0983       
# span 9 = 5.1417e-02, 1.1538e+00       
# span 10 = 1.1051e+00, 1.9456e+00      
# span 11 =      1.838,    174.614      
# span 12 =  44.825565,  44.827565      
# span 13 =    6.08502,    6.13099      
# span 14 =    35.2807,    35.2839      
# span 15 =    35.2830,    35.2851      
# span 16 =    27.3408,    27.3453      
# span 17 =    1486.46,    1488.96      
# span 18 =    1486.46,    1487.71      
# span 19 = 0.0000e+00, 0.0000e+00      
# interval = decibars: 1                
# start_time = Feb 13 2020 19:48:47 [System UTC, header]
# bad_flag = -9.990e-29
*END*
[from data line 73]
       2218     76.000     8.9825     8.9826   3.743124   3.743262     2.6179      83.13     0.0888 5.1464e-02 -9.990e-29     92.380  44.826613    6.11340    35.2818    35.2832    27.3421    1487.72    1487.09 0.0000e+00
       2236     77.000     8.9827     8.9828   3.743202   3.743317     2.6172      82.21     0.0887 5.1478e-02 -9.990e-29     93.120  44.826622    6.10752    35.2820    35.2831    27.3422    1487.74    1487.10 0.0000e+00
       2252     78.000     8.9828     8.9830   3.743244   3.743382     2.6161      81.42     0.0893 5.1473e-02 -9.990e-29     93.795  44.826630    6.10219    35.2818    35.2831    27.3421    1487.76    1487.11 0.0000e+00
       2268     79.000     8.9822     8.9823   3.743236   3.743364     2.6148      80.39     0.0908 5.1486e-02 -9.990e-29     94.457  44.826637    6.09787    35.2819    35.2831    27.3422    1487.77    1487.12 0.0000e+00
       2283     80.000     8.9823     8.9825   3.743291   3.743433     2.6132      79.61     0.0923 5.1466e-02 -9.990e-29     95.086  44.826644    6.09398    35.2819    35.2832    27.3422    1487.79    1487.13 0.0000e+00
       2300     81.000     8.9824     8.9825   3.743346   3.743476     2.6119      78.68     0.0903 5.1479e-02 -9.990e-29     95.779  44.826653    6.09263    35.2819    35.2831    27.3422    1487.81    1487.13 0.0000e+00
       2325     82.000     8.9829     8.9830   3.743453   3.743567     2.6101      77.09     0.0864 5.1471e-02 -9.990e-29     96.817  44.826665    6.09140    35.2820    35.2831    27.3422    1487.82    1487.14 0.0000e+00
       2369     83.000     8.9834     8.9833   3.743523   3.743636     2.6102      75.58     0.0919 5.1473e-02 -9.990e-29     98.667  44.826686    6.10432    35.2818    35.2831    27.3420    1487.84    1487.15 0.0000e+00
       2408     84.000     8.9829     8.9829   3.743518   3.743651     2.6122      74.78     0.0960 5.1464e-02 -9.990e-29    100.309  44.826705    6.11311    35.2817    35.2831    27.3420    1487.86    1487.16 0.0000e+00
       2431     85.000     8.9830     8.9830   3.743579   3.743704     2.6145      74.07     0.0951 5.1440e-02 -9.990e-29    101.245  44.826716    6.12495    35.2818    35.2831    27.3420    1487.87    1487.17 0.0000e+00
       2448     86.000     8.9831     8.9833   3.743634   3.743770     2.6160      73.47     0.0913 5.1452e-02 -9.990e-29    101.976  44.826724    6.12756    35.2818    35.2830    27.3420    1487.89    1487.18 0.0000e+00
       2464     87.000     8.9834     8.9835   3.743709   3.743836     2.6171      72.53     0.0900 5.1454e-02 -9.990e-29    102.644  44.826732    6.12639    35.2818    35.2830    27.3420    1487.91    1487.19 0.0000e+00
       2480     88.000     8.9835     8.9835   3.743766   3.743888     2.6173      71.45     0.0883 5.1447e-02 -9.990e-29    103.272  44.826739    6.12118    35.2818    35.2831    27.3420    1487.92    1487.19 0.0000e+00
       2494     89.000     8.9836     8.9837   3.743813   3.743946     2.6169      70.63     0.0884 5.1449e-02 -9.990e-29    103.891  44.826746    6.11571    35.2817    35.2830    27.3419    1487.94    1487.20 0.0000e+00
       2509     90.000     8.9835     8.9837   3.743866   3.743992     2.6156      69.59     0.0909 5.1457e-02 -9.990e-29    104.508  44.826754    6.11051    35.2819    35.2831    27.3421    1487.96    1487.21 0.0000e+00
       2524     91.000     8.9838     8.9840   3.743933   3.744066     2.6145      68.59     0.0923 5.1437e-02 -9.990e-29    105.126  44.826761    6.10717    35.2819    35.2831    27.3419    1487.98    1487.22 0.0000e+00
       2539     92.000     8.9848     8.9850   3.744099   3.744233     2.6131      67.64     0.0948 5.1463e-02 -9.990e-29    105.751  44.826768    6.10619    35.2821    35.2833    27.3420    1488.00    1487.23 0.0000e+00
       2559     93.000     8.9847     8.9851   3.744136   3.744287     2.6124      66.34     0.0950 5.1454e-02 -9.990e-29    106.589  44.826778    6.11112    35.2821    35.2833    27.3420    1488.01    1487.24 0.0000e+00
       2583     94.000     8.9851     8.9851   3.744232   3.744346     2.6128      65.09     0.0953 5.1437e-02 -9.990e-29    107.593  44.826789    6.11802    35.2823    35.2835    27.3421    1488.03    1487.24 0.0000e+00
       2606     95.000     8.9853     8.9853   3.744295   3.744407     2.6136      64.06     0.0924 5.1454e-02 -9.990e-29    108.542  44.826800    6.12171    35.2822    35.2834    27.3420    1488.05    1487.25 0.0000e+00
       2633     96.000     8.9855     8.9854   3.744333   3.744461     2.6143      62.96     0.0909 5.1482e-02 -9.990e-29    109.665  44.826813    6.12121    35.2820    35.2834    27.3418    1488.06    1487.26 0.0000e+00
       2668     97.000     8.9851     8.9851   3.744317   3.744471     2.6137      61.85     0.0899 5.1462e-02 -9.990e-29    111.111  44.826830    6.11560    35.2817    35.2833    27.3416    1488.08    1487.27 0.0000e+00
       2699     98.000     8.9850     8.9851   3.744377   3.744519     2.6128      60.97     0.0905 5.1457e-02 -9.990e-29    112.430  44.826845    6.11532    35.2820    35.2834    27.3418    1488.09    1487.28 0.0000e+00
       2723     99.000     8.9855     8.9856   3.744479   3.744610     2.6122      60.13     0.0915 5.1467e-02 -9.990e-29    113.409  44.826857    6.11322    35.2821    35.2833    27.3418    1488.11    1487.29 0.0000e+00
       2742    100.000     8.9867     8.9872   3.744672   3.744847     2.6119      59.25     0.0932 5.1474e-02 -9.990e-29    114.197  44.826866    6.11382    35.2824    35.2838    27.3419    1488.13    1487.29 0.0000e+00
       2758    101.000     8.9884     8.9887   3.744915   3.745065     2.6116      58.47     0.0918 5.1466e-02 -9.990e-29    114.883  44.826874    6.10902    35.2828    35.2841    27.3420    1488.16    1487.30 0.0000e+00
       2773    102.000     8.9885     8.9884   3.744985   3.745088     2.6100      57.53     0.0915 5.1466e-02 -9.990e-29    115.508  44.826881    6.10060    35.2830    35.2841    27.3421    1488.17    1487.31 0.0000e+00
       2788    103.000     8.9883     8.9882   3.745006   3.745095     2.6086      56.62     0.0919 5.1505e-02 -9.990e-29    116.129  44.826888    6.09910    35.2829    35.2839    27.3421    1488.19    1487.32 0.0000e+00
       2803    104.000     8.9883     8.9882   3.745029   3.745131     2.6077      55.74     0.0920 5.1457e-02 -9.990e-29    116.743  44.826895    6.10061    35.2827    35.2838    27.3419    1488.21    1487.33 0.0000e+00
       2818    105.000     8.9882     8.9882   3.745054   3.745166     2.6071      54.68     0.0898 5.1466e-02 -9.990e-29    117.365  44.826902    6.10243    35.2826    35.2837    27.3418    1488.22    1487.34 0.0000e+00
       2833    106.000     8.9882     8.9882   3.745106   3.745200     2.6068      53.74     0.0922 5.1447e-02 -9.990e-29    117.990  44.826910    6.10376    35.2826    35.2836    27.3418    1488.24    1487.35 0.0000e+00
       2848    107.000     8.9886     8.9888   3.745210   3.745337     2.6066      52.73     0.0920 5.1456e-02 -9.990e-29    118.607  44.826917    6.10563    35.2828    35.2840    27.3419    1488.26    1487.35 0.0000e+00
       2897    108.000     8.9888     8.9889   3.745250   3.745393     2.6048      50.53     0.0910 5.1446e-02 -9.990e-29    120.677  44.826941    6.10287    35.2826    35.2840    27.3417    1488.27    1487.36 0.0000e+00
       2938    109.000     8.9888     8.9889   3.745283   3.745431     2.6059      49.80     0.0879 5.1472e-02 -9.990e-29    122.380  44.826960    6.11803    35.2824    35.2839    27.3416    1488.29    1487.37 0.0000e+00
       2957    110.000     8.9887     8.9887   3.745309   3.745443     2.6082      49.20     0.0892 5.1443e-02 -9.990e-29    123.154  44.826969    6.12439    35.2823    35.2838    27.3415    1488.31    1487.38 0.0000e+00
       2973    111.000     8.9883     8.9886   3.745304   3.745466     2.6092      48.52     0.0883 5.1483e-02 -9.990e-29    123.836  44.826977    6.11884    35.2822    35.2836    27.3415    1488.32    1487.39 0.0000e+00
       2989    112.000     8.9896     8.9896   3.745510   3.745647     2.6087      47.50     0.0892 5.1445e-02 -9.990e-29    124.484  44.826985    6.11010    35.2826    35.2840    27.3416    1488.34    1487.40 0.0000e+00
       3004    113.000     8.9899     8.9899   3.745598   3.745724     2.6076      46.50     0.0895 5.1457e-02 -9.990e-29    125.120  44.826992    6.10664    35.2828    35.2841    27.3417    1488.36    1487.41 0.0000e+00
       3019    114.000     8.9899     8.9899   3.745644   3.745769     2.6069      45.53     0.0889 5.1447e-02 -9.990e-29    125.738  44.826999    6.10589    35.2828    35.2841    27.3417    1488.38    1487.41 0.0000e+00
       3034    115.000     8.9900     8.9900   3.745701   3.745835     2.6062      44.47     0.0901 5.1456e-02 -9.990e-29    126.364  44.827007    6.10124    35.2828    35.2842    27.3417    1488.39    1487.42 0.0000e+00
       3049    116.000     8.9902     8.9904   3.745774   3.745915     2.6045      43.29     0.0899 5.1466e-02 -9.990e-29    126.992  44.827014    6.09635    35.2829    35.2841    27.3417    1488.41    1487.43 0.0000e+00
       3064    117.000     8.9905     8.9907   3.745857   3.746003     2.6034      42.41     0.0895 5.1447e-02 -9.990e-29    127.613  44.827021    6.09775    35.2830    35.2843    27.3417    1488.43    1487.44 0.0000e+00
       3079    118.000     8.9906     8.9906   3.745916   3.746032     2.6030      41.40     0.0907 5.1452e-02 -9.990e-29    128.264  44.827028    6.10046    35.2830    35.2842    27.3418    1488.45    1487.45 0.0000e+00
       3103    119.000     8.9902     8.9902   3.745909   3.746033     2.6025      40.16     0.0919 5.1453e-02 -9.990e-29    129.233  44.827040    6.10262    35.2829    35.2842    27.3417    1488.46    1487.46 0.0000e+00
       3135    120.000     8.9905     8.9903   3.745971   3.746075     2.6037      38.94     0.0947 5.1447e-02 -9.990e-29    130.581  44.827055    6.11545    35.2827    35.2840    27.3416    1488.48    1487.46 0.0000e+00
       3166    121.000     8.9910     8.9911   3.746068   3.746228     2.6050      37.98     0.0967 5.1457e-02 -9.990e-29    131.875  44.827070    6.11016    35.2828    35.2844    27.3415    1488.50    1487.47 0.0000e+00
       3189    122.000     8.9911     8.9909   3.746118   3.746234     2.6040      37.16     0.0958 5.1447e-02 -9.990e-29    132.817  44.827081    6.10085    35.2827    35.2841    27.3414    1488.51    1487.48 0.0000e+00
       3206    123.000     8.9897     8.9901   3.745986   3.746176     2.6023      36.33     0.0903 5.1436e-02 -9.990e-29    133.560  44.827090    6.09363    35.2822    35.2838    27.3413    1488.52    1487.49 0.0000e+00
       3223    124.000     8.9889     8.9888   3.745961   3.746054     2.6004      35.43     0.0881 5.1452e-02 -9.990e-29    134.252  44.827098    6.09201    35.2823    35.2834    27.3415    1488.54    1487.50 0.0000e+00
       3240    125.000     8.9886     8.9884   3.745961   3.746076     2.5996      34.45     0.0904 5.1442e-02 -9.990e-29    134.969  44.827106    6.09831    35.2821    35.2835    27.3414    1488.55    1487.51 0.0000e+00
       3261    126.000     8.9880     8.9884   3.745946   3.746113     2.6002      33.35     0.0920 5.1474e-02 -9.990e-29    135.818  44.827116    6.10620    35.2821    35.2834    27.3414    1488.57    1487.52 0.0000e+00
       3287    127.000     8.9877     8.9868   3.745946   3.745967     2.6012      32.19     0.0931 5.1454e-02 -9.990e-29    136.902  44.827129    6.11161    35.2819    35.2830    27.3414    1488.58    1487.52 0.0000e+00
       3314    128.000     8.9878     8.9868   3.746004   3.746016     2.6022      31.17     0.0934 5.1473e-02 -9.990e-29    138.023  44.827142    6.10616    35.2819    35.2830    27.3414    1488.60    1487.53 0.0000e+00
       3335    129.000     8.9876     8.9887   3.746041   3.746277     2.6000      30.28     0.0930 5.1454e-02 -9.990e-29    138.913  44.827152    6.09352    35.2820    35.2834    27.3415    1488.61    1487.54 0.0000e+00
       3353    130.000     8.9887     8.9891   3.746207   3.746371     2.5988      29.39     0.0911 5.1454e-02 -9.990e-29    139.648  44.827160    6.09356    35.2822    35.2835    27.3414    1488.64    1487.55 0.0000e+00
       3368    131.000     8.9894     8.9895   3.746324   3.746454     2.5981      28.49     0.0939 5.1457e-02 -9.990e-29    140.308  44.827168    6.09102    35.2823    35.2835    27.3414    1488.65    1487.56 0.0000e+00
       3383    132.000     8.9898     8.9897   3.746415   3.746520     2.5965      27.56     0.0939 5.1417e-02 -9.990e-29    140.934  44.827175    6.08633    35.2823    35.2836    27.3414    1488.67    1487.57 0.0000e+00
       3398    133.000     8.9903     8.9901   3.746524   3.746599     2.5956      26.62     0.0959 5.1437e-02 -9.990e-29    141.542  44.827182    6.08734    35.2825    35.2835    27.3414    1488.69    1487.57 0.0000e+00
       3413    134.000     8.9911     8.9906   3.746671   3.746708     2.5949      25.65     0.0950 5.1504e-02 -9.990e-29    142.157  44.827189    6.09028    35.2828    35.2837    27.3415    1488.71    1487.58 0.0000e+00
       3429    135.000     8.9909     8.9907   3.746680   3.746764     2.5950      24.61     0.0919 5.1461e-02 -9.990e-29    142.813  44.827197    6.09339    35.2826    35.2837    27.3414    1488.73    1487.59 0.0000e+00
       3457    136.000     8.9909     8.9910   3.746727   3.746868     2.5951      23.22     0.0900 5.1449e-02 -9.990e-29    143.992  44.827211    6.09816    35.2826    35.2840    27.3414    1488.74    1487.60 0.0000e+00
       3494    137.000     8.9916     8.9915   3.746829   3.746963     2.5961      22.10     0.0897 5.1460e-02 -9.990e-29    145.532  44.827228    6.10238    35.2825    35.2840    27.3412    1488.76    1487.61 0.0000e+00
       3524    138.000     8.9914     8.9913   3.746840   3.746971     2.5980      21.22     0.0892 5.1446e-02 -9.990e-29    146.798  44.827243    6.11370    35.2824    35.2838    27.3411    1488.78    1487.62 0.0000e+00
       3549    139.000     8.9907     8.9905   3.746806   3.746916     2.5993      20.32     0.0938 5.1463e-02 -9.990e-29    147.816  44.827255    6.11428    35.2822    35.2836    27.3411    1488.79    1487.63 0.0000e+00
       3569    140.000     8.9901     8.9901   3.746787   3.746916     2.5996      19.45     0.0929 5.1448e-02 -9.990e-29    148.686  44.827265    6.11098    35.2821    35.2835    27.3412    1488.80    1487.63 0.0000e+00
       3588    141.000     8.9906     8.9907   3.746892   3.747020     2.5993      18.56     0.0891 5.1450e-02 -9.990e-29    149.438  44.827274    6.10731    35.2823    35.2835    27.3412    1488.82    1487.64 0.0000e+00
       3604    142.000     8.9910     8.9911   3.746984   3.747123     2.5986      17.66     0.0905 5.1447e-02 -9.990e-29    150.118  44.827282    6.10487    35.2824    35.2837    27.3412    1488.84    1487.65 0.0000e+00
       3619    143.000     8.9915     8.9917   3.747082   3.747218     2.5982      16.73     0.0907 5.1486e-02 -9.990e-29    150.757  44.827289    6.10400    35.2824    35.2836    27.3411    1488.86    1487.66 0.0000e+00
       3634    144.000     8.9915     8.9916   3.747139   3.747259     2.5973      15.78     0.0902 5.1447e-02 -9.990e-29    151.380  44.827296    6.10038    35.2825    35.2837    27.3412    1488.88    1487.67 0.0000e+00
       3649    145.000     8.9915     8.9914   3.747170   3.747284     2.5962      14.78     0.0903 5.1437e-02 -9.990e-29    152.007  44.827303    6.09986    35.2824    35.2837    27.3411    1488.89    1487.68 0.0000e+00
       3664    146.000     8.9913     8.9914   3.747191   3.747315     2.5960      13.78     0.0916 5.1437e-02 -9.990e-29    152.634  44.827311    6.10167    35.2823    35.2835    27.3411    1488.91    1487.68 0.0000e+00
