IBTS/IBTS_CruiseNotebook/Data/CTD/sta0034.cnv
* Sea-Bird SBE 9 Data File:
* FileName = C:\Seabird\CTDData\sta0034.hex
* Software Version Seasave V 7.21f
* Temperature SN = 2491
* Conductivity SN = 2694
* Number of Bytes Per Scan = 40
* Number of Voltage Words = 5
* Number of Scans Averaged by the Deck Unit = 1
* NMEA Latitude = 60 37.91 N
* NMEA Longitude = 001 34.38 E
* NMEA UTC (Time) = Feb 14 2020 09:59:12
* NMEA baud rate = 4800
** Ship: 10 F/F "G. O. Sars"
** Station: 0034
** Echodepth: 142
** Log: 8315.17
** Wind-Dir Force: 20 23
** Air-temp (dry): 5.7
** Weather Sky:
** Sea Ice:
# nquan = 20                                
# nvalues = 129                         
# units = specified
# name 0 = scan: Scan Count
# name 1 = prDM: Pressure, Digiquartz [db]
# name 2 = t068C: Temperature [ITS-68, deg C]
# name 3 = t168C: Temperature, 2 [ITS-68, deg C]
# name 4 = c0S/m: Conductivity [S/m]
# name 5 = c1S/m: Conductivity, 2 [S/m]
# name 6 = sbeox0V: Oxygen raw, SBE 43 [V]
# name 7 = altM: Altimeter [m]
# name 8 = flC: Fluorescence, Chelsea Aqua 3 Chl Con [ug/l]
# name 9 = par: PAR/Irradiance, Biospherical/Licor
# name 10 = spar: SPAR/Surface Irradiance
# name 11 = timeS: Time, Elapsed [seconds]
# name 12 = timeJ: Julian Days
# name 13 = sbeox0ML/L: Oxygen, SBE 43 [ml/l], WS = 2
# name 14 = sal00: Salinity, Practical [PSU]
# name 15 = sal11: Salinity, Practical, 2 [PSU]
# name 16 = sigma-t00: Density [sigma-t, Kg/m^3 ]
# name 17 = svCM: Sound Velocity [Chen-Millero, m/s]
# name 18 = avgsvCM: Average Sound Velocity [Chen-Millero, m/s], minP = 1, minS = 5
# name 19 = flag: flag
# span 0 =        261,       3540       
# span 1 =      5.000,    133.000       
# span 2 =     8.1110,     8.1378       
# span 3 =     8.1112,     8.1381       
# span 4 =   3.644666,   3.652953       
# span 5 =   3.644805,   3.653056       
# span 6 =     2.6127,     2.6557       
# span 7 =      10.00,     100.09       
# span 8 =     0.0630,     0.0850       
# span 9 = 5.1419e-02, 3.3218e+01       
# span 10 = 7.5518e+01, 1.1814e+02      
# span 11 =     10.849,    147.444      
# span 12 =  45.416260,  45.417841      
# span 13 =    6.26249,    6.31876      
# span 14 =    35.1404,    35.1411      
# span 15 =    35.1412,    35.1422      
# span 16 =    27.3637,    27.3681      
# span 17 =    1483.14,    1485.35      
# span 18 =    1483.14,    1484.23      
# span 19 = 0.0000e+00, 0.0000e+00      
# interval = decibars: 1                
# start_time = Feb 14 2020 09:59:14 [System UTC, header]
# bad_flag = -9.990e-29
*END*
        261      5.000     8.1110     8.1113   3.644666   3.644805     2.6552      64.38     0.0793 3.3218e+01 1.1814e+02     10.849  45.416260    6.29746    35.1408    35.1420    27.3680    1483.14    1483.14 0.0000e+00
        729      6.000     8.1135     8.1130   3.644940   3.645022     2.6557      99.33     0.0769 2.9517e+01 1.1661e+02     30.324  45.416485    6.30238    35.1408    35.1421    27.3676    1483.17    1483.15 0.0000e+00
        741      7.000     8.1117     8.1118   3.644839   3.644951     2.6546      46.77     0.0816 2.5793e+01 1.1663e+02     30.852  45.416491    6.29607    35.1410    35.1421    27.3681    1483.18    1483.15 0.0000e+00
        762      8.000     8.1112     8.1112   3.644826   3.644941     2.6552      73.62     0.0845 2.1794e+01 1.1339e+02     31.722  45.416501    6.30684    35.1409    35.1421    27.3680    1483.19    1483.16 0.0000e+00
        785      9.000     8.1115     8.1117   3.644908   3.645043     2.6556      99.28     0.0809 1.9209e+01 1.0560e+02     32.682  45.416512    6.30152    35.1409    35.1422    27.3681    1483.21    1483.16 0.0000e+00
        808     10.000     8.1126     8.1130   3.645058   3.645200     2.6545      98.86     0.0850 1.8006e+01 1.1676e+02     33.636  45.416524    6.29852    35.1410    35.1421    27.3679    1483.23    1483.17 0.0000e+00
        830     11.000     8.1124     8.1130   3.645088   3.645244     2.6545      98.86     0.0831 1.6184e+01 1.1662e+02     34.523  45.416534    6.30194    35.1410    35.1421    27.3680    1483.25    1483.18 0.0000e+00
        849     12.000     8.1145     8.1148   3.645320   3.645461     2.6544      98.87     0.0804 1.4307e+01 1.1489e+02     35.319  45.416543    6.29884    35.1409    35.1421    27.3676    1483.27    1483.18 0.0000e+00
        866     13.000     8.1159     8.1163   3.645487   3.645620     2.6534      98.86     0.0776 1.2917e+01 1.0801e+02     36.053  45.416551    6.29634    35.1408    35.1418    27.3673    1483.29    1483.19 0.0000e+00
        883     14.000     8.1158     8.1160   3.645527   3.645647     2.6533      98.86     0.0762 1.1824e+01 1.1486e+02     36.748  45.416560    6.30043    35.1408    35.1419    27.3673    1483.31    1483.20 0.0000e+00
        899     15.000     8.1160     8.1159   3.645592   3.645690     2.6534      98.86     0.0769 1.0779e+01 1.1468e+02     37.423  45.416567    6.30169    35.1408    35.1420    27.3673    1483.33    1483.21 0.0000e+00
        916     16.000     8.1177     8.1178   3.645778   3.645895     2.6533      98.87     0.0785 9.8060e+00 1.0791e+02     38.127  45.416576    6.30040    35.1406    35.1418    27.3669    1483.35    1483.22 0.0000e+00
        936     17.000     8.1185     8.1188   3.645904   3.646024     2.6527      98.86     0.0796 8.8559e+00 1.1238e+02     38.958  45.416585    6.29714    35.1407    35.1417    27.3668    1483.37    1483.23 0.0000e+00
        961     18.000     8.1184     8.1187   3.645952   3.646060     2.6523      98.86     0.0796 7.9513e+00 1.0403e+02     40.012  45.416597    6.30104    35.1408    35.1417    27.3669    1483.38    1483.24 0.0000e+00
        991     19.000     8.1181     8.1184   3.645967   3.646074     2.6524      98.87     0.0765 7.1202e+00 1.1451e+02     41.247  45.416612    6.30139    35.1408    35.1416    27.3669    1483.40    1483.24 0.0000e+00
       1022     20.000     8.1180     8.1182   3.646005   3.646106     2.6522      98.86     0.0784 6.4187e+00 1.1468e+02     42.533  45.416627    6.29830    35.1408    35.1417    27.3669    1483.42    1483.25 0.0000e+00
       1051     21.000     8.1176     8.1183   3.646012   3.646149     2.6498      51.59     0.0779 5.9610e+00 1.1468e+02     43.763  45.416641    6.28706    35.1408    35.1415    27.3670    1483.43    1483.26 0.0000e+00
       1076     22.000     8.1187     8.1190   3.646166   3.646270     2.6505      97.56     0.0778 5.6211e+00 1.1141e+02     44.790  45.416653    6.30785    35.1408    35.1416    27.3669    1483.45    1483.27 0.0000e+00
       1097     23.000     8.1202     8.1204   3.646327   3.646444     2.6519      98.87     0.0793 5.2793e+00 1.1224e+02     45.670  45.416663    6.30816    35.1406    35.1416    27.3664    1483.47    1483.28 0.0000e+00
       1116     24.000     8.1198     8.1199   3.646347   3.646457     2.6521      98.86     0.0761 4.9687e+00 1.1471e+02     46.446  45.416672    6.30557    35.1407    35.1418    27.3666    1483.49    1483.29 0.0000e+00
       1133     25.000     8.1200     8.1199   3.646412   3.646493     2.6521      98.86     0.0791 4.6778e+00 1.1468e+02     47.158  45.416680    6.30191    35.1407    35.1417    27.3666    1483.51    1483.30 0.0000e+00
       1149     26.000     8.1198     8.1199   3.646450   3.646535     2.6513      98.86     0.0817 4.3911e+00 1.1392e+02     47.813  45.416688    6.29091    35.1408    35.1416    27.3667    1483.52    1483.30 0.0000e+00
       1164     27.000     8.1199     8.1195   3.646507   3.646550     2.6491      85.82     0.0803 4.1065e+00 1.0693e+02     48.442  45.416695    6.28053    35.1408    35.1417    27.3667    1483.54    1483.31 0.0000e+00
       1178     28.000     8.1198     8.1199   3.646548   3.646645     2.6461      22.36     0.0804 3.8138e+00 1.1275e+02     49.038  45.416702    6.28270    35.1409    35.1418    27.3667    1483.55    1483.32 0.0000e+00
       1192     29.000     8.1217     8.1221   3.646777   3.646876     2.6478      99.12     0.0784 3.5028e+00 1.1275e+02     49.623  45.416709    6.29715    35.1409    35.1416    27.3665    1483.58    1483.33 0.0000e+00
       1206     30.000     8.1233     8.1234   3.646948   3.647038     2.6472      98.92     0.0754 3.1834e+00 1.1274e+02     50.204  45.416715    6.29450    35.1407    35.1415    27.3660    1483.60    1483.34 0.0000e+00
       1221     31.000     8.1224     8.1228   3.646913   3.647035     2.6472      98.86     0.0732 2.9165e+00 1.0412e+02     50.828  45.416723    6.29252    35.1407    35.1416    27.3662    1483.61    1483.35 0.0000e+00
       1250     32.000     8.1225     8.1224   3.646958   3.647030     2.6473      65.73     0.0764 2.6870e+00 1.0807e+02     52.044  45.416737    6.30503    35.1406    35.1415    27.3661    1483.63    1483.36 0.0000e+00
       1314     33.000     8.1209     8.1211   3.646865   3.646966     2.6504      69.94     0.0754 2.4180e+00 1.0976e+02     54.729  45.416768    6.30073    35.1407    35.1416    27.3664    1483.64    1483.37 0.0000e+00
       1344     34.000     8.1206     8.1206   3.646888   3.646968     2.6499      99.72     0.0750 2.3297e+00 1.1283e+02     55.955  45.416782    6.30792    35.1408    35.1416    27.3665    1483.66    1483.37 0.0000e+00
       1363     35.000     8.1208     8.1208   3.646954   3.647042     2.6495      98.87     0.0753 2.2196e+00 1.1255e+02     56.753  45.416791    6.30104    35.1408    35.1417    27.3665    1483.67    1483.38 0.0000e+00
       1379     36.000     8.1202     8.1204   3.646954   3.647052     2.6488      86.76     0.0765 2.1048e+00 1.0523e+02     57.429  45.416799    6.29548    35.1409    35.1417    27.3667    1483.69    1483.39 0.0000e+00
       1395     37.000     8.1206     8.1208   3.647040   3.647130     2.6466      41.92     0.0763 1.9706e+00 1.1012e+02     58.072  45.416806    6.30100    35.1409    35.1417    27.3667    1483.70    1483.40 0.0000e+00
       1410     38.000     8.1211     8.1213   3.647127   3.647228     2.6495      99.50     0.0761 1.8427e+00 1.1080e+02     58.692  45.416814    6.31876    35.1409    35.1418    27.3665    1483.72    1483.41 0.0000e+00
       1424     39.000     8.1208     8.1208   3.647144   3.647238     2.6496      98.86     0.0740 1.7198e+00 1.1080e+02     59.303  45.416821    6.31229    35.1409    35.1419    27.3666    1483.74    1483.42 0.0000e+00
       1439     40.000     8.1217     8.1222   3.647287   3.647397     2.6497      98.86     0.0753 1.6012e+00 1.1080e+02     59.905  45.416828    6.30333    35.1410    35.1417    27.3666    1483.76    1483.43 0.0000e+00
       1453     41.000     8.1226     8.1225   3.647404   3.647470     2.6485      82.16     0.0720 1.5029e+00 1.0331e+02     60.494  45.416834    6.29386    35.1409    35.1417    27.3663    1483.78    1483.43 0.0000e+00
       1467     42.000     8.1224     8.1222   3.647435   3.647488     2.6455      38.60     0.0702 1.4085e+00 1.0993e+02     61.080  45.416841    6.28807    35.1409    35.1417    27.3664    1483.79    1483.44 0.0000e+00
       1481     43.000     8.1226     8.1225   3.647499   3.647577     2.6468     100.09     0.0719 1.3170e+00 1.1082e+02     61.657  45.416848    6.29426    35.1409    35.1418    27.3663    1483.81    1483.45 0.0000e+00
       1504     44.000     8.1238     8.1232   3.647644   3.647668     2.6432      98.55     0.0760 1.2322e+00 1.1080e+02     62.616  45.416859    6.28571    35.1408    35.1416    27.3660    1483.83    1483.46 0.0000e+00
       1544     45.000     8.1247     8.1250   3.647764   3.647866     2.6433      97.49     0.0750 1.1090e+00 1.0369e+02     64.302  45.416879    6.29569    35.1407    35.1414    27.3658    1483.85    1483.47 0.0000e+00
       1585     46.000     8.1261     8.1260   3.647936   3.647989     2.6425      97.49     0.0716 1.0071e+00 1.0829e+02     66.012  45.416898    6.29127    35.1406    35.1413    27.3656    1483.87    1483.48 0.0000e+00
       1614     47.000     8.1265     8.1268   3.648019   3.648122     2.6422      96.49     0.0695 9.3215e-01 1.0887e+02     67.204  45.416912    6.29279    35.1406    35.1414    27.3655    1483.89    1483.49 0.0000e+00
       1634     48.000     8.1279     8.1280   3.648207   3.648287     2.6423      95.30     0.0717 8.7915e-01 1.0896e+02     68.044  45.416922    6.29466    35.1407    35.1415    27.3654    1483.91    1483.49 0.0000e+00
       1651     49.000     8.1282     8.1285   3.648276   3.648372     2.6424      94.19     0.0703 8.2585e-01 1.0885e+02     68.745  45.416930    6.29516    35.1407    35.1414    27.3653    1483.93    1483.50 0.0000e+00
       1666     50.000     8.1287     8.1285   3.648359   3.648433     2.6423      93.39     0.0699 7.7366e-01 1.0330e+02     69.395  45.416937    6.29183    35.1406    35.1416    27.3651    1483.95    1483.51 0.0000e+00
       1682     51.000     8.1293     8.1295   3.648453   3.648554     2.6416      92.21     0.0717 7.3207e-01 1.0874e+02     70.029  45.416945    6.28537    35.1405    35.1414    27.3650    1483.97    1483.52 0.0000e+00
       1697     52.000     8.1294     8.1296   3.648524   3.648615     2.6401      91.13     0.0707 6.9038e-01 1.0796e+02     70.648  45.416952    6.28030    35.1407    35.1414    27.3651    1483.98    1483.53 0.0000e+00
       1711     53.000     8.1300     8.1300   3.648624   3.648689     2.6390      90.46     0.0722 6.4801e-01 1.0306e+02     71.252  45.416959    6.28277    35.1406    35.1413    27.3650    1484.00    1483.54 0.0000e+00
       1725     54.000     8.1291     8.1295   3.648598   3.648702     2.6389      89.62     0.0740 6.1071e-01 1.0880e+02     71.848  45.416966    6.28701    35.1408    35.1415    27.3652    1484.02    1483.55 0.0000e+00
       1740     55.000     8.1288     8.1291   3.648600   3.648719     2.6388      88.79     0.0731 5.7437e-01 1.0884e+02     72.439  45.416973    6.28685    35.1406    35.1416    27.3652    1484.03    1483.56 0.0000e+00
       1755     56.000     8.1291     8.1292   3.648675   3.648759     2.6383      87.44     0.0692 5.3676e-01 1.0739e+02     73.093  45.416980    6.28369    35.1406    35.1414    27.3651    1484.05    1483.57 0.0000e+00
       1778     57.000     8.1284     8.1283   3.648656   3.648722     2.6374      86.00     0.0674 4.9561e-01 1.0693e+02     74.052  45.416991    6.28619    35.1406    35.1414    27.3652    1484.06    1483.57 0.0000e+00
       1815     58.000     8.1291     8.1294   3.648761   3.648861     2.6379      84.51     0.0704 4.4903e-01 1.0691e+02     75.571  45.417009    6.29042    35.1406    35.1413    27.3651    1484.08    1483.58 0.0000e+00
       1854     59.000     8.1297     8.1296   3.648857   3.648916     2.6388      83.55     0.0744 4.0912e-01 1.0691e+02     77.199  45.417028    6.29560    35.1405    35.1412    27.3649    1484.10    1483.59 0.0000e+00
       1879     60.000     8.1294     8.1298   3.648888   3.648997     2.6386      82.78     0.0732 3.7709e-01 1.0691e+02     78.262  45.417040    6.29193    35.1406    35.1414    27.3651    1484.12    1483.60 0.0000e+00
       1899     61.000     8.1267     8.1286   3.648698   3.648952     2.6387      82.22     0.0730 3.4904e-01 1.0691e+02     79.091  45.417050    6.29119    35.1408    35.1416    27.3656    1484.12    1483.61 0.0000e+00
       1917     62.000     8.1261     8.1261   3.648691   3.648767     2.6378      81.34     0.0727 3.3013e-01 1.0681e+02     79.817  45.417058    6.28521    35.1409    35.1417    27.3658    1484.14    1483.62 0.0000e+00
       1933     63.000     8.1262     8.1266   3.648737   3.648863     2.6367      80.26     0.0707 3.1306e-01 9.5160e+01     80.511  45.417066    6.28212    35.1408    35.1417    27.3657    1484.15    1483.63 0.0000e+00
       1949     64.000     8.1258     8.1262   3.648756   3.648870     2.6358      79.41     0.0725 2.9326e-01 9.9094e+01     81.187  45.417074    6.28166    35.1409    35.1417    27.3658    1484.17    1483.63 0.0000e+00
       1966     65.000     8.1267     8.1273   3.648884   3.649001     2.6350      78.49     0.0743 2.7703e-01 1.0320e+02     81.859  45.417082    6.28379    35.1409    35.1415    27.3657    1484.19    1483.64 0.0000e+00
       1983     66.000     8.1278     8.1279   3.649030   3.649110     2.6351      77.30     0.0733 2.6188e-01 1.0507e+02     82.564  45.417090    6.29102    35.1408    35.1416    27.3655    1484.21    1483.65 0.0000e+00
       2000     67.000     8.1294     8.1296   3.649229   3.649300     2.6361      76.18     0.0732 2.4645e-01 1.0496e+02     83.304  45.417098    6.29476    35.1409    35.1414    27.3653    1484.23    1483.66 0.0000e+00
       2019     68.000     8.1288     8.1290   3.649204   3.649311     2.6361      75.12     0.0733 2.2986e-01 1.0496e+02     84.100  45.417108    6.29071    35.1407    35.1417    27.3652    1484.24    1483.67 0.0000e+00
       2041     69.000     8.1276     8.1278   3.649150   3.649239     2.6356      73.98     0.0736 2.1334e-01 9.8218e+01     84.980  45.417118    6.28899    35.1408    35.1416    27.3655    1484.26    1483.68 0.0000e+00
       2065     70.000     8.1270     8.1269   3.649138   3.649194     2.6351      72.71     0.0719 1.9702e-01 9.9109e+01     86.016  45.417130    6.28734    35.1408    35.1415    27.3656    1484.27    1483.69 0.0000e+00
       2093     71.000     8.1264     8.1267   3.649131   3.649220     2.6343      71.84     0.0686 1.8185e-01 9.8343e+01     87.157  45.417143    6.28692    35.1409    35.1415    27.3657    1484.29    1483.69 0.0000e+00
       2118     72.000     8.1264     8.1265   3.649176   3.649265     2.6340      70.93     0.0693 1.6809e-01 1.0502e+02     88.196  45.417155    6.28866    35.1409    35.1417    27.3657    1484.30    1483.70 0.0000e+00
       2139     73.000     8.1260     8.1263   3.649200   3.649299     2.6340      69.82     0.0685 1.5981e-01 1.0496e+02     89.096  45.417165    6.28931    35.1410    35.1418    27.3659    1484.32    1483.71 0.0000e+00
       2159     74.000     8.1272     8.1275   3.649345   3.649449     2.6338      68.90     0.0692 1.5009e-01 9.5641e+01     89.910  45.417175    6.28988    35.1409    35.1417    27.3656    1484.34    1483.72 0.0000e+00
       2178     75.000     8.1276     8.1277   3.649422   3.649513     2.6339      67.94     0.0708 1.4098e-01 9.4934e+01     90.699  45.417184    6.29002    35.1408    35.1417    27.3655    1484.36    1483.73 0.0000e+00
       2198     76.000     8.1284     8.1284   3.649539   3.649615     2.6334      66.91     0.0682 1.3482e-01 1.0305e+02     91.523  45.417194    6.28478    35.1408    35.1416    27.3654    1484.37    1483.74 0.0000e+00
