IBTS/IBTS_CruiseNotebook/Data/CTD/sta0008.cnv
* Sea-Bird SBE 9 Data File:
* FileName = C:\Seabird\CTDData\sta0008.hex
* Software Version Seasave V 7.21f
* Temperature SN = 2491
* Conductivity SN = 2694
* Number of Bytes Per Scan = 40
* Number of Voltage Words = 5
* Number of Scans Averaged by the Deck Unit = 1
* NMEA Latitude = 61 22.37 N
* NMEA Longitude = 001 20.67 E
* NMEA UTC (Time) = Feb 10 2020 20:27:05
* NMEA baud rate = 4800
** Ship: 10 F/F "G. O. Sars"
** Station: 0008
** Echodepth: 163
** Log: 7764.0
** Wind-Dir Force: 22 26
** Air-temp (dry): 4.6
** Weather Sky:
** Sea Ice:
# nquan = 20                                
# nvalues = 151                         
# units = specified
# name 0 = scan: Scan Count
# name 1 = prDM: Pressure, Digiquartz [db]
# name 2 = t068C: Temperature [ITS-68, deg C]
# name 3 = t168C: Temperature, 2 [ITS-68, deg C]
# name 4 = c0S/m: Conductivity [S/m]
# name 5 = c1S/m: Conductivity, 2 [S/m]
# name 6 = sbeox0V: Oxygen raw, SBE 43 [V]
# name 7 = altM: Altimeter [m]
# name 8 = flC: Fluorescence, Chelsea Aqua 3 Chl Con [ug/l]
# name 9 = par: PAR/Irradiance, Biospherical/Licor
# name 10 = spar: SPAR/Surface Irradiance
# name 11 = timeS: Time, Elapsed [seconds]
# name 12 = timeJ: Julian Days
# name 13 = sbeox0ML/L: Oxygen, SBE 43 [ml/l], WS = 2
# name 14 = sal00: Salinity, Practical [PSU]
# name 15 = sal11: Salinity, Practical, 2 [PSU]
# name 16 = sigma-t00: Density [sigma-t, Kg/m^3 ]
# name 17 = svCM: Sound Velocity [Chen-Millero, m/s]
# name 18 = avgsvCM: Average Sound Velocity [Chen-Millero, m/s], minP = 1, minS = 5
# name 19 = flag: flag
# span 0 =        224,       4047       
# span 1 =      6.000,    156.000       
# span 2 =     8.9569,     8.9830       
# span 3 =     8.9585,     8.9831       
# span 4 =   3.739058,   3.748296       
# span 5 =   3.739434,   3.748503       
# span 6 =     2.6184,     2.6634       
# span 7 =       8.24,     100.09       
# span 8 =     0.0581,     0.0742       
# span 9 = 5.1417e-02, 5.2015e-01       
# span 10 = -9.310e-03, 1.9438e+00      
# span 11 =      9.299,    168.594      
# span 12 =  41.852284,  41.854127      
# span 13 =    6.16652,    6.20466      
# span 14 =    35.2969,    35.2981      
# span 15 =    35.2994,    35.3001      
# span 16 =    27.3545,    27.3584      
# span 17 =    1486.51,    1489.06      
# span 18 =    1486.51,    1487.75      
# span 19 = 0.0000e+00, 0.0000e+00      
# interval = decibars: 1                
# start_time = Feb 10 2020 20:27:08 [System UTC, header]
# bad_flag = -9.990e-29
*END*
        224      6.000     8.9602     8.9599   3.739243   3.739453     2.6591      89.87     0.0660 5.2015e-01 -6.192e-14      9.299  41.852284    6.17760    35.2969    35.2994    27.3575    1486.51    1486.51 0.0000e+00
        358      7.000     8.9590     8.9603   3.739191   3.739554     2.6611      55.51     0.0620 4.9335e-01 2.3729e-13     14.895  41.852348    6.19196    35.2970    35.2996    27.3579    1486.52    1486.51 0.0000e+00
        604      8.000     8.9569     8.9585   3.739058   3.739434     2.6634     100.09     0.0644 4.1314e-01 6.8206e-01     25.141  41.852467    6.18690    35.2973    35.2996    27.3584    1486.53    1486.51 0.0000e+00
        614      9.000     8.9608     8.9607   3.739493   3.739680     2.6599      73.30     0.0608 3.4369e-01 -2.117e-04     25.555  41.852472    6.17000    35.2975    35.2995    27.3579    1486.56    1486.52 0.0000e+00
        663     10.000     8.9638     8.9638   3.739817   3.740029     2.6598      88.39     0.0628 2.5396e-01 9.9104e-04     27.588  41.852495    6.18451    35.2974    35.2996    27.3574    1486.59    1486.53 0.0000e+00
        723     11.000     8.9626     8.9628   3.739732   3.739975     2.6601      99.23     0.0633 1.4850e-01 -4.878e-17     30.088  41.852524    6.18003    35.2972    35.2996    27.3574    1486.60    1486.53 0.0000e+00
        746     12.000     8.9629     8.9626   3.739838   3.740016     2.6580      76.72     0.0618 1.2798e-01 0.0000e+00     31.042  41.852535    6.18315    35.2976    35.2997    27.3576    1486.62    1486.54 0.0000e+00
        776     13.000     8.9641     8.9639   3.739985   3.740177     2.6590      82.81     0.0619 1.1513e-01 0.0000e+00     32.288  41.852550    6.18803    35.2974    35.2997    27.3573    1486.64    1486.55 0.0000e+00
        814     14.000     8.9644     8.9644   3.740059   3.740266     2.6612      94.63     0.0639 1.0392e-01 0.0000e+00     33.887  41.852568    6.19777    35.2974    35.2996    27.3573    1486.66    1486.55 0.0000e+00
        840     15.000     8.9658     8.9655   3.740243   3.740421     2.6601      74.28     0.0611 9.2821e-02 0.0000e+00     34.957  41.852581    6.18495    35.2975    35.2997    27.3571    1486.68    1486.56 0.0000e+00
        860     16.000     8.9667     8.9673   3.740389   3.740635     2.6591      70.62     0.0583 8.2689e-02 0.0000e+00     35.777  41.852590    6.18617    35.2976    35.2996    27.3571    1486.70    1486.57 0.0000e+00
        877     17.000     8.9673     8.9674   3.740493   3.740700     2.6598      92.19     0.0599 7.2276e-02 0.0000e+00     36.500  41.852598    6.18971    35.2977    35.2997    27.3570    1486.72    1486.58 0.0000e+00
        893     18.000     8.9677     8.9681   3.740561   3.740804     2.6590      93.11     0.0623 5.8965e-02 0.0000e+00     37.179  41.852606    6.18269    35.2975    35.2997    27.3568    1486.73    1486.59 0.0000e+00
        909     19.000     8.9683     8.9687   3.740677   3.740918     2.6573      66.57     0.0620 5.6010e-02 0.0000e+00     37.827  41.852614    6.18220    35.2976    35.2998    27.3568    1486.75    1486.60 0.0000e+00
        930     20.000     8.9686     8.9686   3.740744   3.740948     2.6580      74.29     0.0616 5.2193e-02 0.0000e+00     38.709  41.852624    6.19075    35.2976    35.2997    27.3567    1486.77    1486.61 0.0000e+00
        961     21.000     8.9679     8.9678   3.740710   3.740927     2.6602      99.51     0.0601 5.1419e-02 0.0000e+00     39.990  41.852639    6.20416    35.2974    35.2998    27.3567    1486.78    1486.61 0.0000e+00
        982     22.000     8.9675     8.9675   3.740735   3.740939     2.6608      98.86     0.0619 5.1449e-02 0.0000e+00     40.884  41.852649    6.19198    35.2976    35.2997    27.3569    1486.80    1486.62 0.0000e+00
       1001     23.000     8.9677     8.9679   3.740802   3.741010     2.6585      71.64     0.0619 5.1426e-02 0.0000e+00     41.649  41.852658    6.18636    35.2976    35.2996    27.3569    1486.82    1486.63 0.0000e+00
       1022     24.000     8.9679     8.9679   3.740856   3.741061     2.6596      87.09     0.0627 5.1447e-02 0.0000e+00     42.524  41.852668    6.20372    35.2975    35.2997    27.3568    1486.83    1486.64 0.0000e+00
       1049     25.000     8.9678     8.9679   3.740897   3.741104     2.6606      98.82     0.0622 5.1458e-02 0.0000e+00     43.663  41.852681    6.19782    35.2976    35.2996    27.3568    1486.85    1486.65 0.0000e+00
       1076     26.000     8.9680     8.9680   3.740955   3.741161     2.6592      71.10     0.0607 5.1448e-02 0.0000e+00     44.784  41.852694    6.19698    35.2975    35.2997    27.3567    1486.87    1486.66 0.0000e+00
       1097     27.000     8.9655     8.9656   3.740792   3.740984     2.6615      98.95     0.0625 5.1442e-02 0.0000e+00     45.657  41.852704    6.20466    35.2978    35.2997    27.3574    1486.87    1486.66 0.0000e+00
       1115     28.000     8.9651     8.9662   3.740783   3.741088     2.6591      85.03     0.0645 5.1450e-02 0.0000e+00     46.397  41.852713    6.18789    35.2976    35.2997    27.3573    1486.89    1486.67 0.0000e+00
       1132     29.000     8.9625     8.9626   3.740579   3.740786     2.6585      86.15     0.0665 5.1460e-02 0.0000e+00     47.110  41.852721    6.18745    35.2976    35.2996    27.3577    1486.90    1486.68 0.0000e+00
       1148     30.000     8.9626     8.9628   3.740653   3.740852     2.6560      54.22     0.0626 5.1436e-02 0.0000e+00     47.811  41.852729    6.18018    35.2978    35.2996    27.3578    1486.91    1486.69 0.0000e+00
       1165     31.000     8.9629     8.9629   3.740711   3.740910     2.6553      89.17     0.0628 5.1473e-02 0.0000e+00     48.484  41.852737    6.18287    35.2976    35.2997    27.3576    1486.93    1486.70 0.0000e+00
       1180     32.000     8.9630     8.9630   3.740769   3.740967     2.6550      98.89     0.0629 5.1470e-02 0.0000e+00     49.106  41.852744    6.18280    35.2976    35.2997    27.3577    1486.95    1486.70 0.0000e+00
       1194     33.000     8.9624     8.9624   3.740747   3.740951     2.6526      65.22     0.0581 5.1456e-02 0.0000e+00     49.720  41.852751    6.17940    35.2975    35.2996    27.3577    1486.96    1486.71 0.0000e+00
       1209     34.000     8.9631     8.9633   3.740865   3.741071     2.6540      89.62     0.0590 5.1472e-02 0.0000e+00     50.340  41.852759    6.18744    35.2976    35.2995    27.3576    1486.98    1486.72 0.0000e+00
       1256     35.000     8.9622     8.9619   3.740822   3.740987     2.6542      81.35     0.0595 5.1452e-02 1.7472e-07     52.309  41.852781    6.18957    35.2975    35.2996    27.3577    1486.99    1486.73 0.0000e+00
       1426     36.000     8.9621     8.9618   3.740870   3.741046     2.6587      91.24     0.0631 5.1461e-02 -1.440e-09     59.396  41.852863    6.19308    35.2976    35.2998    27.3578    1487.01    1486.74 0.0000e+00
       1442     37.000     8.9636     8.9651   3.741061   3.741391     2.6558      54.11     0.0634 5.1466e-02 4.3094e-62     60.048  41.852871    6.19065    35.2977    35.2997    27.3576    1487.03    1486.74 0.0000e+00
       1461     38.000     8.9667     8.9700   3.741406   3.741892     2.6570      99.67     0.0679 5.1450e-02 1.1005e-48     60.826  41.852880    6.19659    35.2977    35.2996    27.3572    1487.06    1486.75 0.0000e+00
       1478     39.000     8.9674     8.9684   3.741503   3.741810     2.6549      81.36     0.0676 5.1454e-02 9.9600e-37     61.538  41.852888    6.18700    35.2976    35.2998    27.3569    1487.08    1486.76 0.0000e+00
       1493     40.000     8.9649     8.9648   3.741322   3.741509     2.6551      89.47     0.0659 5.1457e-02 1.5160e-25     62.175  41.852895    6.19083    35.2977    35.2998    27.3574    1487.09    1486.77 0.0000e+00
       1508     41.000     8.9661     8.9656   3.741490   3.741614     2.6536      48.05     0.0647 5.1447e-02 2.1451e-14     62.788  41.852903    6.19438    35.2978    35.2996    27.3573    1487.11    1486.78 0.0000e+00
       1522     42.000     8.9694     8.9696   3.741840   3.742045     2.6550      80.90     0.0646 5.1449e-02 5.9919e-04     63.393  41.852910    6.20147    35.2977    35.2997    27.3567    1487.14    1486.78 0.0000e+00
       1537     43.000     8.9682     8.9690   3.741776   3.742031     2.6558      98.74     0.0665 5.1437e-02 5.2695e-01     63.996  41.852917    6.19652    35.2977    35.2996    27.3569    1487.15    1486.79 0.0000e+00
       1552     44.000     8.9694     8.9697   3.741934   3.742161     2.6533      78.30     0.0689 5.1459e-02 -3.435e-04     64.605  41.852924    6.18764    35.2977    35.2998    27.3567    1487.17    1486.80 0.0000e+00
       1566     45.000     8.9661     8.9670   3.741670   3.741949     2.6545      91.52     0.0691 5.1466e-02 3.0526e-71     65.211  41.852931    6.19320    35.2977    35.2998    27.3573    1487.17    1486.81 0.0000e+00
       1581     46.000     8.9666     8.9667   3.741755   3.741960     2.6524      42.48     0.0705 5.1447e-02 4.3208e-60     65.825  41.852938    6.19250    35.2977    35.2997    27.3571    1487.19    1486.82 0.0000e+00
       1595     47.000     8.9659     8.9660   3.741735   3.741959     2.6538      84.32     0.0721 5.1459e-02 1.2031e-49     66.429  41.852945    6.19763    35.2977    35.2999    27.3572    1487.20    1486.83 0.0000e+00
       1610     48.000     8.9659     8.9655   3.741789   3.741945     2.6536      98.64     0.0700 5.1457e-02 1.6183e-38     67.032  41.852952    6.18803    35.2978    35.2998    27.3573    1487.22    1486.83 0.0000e+00
       1624     49.000     8.9670     8.9670   3.741933   3.742121     2.6504      80.13     0.0679 5.1459e-02 4.4424e-28     67.628  41.852959    6.17557    35.2977    35.2997    27.3571    1487.24    1486.84 0.0000e+00
       1638     50.000     8.9698     8.9695   3.742249   3.742409     2.6505      93.48     0.0662 5.1428e-02 1.1862e-17     68.226  41.852965    6.17680    35.2977    35.2997    27.3567    1487.27    1486.85 0.0000e+00
       1653     51.000     8.9696     8.9682   3.742260   3.742325     2.6472      38.09     0.0668 5.1466e-02 1.5887e-06     68.828  41.852973    6.17413    35.2976    35.2997    27.3566    1487.28    1486.86 0.0000e+00
       1667     52.000     8.9702     8.9699   3.742401   3.742528     2.6480      83.36     0.0702 5.1439e-02 1.0964e+00     69.430  41.852979    6.18746    35.2980    35.2996    27.3568    1487.30    1486.87 0.0000e+00
       1682     53.000     8.9715     8.9716   3.742539   3.742731     2.6488      98.75     0.0699 5.1457e-02 1.9374e+00     70.037  41.852987    6.19345    35.2977    35.2996    27.3563    1487.32    1486.88 0.0000e+00
       1696     54.000     8.9718     8.9718   3.742619   3.742815     2.6497      98.87     0.0687 5.1449e-02 1.9438e+00     70.644  41.852993    6.18860    35.2977    35.2998    27.3563    1487.34    1486.89 0.0000e+00
       1711     55.000     8.9719     8.9716   3.742668   3.742841     2.6487      98.86     0.0666 5.1457e-02 1.9438e+00     71.251  41.853001    6.17986    35.2977    35.2998    27.3563    1487.36    1486.89 0.0000e+00
       1726     56.000     8.9720     8.9721   3.742736   3.742930     2.6464      39.03     0.0650 5.1485e-02 1.9438e+00     71.865  41.853008    6.18432    35.2978    35.2997    27.3563    1487.38    1486.90 0.0000e+00
       1741     57.000     8.9722     8.9722   3.742793   3.742987     2.6490      86.71     0.0668 5.1478e-02 1.5243e+00     72.487  41.853015    6.19992    35.2977    35.2998    27.3562    1487.39    1486.91 0.0000e+00
       1845     58.000     8.9718     8.9718   3.742811   3.743002     2.6486      81.96     0.0680 5.1445e-02 9.9078e-02     76.830  41.853065    6.18148    35.2978    35.2998    27.3564    1487.41    1486.92 0.0000e+00
       1865     59.000     8.9720     8.9721   3.742870   3.743074     2.6480      58.23     0.0688 5.1452e-02 -2.009e-03     77.679  41.853075    6.18993    35.2978    35.2998    27.3563    1487.42    1486.93 0.0000e+00
       1881     60.000     8.9720     8.9724   3.742908   3.743144     2.6485      72.11     0.0685 5.1447e-02 1.4289e-22     78.340  41.853083    6.19695    35.2977    35.2998    27.3563    1487.44    1486.94 0.0000e+00
       1897     61.000     8.9724     8.9731   3.743009   3.743258     2.6497      99.29     0.0696 5.1454e-02 1.0781e-10     78.989  41.853090    6.19770    35.2979    35.2998    27.3563    1487.46    1486.95 0.0000e+00
       1912     62.000     8.9734     8.9735   3.743135   3.743341     2.6488      98.86     0.0696 5.1447e-02 1.9301e-01     79.632  41.853098    6.18326    35.2977    35.2998    27.3561    1487.48    1486.95 0.0000e+00
       1927     63.000     8.9735     8.9736   3.743205   3.743405     2.6474      98.73     0.0680 5.1457e-02 -2.125e-03     80.259  41.853105    6.17340    35.2979    35.2999    27.3562    1487.50    1486.96 0.0000e+00
       1942     64.000     8.9738     8.9740   3.743280   3.743470     2.6437      23.19     0.0647 5.1437e-02 -3.230e-06     80.879  41.853112    6.17162    35.2979    35.2997    27.3561    1487.51    1486.97 0.0000e+00
       1957     65.000     8.9739     8.9741   3.743340   3.743528     2.6447      87.82     0.0663 5.1449e-02 -4.305e-17     81.486  41.853119    6.18612    35.2979    35.2997    27.3561    1487.53    1486.98 0.0000e+00
       1971     66.000     8.9739     8.9740   3.743379   3.743585     2.6449      98.27     0.0675 5.1437e-02 5.8992e-29     82.082  41.853126    6.18950    35.2979    35.2999    27.3561    1487.55    1486.99 0.0000e+00
       1985     67.000     8.9741     8.9743   3.743444   3.743644     2.6452      97.40     0.0669 5.1439e-02 1.1676e-38     82.681  41.853133    6.18934    35.2979    35.2998    27.3561    1487.56    1487.00 0.0000e+00
       2000     68.000     8.9748     8.9749   3.743560   3.743744     2.6460      98.60     0.0674 5.1460e-02 3.9355e-34     83.277  41.853140    6.18595    35.2979    35.2997    27.3560    1487.58    1487.01 0.0000e+00
       2014     69.000     8.9750     8.9751   3.743612   3.743818     2.6436      25.65     0.0661 5.1447e-02 5.3059e-23     83.883  41.853147    6.18028    35.2978    35.2998    27.3558    1487.60    1487.01 0.0000e+00
       2029     70.000     8.9751     8.9752   3.743677   3.743862     2.6444      83.47     0.0700 5.1428e-02 7.3940e-12     84.487  41.853154    6.18987    35.2979    35.2997    27.3559    1487.62    1487.02 0.0000e+00
       2043     71.000     8.9752     8.9753   3.743731   3.743933     2.6448      93.38     0.0726 5.1480e-02 2.1001e-01     85.103  41.853161    6.19219    35.2979    35.2999    27.3559    1487.63    1487.03 0.0000e+00
       2058     72.000     8.9753     8.9754   3.743793   3.743987     2.6450      92.50     0.0721 5.1437e-02 1.9648e-01     85.711  41.853168    6.19086    35.2979    35.2999    27.3559    1487.65    1487.04 0.0000e+00
       2074     73.000     8.9752     8.9752   3.743814   3.744010     2.6448      91.49     0.0692 5.1459e-02 2.6057e-02     86.395  41.853176    6.18922    35.2978    35.2998    27.3558    1487.67    1487.05 0.0000e+00
       2149     74.000     8.9752     8.9752   3.743851   3.744053     2.6461      89.64     0.0689 5.1432e-02 1.8626e-07     89.493  41.853212    6.20287    35.2977    35.2998    27.3557    1487.68    1487.06 0.0000e+00
       2188     75.000     8.9756     8.9756   3.743954   3.744139     2.6478      88.93     0.0691 5.1432e-02 6.2723e-01     91.125  41.853231    6.20037    35.2979    35.2998    27.3558    1487.70    1487.07 0.0000e+00
       2205     76.000     8.9758     8.9758   3.744006   3.744203     2.6470      88.27     0.0691 5.1444e-02 -9.310e-03     91.845  41.853239    6.19487    35.2978    35.2998    27.3557    1487.72    1487.07 0.0000e+00
       2222     77.000     8.9758     8.9758   3.744060   3.744245     2.6464      87.39     0.0678 5.1436e-02 -3.578e-12     92.527  41.853247    6.19245    35.2978    35.2998    27.3558    1487.73    1487.08 0.0000e+00
