IBTS/IBTS_CruiseNotebook/Data/CTD/sta0018.cnv
* Sea-Bird SBE 9 Data File:
* FileName = C:\Seabird\CTDData\sta0018.hex
* Software Version Seasave V 7.21f
* Temperature SN = 2491
* Conductivity SN = 2694
* Number of Bytes Per Scan = 40
* Number of Voltage Words = 5
* Number of Scans Averaged by the Deck Unit = 1
* NMEA Latitude = 61 36.00 N
* NMEA Longitude = 000 12.88 W
* NMEA UTC (Time) = Feb 12 2020 02:38:00
* NMEA baud rate = 4800
** Ship: 10 F/F "G. O. Sars"
** Station: 0018
** Echodepth: 203
** Log: 7955.3
** Wind-Dir Force: 33 29
** Air-temp (dry): 4.0
** Weather Sky:
** Sea Ice:
# nquan = 20                                
# nvalues = 184                         
# units = specified
# name 0 = scan: Scan Count
# name 1 = prDM: Pressure, Digiquartz [db]
# name 2 = t068C: Temperature [ITS-68, deg C]
# name 3 = t168C: Temperature, 2 [ITS-68, deg C]
# name 4 = c0S/m: Conductivity [S/m]
# name 5 = c1S/m: Conductivity, 2 [S/m]
# name 6 = sbeox0V: Oxygen raw, SBE 43 [V]
# name 7 = altM: Altimeter [m]
# name 8 = flC: Fluorescence, Chelsea Aqua 3 Chl Con [ug/l]
# name 9 = par: PAR/Irradiance, Biospherical/Licor
# name 10 = spar: SPAR/Surface Irradiance
# name 11 = timeS: Time, Elapsed [seconds]
# name 12 = timeJ: Julian Days
# name 13 = sbeox0ML/L: Oxygen, SBE 43 [ml/l], WS = 2
# name 14 = sal00: Salinity, Practical [PSU]
# name 15 = sal11: Salinity, Practical, 2 [PSU]
# name 16 = sigma-t00: Density [sigma-t, Kg/m^3 ]
# name 17 = svCM: Sound Velocity [Chen-Millero, m/s]
# name 18 = avgsvCM: Average Sound Velocity [Chen-Millero, m/s], minP = 1, minS = 5
# name 19 = flag: flag
# span 0 =        372,       5226       
# span 1 =      8.000,    191.000       
# span 2 =     9.0570,     9.0881       
# span 3 =     9.0568,     9.0885       
# span 4 =   3.747753,   3.758663       
# span 5 =   3.747923,   3.758906       
# span 6 =     2.5790,     2.6361       
# span 7 =      12.95,     100.16       
# span 8 =     0.0541,     0.0658       
# span 9 = 5.1427e-02, 4.0178e-01       
# span 10 = 1.6053e+00, 1.9508e+00      
# span 11 =     15.475,    217.704      
# span 12 =  43.109924,  43.112265      
# span 13 =    6.06551,    6.11610      
# span 14 =    35.2862,    35.2896      
# span 15 =    35.2882,    35.2909      
# span 16 =    27.3296,    27.3354      
# span 17 =    1486.89,    1489.99      
# span 18 =    1486.89,    1488.40      
# span 19 = 0.0000e+00, 0.0000e+00      
# interval = decibars: 1                
# start_time = Feb 12 2020 02:38:02 [System UTC, header]
# bad_flag = -9.990e-29
*END*
[from data line 73]
       2761     81.000     9.0731     9.0734   3.752480   3.752650     2.6149      71.13     0.0596 5.1471e-02 -9.990e-29    114.997  43.111076    6.10315    35.2877    35.2892    27.3321    1488.15    1487.47 0.0000e+00
       2792     82.000     9.0731     9.0734   3.752528   3.752692     2.6156      99.70     0.0586 5.1464e-02 -9.990e-29    116.272  43.111091    6.09579    35.2877    35.2892    27.3321    1488.16    1487.48 0.0000e+00
       2811     83.000     9.0737     9.0739   3.752657   3.752828     2.6143      62.65     0.0609 5.1434e-02 -9.990e-29    117.077  43.111100    6.09072    35.2880    35.2896    27.3322    1488.18    1487.49 0.0000e+00
       2827     84.000     9.0740     9.0743   3.752759   3.752922     2.6135      50.37     0.0610 5.1457e-02 -9.990e-29    117.759  43.111108    6.09646    35.2883    35.2897    27.3324    1488.20    1487.50 0.0000e+00
       2842     85.000     9.0742     9.0745   3.752820   3.752993     2.6146     100.02     0.0613 5.1457e-02 -9.990e-29    118.390  43.111116    6.10384    35.2883    35.2898    27.3324    1488.22    1487.51 0.0000e+00
       2857     86.000     9.0744     9.0745   3.752886   3.753037     2.6145      98.86     0.0609 5.1427e-02 -9.990e-29    119.009  43.111123    6.09919    35.2883    35.2898    27.3323    1488.23    1487.51 0.0000e+00
       2872     87.000     9.0742     9.0744   3.752899   3.753070     2.6145      98.86     0.0614 5.1457e-02 -9.990e-29    119.642  43.111130    6.09448    35.2882    35.2897    27.3323    1488.25    1487.52 0.0000e+00
       2888     88.000     9.0741     9.0743   3.752932   3.753097     2.6128      28.87     0.0608 5.1436e-02 -9.990e-29    120.274  43.111138    6.09225    35.2881    35.2896    27.3322    1488.27    1487.53 0.0000e+00
       2902     89.000     9.0743     9.0745   3.753022   3.753160     2.6129      65.92     0.0638 5.1449e-02 -9.990e-29    120.890  43.111144    6.09650    35.2884    35.2896    27.3324    1488.28    1487.54 0.0000e+00
       2917     90.000     9.0743     9.0744   3.753075   3.753233     2.6129      98.88     0.0634 5.1466e-02 -9.990e-29    121.500  43.111152    6.09652    35.2885    35.2900    27.3325    1488.30    1487.55 0.0000e+00
       2931     91.000     9.0742     9.0744   3.753116   3.753273     2.6119      98.86     0.0626 5.1466e-02 -9.990e-29    122.097  43.111158    6.09372    35.2885    35.2900    27.3325    1488.32    1487.56 0.0000e+00
       2975     92.000     9.0739     9.0741   3.753121   3.753281     2.6132      98.86     0.0638 5.1448e-02 -9.990e-29    123.917  43.111180    6.10421    35.2884    35.2899    27.3325    1488.33    1487.57 0.0000e+00
       3031     93.000     9.0738     9.0740   3.753130   3.753318     2.6132      55.34     0.0627 5.1472e-02 -9.990e-29    126.230  43.111206    6.09805    35.2881    35.2899    27.3323    1488.35    1487.57 0.0000e+00
       3057     94.000     9.0744     9.0745   3.753251   3.753425     2.6143      99.40     0.0604 5.1457e-02 -9.990e-29    127.323  43.111219    6.11220    35.2883    35.2900    27.3323    1488.37    1487.58 0.0000e+00
       3076     95.000     9.0745     9.0747   3.753319   3.753487     2.6143      98.86     0.0604 5.1461e-02 -9.990e-29    128.131  43.111228    6.10754    35.2884    35.2900    27.3324    1488.38    1487.59 0.0000e+00
       3093     96.000     9.0743     9.0746   3.753334   3.753523     2.6146      98.86     0.0619 5.1478e-02 1.9438e+00    128.836  43.111236    6.10729    35.2883    35.2900    27.3324    1488.40    1487.60 0.0000e+00
       3109     97.000     9.0744     9.0746   3.753400   3.753568     2.6142      98.87     0.0602 5.1466e-02 1.9438e+00    129.507  43.111244    6.10283    35.2884    35.2900    27.3324    1488.41    1487.61 0.0000e+00
       3125     98.000     9.0750     9.0748   3.753512   3.753623     2.6132      98.86     0.0600 5.1445e-02 1.9438e+00    130.154  43.111252    6.09808    35.2885    35.2899    27.3324    1488.43    1487.62 0.0000e+00
       3140     99.000     9.0752     9.0752   3.753569   3.753723     2.6121      98.86     0.0604 5.1476e-02 1.9438e+00    130.791  43.111259    6.09391    35.2884    35.2901    27.3323    1488.45    1487.62 0.0000e+00
       3155    100.000     9.0752     9.0753   3.753603   3.753732     2.6110      98.87     0.0620 5.1466e-02 1.9438e+00    131.408  43.111266    6.09058    35.2883    35.2896    27.3322    1488.47    1487.63 0.0000e+00
       3170    101.000     9.0751     9.0752   3.753627   3.753783     2.6095      98.87     0.0619 5.1470e-02 1.9438e+00    132.023  43.111274    6.08935    35.2882    35.2897    27.3321    1488.48    1487.64 0.0000e+00
       3184    102.000     9.0759     9.0763   3.753766   3.753929     2.6090      98.86     0.0596 5.1457e-02 1.9438e+00    132.627  43.111280    6.09345    35.2884    35.2897    27.3322    1488.50    1487.65 0.0000e+00
       3199    103.000     9.0755     9.0757   3.753759   3.753922     2.6088      98.86     0.0594 5.1459e-02 1.9438e+00    133.233  43.111288    6.09553    35.2882    35.2897    27.3321    1488.52    1487.66 0.0000e+00
       3213    104.000     9.0756     9.0758   3.753806   3.753973     2.6087      98.80     0.0614 5.1457e-02 -9.990e-29    133.838  43.111294    6.09811    35.2881    35.2897    27.3320    1488.53    1487.67 0.0000e+00
       3228    105.000     9.0792     9.0793   3.754273   3.754395     2.6090      98.42     0.0607 5.1491e-02 -9.990e-29    134.440  43.111301    6.10082    35.2890    35.2902    27.3321    1488.56    1487.67 0.0000e+00
       3242    106.000     9.0796     9.0796   3.754347   3.754494     2.6093      97.73     0.0618 5.1456e-02 -9.990e-29    135.045  43.111308    6.10133    35.2889    35.2904    27.3320    1488.58    1487.68 0.0000e+00
       3259    107.000     9.0789     9.0790   3.754315   3.754463     2.6092      96.81     0.0614 5.1447e-02 -9.990e-29    135.730  43.111316    6.09787    35.2888    35.2902    27.3320    1488.60    1487.69 0.0000e+00
       3317    108.000     9.0788     9.0786   3.754326   3.754460     2.6078      95.44     0.0637 5.1447e-02 -9.990e-29    138.181  43.111345    6.09746    35.2885    35.2901    27.3318    1488.61    1487.70 0.0000e+00
       3375    109.000     9.0796     9.0796   3.754440   3.754632     2.6083      94.52     0.0609 5.1439e-02 -9.990e-29    140.578  43.111372    6.10210    35.2884    35.2904    27.3316    1488.63    1487.71 0.0000e+00
       3394    110.000     9.0792     9.0795   3.754470   3.754660     2.6083      93.99     0.0592 5.1444e-02 -9.990e-29    141.378  43.111382    6.09721    35.2887    35.2904    27.3318    1488.65    1487.72 0.0000e+00
       3410    111.000     9.0792     9.0794   3.754518   3.754674     2.6076      93.15     0.0587 5.1486e-02 -9.990e-29    142.054  43.111389    6.09188    35.2887    35.2901    27.3319    1488.66    1487.73 0.0000e+00
       3426    112.000     9.0798     9.0796   3.754620   3.754759     2.6063      92.25     0.0618 5.1454e-02 -9.990e-29    142.693  43.111397    6.08956    35.2887    35.2903    27.3318    1488.68    1487.73 0.0000e+00
       3441    113.000     9.0800     9.0800   3.754695   3.754837     2.6060      91.75     0.0615 5.1457e-02 -9.990e-29    143.337  43.111404    6.09255    35.2888    35.2903    27.3318    1488.70    1487.74 0.0000e+00
       3456    114.000     9.0796     9.0799   3.754711   3.754871     2.6057      90.68     0.0594 5.1472e-02 -9.990e-29    143.979  43.111412    6.08995    35.2889    35.2903    27.3320    1488.71    1487.75 0.0000e+00
       3472    115.000     9.0794     9.0796   3.754741   3.754902     2.6044      89.52     0.0623 5.1447e-02 -9.990e-29    144.621  43.111419    6.08381    35.2889    35.2904    27.3320    1488.73    1487.76 0.0000e+00
       3487    116.000     9.0795     9.0797   3.754788   3.754962     2.6033      91.27     0.0630 5.1437e-02 -9.990e-29    145.256  43.111427    6.07918    35.2888    35.2905    27.3319    1488.75    1487.77 0.0000e+00
       3502    117.000     9.0797     9.0799   3.754872   3.755021     2.6019      94.94     0.0627 5.1457e-02 -9.990e-29    145.878  43.111434    6.07408    35.2890    35.2904    27.3321    1488.76    1487.78 0.0000e+00
       3517    118.000     9.0796     9.0798   3.754912   3.755056     2.5997      85.62     0.0605 5.1476e-02 -9.990e-29    146.486  43.111441    6.07365    35.2891    35.2904    27.3321    1488.78    1487.79 0.0000e+00
       3546    119.000     9.0793     9.0795   3.754896   3.755061     2.6003      84.63     0.0648 5.1461e-02 -9.990e-29    147.689  43.111455    6.08934    35.2887    35.2903    27.3319    1488.80    1487.79 0.0000e+00
       3577    120.000     9.0794     9.0794   3.754961   3.755106     2.6019      83.53     0.0642 5.1456e-02 -9.990e-29    149.006  43.111470    6.09263    35.2888    35.2904    27.3319    1488.81    1487.80 0.0000e+00
       3596    121.000     9.0796     9.0799   3.755039   3.755201     2.6020      82.54     0.0629 5.1463e-02 -9.990e-29    149.778  43.111479    6.09124    35.2890    35.2904    27.3320    1488.83    1487.81 0.0000e+00
       3611    122.000     9.0798     9.0800   3.755099   3.755254     2.6021      81.70     0.0626 5.1456e-02 -9.990e-29    150.437  43.111487    6.08988    35.2889    35.2904    27.3320    1488.85    1487.82 0.0000e+00
       3627    123.000     9.0800     9.0801   3.755150   3.755320     2.6015      80.80     0.0637 5.1436e-02 -9.990e-29    151.067  43.111494    6.08628    35.2888    35.2905    27.3318    1488.86    1487.83 0.0000e+00
       3642    124.000     9.0801     9.0803   3.755215   3.755384     2.6009      79.90     0.0656 5.1470e-02 -9.990e-29    151.692  43.111501    6.08653    35.2889    35.2905    27.3319    1488.88    1487.84 0.0000e+00
       3656    125.000     9.0804     9.0806   3.755296   3.755442     2.6007      79.01     0.0641 5.1466e-02 -9.990e-29    152.306  43.111508    6.08931    35.2890    35.2903    27.3319    1488.90    1487.84 0.0000e+00
       3672    126.000     9.0805     9.0805   3.755356   3.755488     2.6008      78.02     0.0638 5.1466e-02 -9.990e-29    152.953  43.111516    6.08933    35.2890    35.2904    27.3319    1488.92    1487.85 0.0000e+00
       3693    127.000     9.0804     9.0806   3.755361   3.755530     2.6001      76.85     0.0620 5.1436e-02 -9.990e-29    153.845  43.111526    6.08534    35.2887    35.2903    27.3317    1488.93    1487.86 0.0000e+00
       3717    128.000     9.0804     9.0806   3.755410   3.755573     2.5994      75.77     0.0611 5.1460e-02 -9.990e-29    154.854  43.111538    6.08803    35.2887    35.2903    27.3317    1488.95    1487.87 0.0000e+00
       3741    129.000     9.0805     9.0806   3.755463   3.755621     2.5997      74.81     0.0586 5.1481e-02 -9.990e-29    155.816  43.111549    6.09080    35.2887    35.2903    27.3317    1488.96    1487.88 0.0000e+00
       3770    130.000     9.0807     9.0808   3.755522   3.755678     2.5993      73.76     0.0577 5.1461e-02 -9.990e-29    157.044  43.111563    6.08661    35.2887    35.2902    27.3316    1488.98    1487.89 0.0000e+00
       3822    131.000     9.0813     9.0815   3.755602   3.755789     2.5994      72.55     0.0569 5.1462e-02 -9.990e-29    159.214  43.111588    6.09565    35.2884    35.2902    27.3313    1489.00    1487.90 0.0000e+00
       3852    132.000     9.0812     9.0812   3.755650   3.755806     2.6005      71.76     0.0595 5.1431e-02 -9.990e-29    160.449  43.111602    6.09784    35.2886    35.2902    27.3314    1489.02    1487.90 0.0000e+00
       3869    133.000     9.0816     9.0818   3.755743   3.755928     2.6011      70.95     0.0574 5.1461e-02 -9.990e-29    161.179  43.111611    6.09933    35.2887    35.2904    27.3314    1489.03    1487.91 0.0000e+00
       3885    134.000     9.0813     9.0817   3.755758   3.755938     2.6012      70.08     0.0564 5.1437e-02 -9.990e-29    161.832  43.111618    6.09474    35.2886    35.2901    27.3315    1489.05    1487.92 0.0000e+00
       3900    135.000     9.0815     9.0816   3.755825   3.755967     2.6002      69.14     0.0600 5.1457e-02 -9.990e-29    162.468  43.111626    6.08808    35.2887    35.2901    27.3315    1489.07    1487.93 0.0000e+00
       3915    136.000     9.0818     9.0820   3.755901   3.756078     2.5991      68.17     0.0633 5.1447e-02 -9.990e-29    163.090  43.111633    6.08849    35.2887    35.2903    27.3314    1489.08    1487.94 0.0000e+00
       3930    137.000     9.0812     9.0814   3.755885   3.756030     2.5990      67.18     0.0638 5.1447e-02 -9.990e-29    163.708  43.111640    6.09111    35.2886    35.2900    27.3315    1489.10    1487.95 0.0000e+00
       3945    138.000     9.0809     9.0811   3.755899   3.756046     2.5986      66.24     0.0635 5.1466e-02 -9.990e-29    164.325  43.111647    6.08790    35.2886    35.2899    27.3315    1489.11    1487.95 0.0000e+00
       3960    139.000     9.0811     9.0813   3.755948   3.756102     2.5974      65.18     0.0623 5.1457e-02 -9.990e-29    164.947  43.111655    6.08245    35.2884    35.2899    27.3314    1489.13    1487.96 0.0000e+00
       3975    140.000     9.0811     9.0814   3.755988   3.756142     2.5964      64.14     0.0597 5.1480e-02 -9.990e-29    165.564  43.111662    6.07975    35.2884    35.2897    27.3313    1489.15    1487.97 0.0000e+00
       3991    141.000     9.0812     9.0814   3.756060   3.756212     2.5951      63.04     0.0589 5.1453e-02 -9.990e-29    166.267  43.111670    6.07922    35.2886    35.2900    27.3314    1489.16    1487.98 0.0000e+00
       4014    142.000     9.0815     9.0817   3.756114   3.756274     2.5945      61.90     0.0577 5.1466e-02 -9.990e-29    167.204  43.111681    6.08479    35.2884    35.2898    27.3312    1489.18    1487.99 0.0000e+00
       4035    143.000     9.0817     9.0820   3.756193   3.756354     2.5949      60.92     0.0606 5.1461e-02 -9.990e-29    168.070  43.111691    6.09161    35.2885    35.2899    27.3313    1489.20    1488.00 0.0000e+00
       4055    144.000     9.0819     9.0820   3.756233   3.756384     2.5960      59.91     0.0650 5.1490e-02 -9.990e-29    168.913  43.111700    6.09666    35.2883    35.2897    27.3311    1489.22    1488.01 0.0000e+00
       4082    145.000     9.0822     9.0824   3.756243   3.756420     2.5969      58.78     0.0615 5.1454e-02 -9.990e-29    170.047  43.111714    6.09614    35.2876    35.2892    27.3305    1489.23    1488.01 0.0000e+00
       4122    146.000     9.0819     9.0824   3.756228   3.756461     2.5966      57.62     0.0630 5.1443e-02 -9.990e-29    171.689  43.111733    6.09135    35.2873    35.2892    27.3303    1489.25    1488.02 0.0000e+00
       4146    147.000     9.0823     9.0827   3.756328   3.756539     2.5960      56.88     0.0632 5.1460e-02 -9.990e-29    172.726  43.111744    6.08889    35.2874    35.2892    27.3304    1489.27    1488.03 0.0000e+00
       4164    148.000     9.0826     9.0830   3.756417   3.756620     2.5953      56.08     0.0614 5.1472e-02 -9.990e-29    173.463  43.111753    6.08202    35.2876    35.2893    27.3304    1489.28    1488.04 0.0000e+00
       4180    149.000     9.0834     9.0839   3.756571   3.756764     2.5934      55.21     0.0603 5.1447e-02 -9.990e-29    174.115  43.111761    6.07657    35.2879    35.2895    27.3306    1489.30    1488.05 0.0000e+00
       4195    150.000     9.0843     9.0843   3.756732   3.756861     2.5924      54.29     0.0604 5.1466e-02 -9.990e-29    174.749  43.111768    6.07909    35.2883    35.2896    27.3307    1489.32    1488.06 0.0000e+00
       4210    151.000     9.0848     9.0849   3.756822   3.756984     2.5923      53.32     0.0598 5.1454e-02 -9.990e-29    175.383  43.111775    6.07972    35.2882    35.2898    27.3306    1489.34    1488.06 0.0000e+00
