IBTS/IBTS_CruiseNotebook/Data/CTD/sta0030.cnv
* Sea-Bird SBE 9 Data File:
* FileName = C:\Seabird\CTDData\sta0030.hex
* Software Version Seasave V 7.21f
* Temperature SN = 2491
* Conductivity SN = 2694
* Number of Bytes Per Scan = 40
* Number of Voltage Words = 5
* Number of Scans Averaged by the Deck Unit = 1
* NMEA Latitude = 60 52.46 N
* NMEA Longitude = 000 41.10 E
* NMEA UTC (Time) = Feb 13 2020 23:30:55
* NMEA baud rate = 4800
** Ship: 10 F/F "G. O. Sars"
** Station: 0030
** Echodepth: 147
** Log: 8259.5
** Wind-Dir Force: 03 16
** Air-temp (dry): 3.3
** Weather Sky:
** Sea Ice:
# nquan = 20                                
# nvalues = 137                         
# units = specified
# name 0 = scan: Scan Count
# name 1 = prDM: Pressure, Digiquartz [db]
# name 2 = t068C: Temperature [ITS-68, deg C]
# name 3 = t168C: Temperature, 2 [ITS-68, deg C]
# name 4 = c0S/m: Conductivity [S/m]
# name 5 = c1S/m: Conductivity, 2 [S/m]
# name 6 = sbeox0V: Oxygen raw, SBE 43 [V]
# name 7 = altM: Altimeter [m]
# name 8 = flC: Fluorescence, Chelsea Aqua 3 Chl Con [ug/l]
# name 9 = par: PAR/Irradiance, Biospherical/Licor
# name 10 = spar: SPAR/Surface Irradiance
# name 11 = timeS: Time, Elapsed [seconds]
# name 12 = timeJ: Julian Days
# name 13 = sbeox0ML/L: Oxygen, SBE 43 [ml/l], WS = 2
# name 14 = sal00: Salinity, Practical [PSU]
# name 15 = sal11: Salinity, Practical, 2 [PSU]
# name 16 = sigma-t00: Density [sigma-t, Kg/m^3 ]
# name 17 = svCM: Sound Velocity [Chen-Millero, m/s]
# name 18 = avgsvCM: Average Sound Velocity [Chen-Millero, m/s], minP = 1, minS = 5
# name 19 = flag: flag
# span 0 =       -307,       3621       
# span 1 =      4.000,    140.000       
# span 2 =     8.9099,     8.9277       
# span 3 =     8.9103,     8.9277       
# span 4 =   3.733946,   3.741616       
# span 5 =   3.734182,   3.741710       
# span 6 =     2.6033,     2.6415       
# span 7 =       8.61,      99.40       
# span 8 =     0.0831,     0.0971       
# span 9 = 5.1428e-02, 1.0131e+00       
# span 10 = 8.0314e-01, 1.9669e+00      
# span 11 =    -12.814,    150.814      
# span 12 =  44.979667,  44.981561      
# span 13 =    6.09536,    6.15898      
# span 14 =    35.2876,    35.2901      
# span 15 =    35.2908,    35.2915      
# span 16 =    27.3567,    27.3599      
# span 17 =    1486.32,    1488.58      
# span 18 =    1486.32,    1487.42      
# span 19 = 0.0000e+00, 0.0000e+00      
# interval = decibars: 1                
# start_time = Feb 13 2020 23:30:56 [System UTC, header]
# bad_flag = -9.990e-29
*END*
       -307      4.000     8.9203     8.9176   3.734500   3.734612     2.6268      13.01     0.0902 8.3683e-01 -9.990e-29    -12.814  44.979667    6.09536    35.2876    35.2915    27.3567    1486.32    1486.32 0.0000e+00
        553      5.000     8.9171     8.9177   3.734387   3.734632     2.6368      26.85     0.0853 1.0131e+00 -9.990e-29     23.001  44.980081    6.12042    35.2891    35.2911    27.3584    1486.32    1486.32 0.0000e+00
        652      6.000     8.9150     8.9151   3.734251   3.734438     2.6384      63.30     0.0843 7.5773e-01 -9.990e-29     27.122  44.980129    6.13625    35.2893    35.2912    27.3589    1486.33    1486.32 0.0000e+00
        669      7.000     8.9119     8.9120   3.734020   3.734182     2.6395      99.21     0.0866 6.1649e-01 -9.990e-29     27.819  44.980137    6.13155    35.2895    35.2911    27.3595    1486.34    1486.32 0.0000e+00
        685      8.000     8.9107     8.9116   3.733946   3.734187     2.6383      84.66     0.0854 4.6191e-01 -9.990e-29     28.495  44.980145    6.11779    35.2894    35.2911    27.3596    1486.35    1486.33 0.0000e+00
        701      9.000     8.9119     8.9121   3.734108   3.734270     2.6352      37.11     0.0863 2.7780e-01 -9.990e-29     29.167  44.980152    6.11852    35.2894    35.2909    27.3595    1486.37    1486.33 0.0000e+00
        717     10.000     8.9104     8.9108   3.734021   3.734220     2.6374      99.40     0.0899 2.5523e-01 -9.990e-29     29.817  44.980160    6.12988    35.2895    35.2912    27.3598    1486.38    1486.34 0.0000e+00
        732     11.000     8.9099     8.9103   3.734021   3.734204     2.6358      77.50     0.0875 2.0581e-01 -9.990e-29     30.468  44.980167    6.12122    35.2895    35.2911    27.3599    1486.40    1486.34 0.0000e+00
        747     12.000     8.9099     8.9104   3.734054   3.734262     2.6353      60.51     0.0843 1.5053e-01 -9.990e-29     31.092  44.980175    6.12435    35.2894    35.2911    27.3598    1486.41    1486.35 0.0000e+00
        762     13.000     8.9105     8.9111   3.734176   3.734370     2.6361      57.80     0.0837 1.3818e-01 -9.990e-29     31.705  44.980182    6.13371    35.2896    35.2911    27.3598    1486.43    1486.35 0.0000e+00
        776     14.000     8.9104     8.9106   3.734207   3.734369     2.6359      46.68     0.0839 1.1174e-01 -9.990e-29     32.301  44.980189    6.13628    35.2896    35.2911    27.3598    1486.45    1486.36 0.0000e+00
        790     15.000     8.9110     8.9111   3.734302   3.734454     2.6384      98.49     0.0831 9.4731e-02 -9.990e-29     32.892  44.980195    6.14641    35.2895    35.2910    27.3596    1486.47    1486.37 0.0000e+00
        805     16.000     8.9127     8.9129   3.734521   3.734676     2.6384      98.86     0.0845 7.2318e-02 -9.990e-29     33.487  44.980202    6.13942    35.2896    35.2910    27.3595    1486.49    1486.38 0.0000e+00
        845     17.000     8.9131     8.9139   3.734589   3.734809     2.6381      91.58     0.0853 6.6182e-02 -9.990e-29     35.164  44.980222    6.13999    35.2894    35.2910    27.3593    1486.51    1486.38 0.0000e+00
       1069     18.000     8.9159     8.9161   3.734920   3.735065     2.6397      50.32     0.0844 5.6446e-02 -9.990e-29     44.512  44.980330    6.14325    35.2897    35.2910    27.3590    1486.53    1486.39 0.0000e+00
       1104     19.000     8.9167     8.9167   3.735045   3.735176     2.6415      98.73     0.0836 5.1809e-02 -9.990e-29     45.961  44.980347    6.15235    35.2897    35.2911    27.3589    1486.55    1486.40 0.0000e+00
       1127     20.000     8.9167     8.9171   3.735086   3.735255     2.6409      98.86     0.0840 5.1474e-02 -9.990e-29     46.918  44.980358    6.14083    35.2896    35.2910    27.3589    1486.57    1486.41 0.0000e+00
       1149     21.000     8.9172     8.9173   3.735175   3.735323     2.6390      42.13     0.0871 5.1460e-02 -9.990e-29     47.826  44.980368    6.13598    35.2896    35.2911    27.3587    1486.59    1486.42 0.0000e+00
       1170     22.000     8.9173     8.9175   3.735238   3.735384     2.6393      84.76     0.0898 5.1459e-02 -9.990e-29     48.699  44.980378    6.14031    35.2897    35.2910    27.3588    1486.61    1486.43 0.0000e+00
       1191     23.000     8.9174     8.9176   3.735294   3.735444     2.6370      62.93     0.0845 5.1445e-02 -9.990e-29     49.594  44.980389    6.12663    35.2897    35.2911    27.3588    1486.62    1486.43 0.0000e+00
       1213     24.000     8.9176     8.9176   3.735350   3.735481     2.6358      65.09     0.0839 5.1473e-02 -9.990e-29     50.491  44.980399    6.12957    35.2896    35.2910    27.3587    1486.64    1486.44 0.0000e+00
       1234     25.000     8.9176     8.9177   3.735405   3.735544     2.6354      53.27     0.0841 5.1439e-02 -9.990e-29     51.365  44.980409    6.14120    35.2897    35.2911    27.3588    1486.66    1486.45 0.0000e+00
       1255     26.000     8.9176     8.9177   3.735448   3.735596     2.6369      87.34     0.0864 5.1438e-02 -9.990e-29     52.256  44.980420    6.14107    35.2897    35.2911    27.3587    1486.67    1486.46 0.0000e+00
       1279     27.000     8.9173     8.9170   3.735468   3.735562     2.6371      67.56     0.0845 5.1453e-02 -9.990e-29     53.240  44.980431    6.14680    35.2897    35.2910    27.3588    1486.69    1486.47 0.0000e+00
       1304     28.000     8.9164     8.9157   3.735419   3.735492     2.6383      42.83     0.0861 5.1447e-02 1.5015e+00     54.287  44.980443    6.15139    35.2896    35.2911    27.3589    1486.70    1486.48 0.0000e+00
       1327     29.000     8.9169     8.9164   3.735523   3.735603     2.6388      88.94     0.0891 5.1467e-02 1.1997e+00     55.262  44.980454    6.13836    35.2897    35.2910    27.3589    1486.72    1486.49 0.0000e+00
       1347     30.000     8.9184     8.9185   3.735722   3.735839     2.6359      56.99     0.0882 5.1483e-02 1.9669e+00     56.088  44.980464    6.13138    35.2898    35.2910    27.3587    1486.74    1486.49 0.0000e+00
       1364     31.000     8.9187     8.9188   3.735798   3.735918     2.6359      38.60     0.0888 5.1434e-02 1.9438e+00     56.809  44.980472    6.14114    35.2898    35.2910    27.3587    1486.76    1486.50 0.0000e+00
       1381     32.000     8.9189     8.9188   3.735861   3.735986     2.6360      62.33     0.0870 5.1463e-02 9.6898e-01     57.482  44.980480    6.14553    35.2898    35.2912    27.3587    1486.78    1486.51 0.0000e+00
       1396     33.000     8.9191     8.9192   3.735924   3.736050     2.6373      98.83     0.0859 5.1466e-02 1.9412e+00     58.125  44.980488    6.14322    35.2898    35.2910    27.3586    1486.79    1486.52 0.0000e+00
       1412     34.000     8.9191     8.9192   3.735963   3.736102     2.6347      55.66     0.0837 5.1461e-02 -9.990e-29     58.789  44.980495    6.13279    35.2897    35.2911    27.3585    1486.81    1486.53 0.0000e+00
       1432     35.000     8.9190     8.9191   3.736004   3.736127     2.6349      55.07     0.0880 5.1460e-02 -9.990e-29     59.625  44.980505    6.14174    35.2898    35.2910    27.3586    1486.83    1486.54 0.0000e+00
       1460     36.000     8.9191     8.9192   3.736064   3.736176     2.6367      80.26     0.0877 5.1451e-02 -9.990e-29     60.780  44.980518    6.15393    35.2898    35.2909    27.3586    1486.84    1486.54 0.0000e+00
       1489     37.000     8.9192     8.9192   3.736111   3.736233     2.6370      66.64     0.0882 5.1457e-02 -9.990e-29     61.996  44.980532    6.15143    35.2898    35.2910    27.3585    1486.86    1486.55 0.0000e+00
       1512     38.000     8.9194     8.9195   3.736187   3.736307     2.6380      99.22     0.0894 5.1459e-02 -9.990e-29     62.969  44.980544    6.15392    35.2899    35.2910    27.3586    1486.88    1486.56 0.0000e+00
       1533     39.000     8.9196     8.9197   3.736251   3.736383     2.6380      98.87     0.0909 5.1445e-02 -9.990e-29     63.842  44.980554    6.15164    35.2899    35.2912    27.3586    1486.89    1486.57 0.0000e+00
       1555     40.000     8.9197     8.9197   3.736292   3.736417     2.6375      98.86     0.0899 5.1451e-02 -9.990e-29     64.736  44.980564    6.15146    35.2897    35.2910    27.3584    1486.91    1486.58 0.0000e+00
       1577     41.000     8.9198     8.9199   3.736348   3.736482     2.6378      98.87     0.0880 5.1437e-02 -9.990e-29     65.683  44.980575    6.15716    35.2897    35.2910    27.3584    1486.93    1486.59 0.0000e+00
       1599     42.000     8.9200     8.9201   3.736429   3.736551     2.6385      98.86     0.0855 5.1455e-02 -9.990e-29     66.575  44.980585    6.15898    35.2899    35.2911    27.3585    1486.94    1486.60 0.0000e+00
       1618     43.000     8.9203     8.9204   3.736498   3.736624     2.6386      98.87     0.0865 5.1464e-02 -9.990e-29     67.388  44.980595    6.15861    35.2898    35.2911    27.3584    1486.96    1486.60 0.0000e+00
       1637     44.000     8.9204     8.9205   3.736563   3.736693     2.6387      98.86     0.0862 5.1458e-02 -9.990e-29     68.155  44.980604    6.15513    35.2899    35.2912    27.3585    1486.98    1486.61 0.0000e+00
       1654     45.000     8.9204     8.9205   3.736599   3.736733     2.6375      98.86     0.0848 5.1458e-02 -9.990e-29     68.894  44.980612    6.14545    35.2898    35.2911    27.3584    1486.99    1486.62 0.0000e+00
       1672     46.000     8.9205     8.9205   3.736652   3.736780     2.6353      68.56     0.0849 5.1464e-02 -9.990e-29     69.640  44.980621    6.14378    35.2898    35.2912    27.3584    1487.01    1486.63 0.0000e+00
       1693     47.000     8.9206     8.9206   3.736703   3.736832     2.6358      90.15     0.0873 5.1446e-02 -9.990e-29     70.483  44.980631    6.15629    35.2898    35.2911    27.3583    1487.03    1486.64 0.0000e+00
       1715     48.000     8.9207     8.9207   3.736759   3.736873     2.6359      98.80     0.0885 5.1448e-02 -9.990e-29     71.435  44.980642    6.14944    35.2898    35.2910    27.3583    1487.05    1486.65 0.0000e+00
       1739     49.000     8.9207     8.9207   3.736813   3.736925     2.6344      98.34     0.0873 5.1456e-02 -9.990e-29     72.415  44.980653    6.14430    35.2899    35.2910    27.3584    1487.06    1486.66 0.0000e+00
       1762     50.000     8.9209     8.9209   3.736863   3.736990     2.6338      97.76     0.0878 5.1478e-02 -9.990e-29     73.365  44.980664    6.14834    35.2897    35.2910    27.3582    1487.08    1486.66 0.0000e+00
       1784     51.000     8.9209     8.9210   3.736918   3.737045     2.6339      96.66     0.0849 5.1475e-02 -9.990e-29     74.288  44.980675    6.15053    35.2898    35.2910    27.3583    1487.10    1486.67 0.0000e+00
       1806     52.000     8.9210     8.9211   3.736984   3.737100     2.6337      95.85     0.0885 5.1458e-02 -9.990e-29     75.218  44.980685    6.14658    35.2899    35.2910    27.3584    1487.11    1486.68 0.0000e+00
       1828     53.000     8.9212     8.9214   3.737048   3.737166     2.6324      94.85     0.0919 5.1476e-02 -9.990e-29     76.112  44.980696    6.13986    35.2899    35.2910    27.3584    1487.13    1486.69 0.0000e+00
       1847     54.000     8.9213     8.9214   3.737113   3.737228     2.6313      93.82     0.0936 5.1448e-02 -9.990e-29     76.927  44.980705    6.14098    35.2900    35.2911    27.3584    1487.15    1486.70 0.0000e+00
       1865     55.000     8.9216     8.9216   3.737172   3.737286     2.6310      92.88     0.0920 5.1477e-02 -9.990e-29     77.660  44.980714    6.14252    35.2899    35.2911    27.3582    1487.16    1486.71 0.0000e+00
       1882     56.000     8.9217     8.9217   3.737237   3.737359     2.6305      92.19     0.0939 5.1444e-02 -9.990e-29     78.357  44.980722    6.14497    35.2900    35.2912    27.3583    1487.18    1486.71 0.0000e+00
       1899     57.000     8.9218     8.9218   3.737282   3.737401     2.6312      91.13     0.0918 5.1448e-02 -9.990e-29     79.103  44.980730    6.14975    35.2899    35.2911    27.3582    1487.20    1486.72 0.0000e+00
       1923     58.000     8.9219     8.9218   3.737330   3.737444     2.6313      89.94     0.0894 5.1450e-02 -9.990e-29     80.071  44.980742    6.14914    35.2898    35.2911    27.3581    1487.21    1486.73 0.0000e+00
       1953     59.000     8.9220     8.9220   3.737376   3.737516     2.6314      88.65     0.0887 5.1464e-02 -9.990e-29     81.337  44.980756    6.14999    35.2897    35.2912    27.3580    1487.23    1486.74 0.0000e+00
       1981     60.000     8.9220     8.9220   3.737422   3.737543     2.6316      87.64     0.0861 5.1454e-02 -9.990e-29     82.509  44.980770    6.14951    35.2897    35.2910    27.3580    1487.25    1486.75 0.0000e+00
       2003     61.000     8.9214     8.9214   3.737426   3.737539     2.6308      86.76     0.0880 5.1459e-02 -9.990e-29     83.426  44.980780    6.14348    35.2898    35.2910    27.3583    1487.26    1486.76 0.0000e+00
       2022     62.000     8.9214     8.9214   3.737474   3.737588     2.6298      85.83     0.0877 5.1450e-02 -9.990e-29     84.227  44.980790    6.14133    35.2899    35.2911    27.3583    1487.28    1486.77 0.0000e+00
       2041     63.000     8.9218     8.9214   3.737557   3.737631     2.6292      84.94     0.0895 5.1466e-02 -9.990e-29     84.984  44.980799    6.13856    35.2899    35.2910    27.3582    1487.30    1486.77 0.0000e+00
       2058     64.000     8.9220     8.9221   3.737625   3.737750     2.6275      83.97     0.0941 5.1469e-02 -9.990e-29     85.716  44.980807    6.13352    35.2899    35.2911    27.3582    1487.31    1486.78 0.0000e+00
       2076     65.000     8.9226     8.9227   3.737736   3.737856     2.6266      82.85     0.0942 5.1471e-02 -9.990e-29     86.456  44.980815    6.13620    35.2900    35.2912    27.3582    1487.33    1486.79 0.0000e+00
       2095     66.000     8.9226     8.9226   3.737772   3.737891     2.6264      81.77     0.0932 5.1471e-02 -9.990e-29     87.245  44.980825    6.14035    35.2899    35.2911    27.3581    1487.35    1486.80 0.0000e+00
       2116     67.000     8.9226     8.9226   3.737813   3.737922     2.6267      80.60     0.0896 5.1471e-02 -9.990e-29     88.110  44.980835    6.14626    35.2898    35.2910    27.3581    1487.36    1486.81 0.0000e+00
       2139     68.000     8.9225     8.9223   3.737846   3.737947     2.6278      79.52     0.0916 5.1464e-02 -9.990e-29     89.085  44.980846    6.15163    35.2898    35.2911    27.3581    1487.38    1486.82 0.0000e+00
       2164     69.000     8.9227     8.9229   3.737914   3.738041     2.6289      78.47     0.0898 5.1459e-02 -9.990e-29     90.141  44.980858    6.15176    35.2898    35.2910    27.3580    1487.40    1486.82 0.0000e+00
       2188     70.000     8.9230     8.9231   3.737984   3.738111     2.6286      77.56     0.0898 5.1443e-02 -9.990e-29     91.119  44.980869    6.14767    35.2898    35.2910    27.3580    1487.42    1486.83 0.0000e+00
       2210     71.000     8.9230     8.9233   3.738033   3.738171     2.6282      76.70     0.0880 5.1483e-02 -9.990e-29     92.022  44.980880    6.14695    35.2898    35.2910    27.3580    1487.43    1486.84 0.0000e+00
       2230     72.000     8.9233     8.9233   3.738106   3.738234     2.6276      75.80     0.0926 5.1461e-02 -9.990e-29     92.866  44.980890    6.14490    35.2898    35.2912    27.3579    1487.45    1486.85 0.0000e+00
       2249     73.000     8.9230     8.9231   3.738132   3.738261     2.6270      74.80     0.0950 5.1450e-02 -9.990e-29     93.650  44.980899    6.14262    35.2899    35.2912    27.3581    1487.47    1486.86 0.0000e+00
       2266     74.000     8.9233     8.9236   3.738204   3.738354     2.6261      73.91     0.0931 5.1452e-02 -9.990e-29     94.363  44.980907    6.14085    35.2899    35.2912    27.3580    1487.48    1486.87 0.0000e+00
       2282     75.000     8.9236     8.9238   3.738279   3.738407     2.6258      73.14     0.0941 5.1466e-02 -9.990e-29     95.030  44.980915    6.13914    35.2899    35.2910    27.3580    1487.50    1486.87 0.0000e+00
