IBTS/IBTS_CruiseNotebook/Data/CTD/sta0020.cnv
* Sea-Bird SBE 9 Data File:
* FileName = C:\Seabird\CTDData\sta0020.hex
* Software Version Seasave V 7.21f
* Temperature SN = 2491
* Conductivity SN = 2694
* Number of Bytes Per Scan = 40
* Number of Voltage Words = 5
* Number of Scans Averaged by the Deck Unit = 1
* NMEA Latitude = 61 39.00 N
* NMEA Longitude = 000 24.61 W
* NMEA UTC (Time) = Feb 12 2020 07:25:18
* NMEA baud rate = 4800
** Ship: 10 F/F "G. O. Sars"
** Station: 0020
** Echodepth: 210.5
** Log: 7978.95
** Wind-Dir Force: 31 31
** Air-temp (dry): 3.2
** Weather Sky:
** Sea Ice:
# nquan = 20                                
# nvalues = 197                         
# units = specified
# name 0 = scan: Scan Count
# name 1 = prDM: Pressure, Digiquartz [db]
# name 2 = t068C: Temperature [ITS-68, deg C]
# name 3 = t168C: Temperature, 2 [ITS-68, deg C]
# name 4 = c0S/m: Conductivity [S/m]
# name 5 = c1S/m: Conductivity, 2 [S/m]
# name 6 = sbeox0V: Oxygen raw, SBE 43 [V]
# name 7 = altM: Altimeter [m]
# name 8 = flC: Fluorescence, Chelsea Aqua 3 Chl Con [ug/l]
# name 9 = par: PAR/Irradiance, Biospherical/Licor
# name 10 = spar: SPAR/Surface Irradiance
# name 11 = timeS: Time, Elapsed [seconds]
# name 12 = timeJ: Julian Days
# name 13 = sbeox0ML/L: Oxygen, SBE 43 [ml/l], WS = 2
# name 14 = sal00: Salinity, Practical [PSU]
# name 15 = sal11: Salinity, Practical, 2 [PSU]
# name 16 = sigma-t00: Density [sigma-t, Kg/m^3 ]
# name 17 = svCM: Sound Velocity [Chen-Millero, m/s]
# name 18 = avgsvCM: Average Sound Velocity [Chen-Millero, m/s], minP = 1, minS = 5
# name 19 = flag: flag
# span 0 =        -94,       4791       
# span 1 =      8.000,    204.000       
# span 2 =     9.0088,     9.0621       
# span 3 =     9.0092,     9.0621       
# span 4 =   3.744909,   3.752943       
# span 5 =   3.745078,   3.753143       
# span 6 =     2.5699,     2.6315       
# span 7 =       7.95,     125.91       
# span 8 =     0.0429,     0.0591       
# span 9 = 5.1425e-02, 3.8460e-01       
# span 10 = 1.9438e+00, 1.9438e+00      
# span 11 =     -3.939,    199.591      
# span 12 =  43.309214,  43.311569      
# span 13 =    6.05891,    6.10806      
# span 14 =    35.2735,    35.2827      
# span 15 =    35.2754,    35.2844      
# span 16 =    27.3289,    27.3341      
# span 17 =    1486.81,    1489.94      
# span 18 =    1486.81,    1488.36      
# span 19 = 0.0000e+00, 0.0000e+00      
# interval = decibars: 1                
# start_time = Feb 12 2020 07:25:20 [System UTC, header]
# bad_flag = -9.990e-29
*END*
[from data line 73]
       2059     81.000     9.0509     9.0511   3.749821   3.750004     2.6109      98.87     0.0442 5.1428e-02 1.9438e+00     85.732  43.310252    6.08367    35.2819    35.2836    27.3311    1488.06    1487.38 0.0000e+00
       2073     82.000     9.0513     9.0513   3.749917   3.750062     2.6103      98.86     0.0446 5.1467e-02 1.9438e+00     86.339  43.310259    6.08209    35.2820    35.2835    27.3311    1488.08    1487.39 0.0000e+00
       2108     83.000     9.0513     9.0515   3.749947   3.750134     2.6097      98.86     0.0439 5.1473e-02 1.9438e+00     87.812  43.310276    6.08784    35.2818    35.2836    27.3310    1488.09    1487.40 0.0000e+00
       2157     84.000     9.0527     9.0527   3.750144   3.750304     2.6111      98.87     0.0453 5.1461e-02 1.9438e+00     89.823  43.310299    6.09950    35.2820    35.2837    27.3309    1488.11    1487.40 0.0000e+00
       2174     85.000     9.0538     9.0538   3.750312   3.750480     2.6123      98.86     0.0455 5.1444e-02 1.9438e+00     90.540  43.310307    6.09661    35.2822    35.2840    27.3309    1488.13    1487.41 0.0000e+00
       2190     86.000     9.0534     9.0536   3.750310   3.750503     2.6114      98.86     0.0450 5.1447e-02 1.9438e+00     91.203  43.310315    6.08756    35.2821    35.2839    27.3309    1488.15    1487.42 0.0000e+00
       2205     87.000     9.0537     9.0540   3.750395   3.750575     2.6104      98.87     0.0432 5.1466e-02 1.9438e+00     91.835  43.310322    6.08367    35.2822    35.2838    27.3309    1488.17    1487.43 0.0000e+00
       2220     88.000     9.0538     9.0541   3.750441   3.750636     2.6092      98.86     0.0433 5.1476e-02 1.9438e+00     92.459  43.310329    6.08221    35.2821    35.2839    27.3308    1488.18    1487.44 0.0000e+00
       2249     89.000     9.0532     9.0530   3.750394   3.750564     2.6080      98.86     0.0482 5.1463e-02 1.9438e+00     93.655  43.310343    6.08219    35.2818    35.2837    27.3306    1488.20    1487.45 0.0000e+00
       2282     90.000     9.0533     9.0535   3.750464   3.750640     2.6070      98.86     0.0460 5.1478e-02 1.9438e+00     95.035  43.310359    6.08483    35.2819    35.2836    27.3308    1488.21    1487.46 0.0000e+00
       2300     91.000     9.0539     9.0539   3.750564   3.750732     2.6072      98.86     0.0437 5.1500e-02 1.9438e+00     95.791  43.310368    6.08553    35.2819    35.2837    27.3306    1488.23    1487.46 0.0000e+00
       2316     92.000     9.0542     9.0542   3.750647   3.750811     2.6070      98.87     0.0446 5.1500e-02 1.9438e+00     96.450  43.310376    6.08054    35.2820    35.2837    27.3307    1488.25    1487.47 0.0000e+00
       2331     93.000     9.0542     9.0544   3.750702   3.750874     2.6058      98.87     0.0470 5.1495e-02 1.9438e+00     97.073  43.310383    6.07442    35.2821    35.2837    27.3307    1488.27    1487.48 0.0000e+00
       2346     94.000     9.0544     9.0546   3.750766   3.750930     2.6044      98.86     0.0481 5.1486e-02 1.9438e+00     97.691  43.310390    6.07484    35.2821    35.2836    27.3307    1488.28    1487.49 0.0000e+00
       2369     95.000     9.0542     9.0543   3.750766   3.750945     2.6045      98.86     0.0485 5.1481e-02 1.9438e+00     98.682  43.310401    6.08166    35.2818    35.2836    27.3305    1488.30    1487.50 0.0000e+00
       2405     96.000     9.0540     9.0541   3.750796   3.750971     2.6053      98.86     0.0504 5.1460e-02 1.9438e+00    100.179  43.310419    6.08943    35.2818    35.2836    27.3306    1488.32    1487.51 0.0000e+00
       2426     97.000     9.0540     9.0541   3.750853   3.751038     2.6058      98.86     0.0475 5.1452e-02 1.9438e+00    101.053  43.310429    6.08922    35.2820    35.2838    27.3307    1488.33    1487.51 0.0000e+00
       2442     98.000     9.0542     9.0543   3.750933   3.751100     2.6063      98.86     0.0454 5.1454e-02 1.9438e+00    101.725  43.310437    6.08582    35.2821    35.2838    27.3308    1488.35    1487.52 0.0000e+00
       2458     99.000     9.0546     9.0547   3.751008   3.751189     2.6050      55.68     0.0452 5.1439e-02 1.9438e+00    102.359  43.310444    6.08352    35.2820    35.2838    27.3306    1488.37    1487.53 0.0000e+00
       2472    100.000     9.0554     9.0554   3.751139   3.751298     2.6052      39.90     0.0481 5.1447e-02 1.9438e+00    102.973  43.310451    6.08992    35.2821    35.2838    27.3306    1488.39    1487.54 0.0000e+00
       2487    101.000     9.0555     9.0556   3.751193   3.751341     2.6064      98.53     0.0497 5.1476e-02 1.9438e+00    103.580  43.310458    6.09186    35.2821    35.2836    27.3306    1488.40    1487.55 0.0000e+00
       2501    102.000     9.0555     9.0556   3.751249   3.751412     2.6055      98.87     0.0495 5.1460e-02 1.9438e+00    104.172  43.310465    6.07815    35.2822    35.2838    27.3306    1488.42    1487.56 0.0000e+00
       2517    103.000     9.0554     9.0564   3.751286   3.751536     2.6033      98.86     0.0482 5.1428e-02 -9.990e-29    104.831  43.310473    6.07261    35.2822    35.2839    27.3307    1488.44    1487.57 0.0000e+00
       2547    104.000     9.0574     9.0574   3.751526   3.751691     2.6020      98.86     0.0476 5.1449e-02 -9.990e-29    106.089  43.310487    6.08048    35.2823    35.2840    27.3304    1488.46    1487.57 0.0000e+00
       2587    105.000     9.0586     9.0591   3.751675   3.751904     2.6032      98.86     0.0461 5.1462e-02 -9.990e-29    107.731  43.310506    6.09122    35.2822    35.2841    27.3301    1488.48    1487.58 0.0000e+00
       2629    106.000     9.0603     9.0606   3.751901   3.752107     2.6057      98.87     0.0481 5.1453e-02 -9.990e-29    109.490  43.310526    6.09669    35.2824    35.2843    27.3300    1488.50    1487.59 0.0000e+00
       2657    107.000     9.0611     9.0612   3.752024   3.752207     2.6058      98.86     0.0494 5.1452e-02 -9.990e-29    110.673  43.310540    6.09178    35.2824    35.2842    27.3299    1488.52    1487.60 0.0000e+00
       2675    108.000     9.0612     9.0614   3.752109   3.752276     2.6053      98.86     0.0473 5.1452e-02 -9.990e-29    111.424  43.310549    6.08664    35.2827    35.2843    27.3301    1488.54    1487.61 0.0000e+00
       2691    109.000     9.0614     9.0616   3.752174   3.752338     2.6041      98.86     0.0505 5.1437e-02 -9.990e-29    112.077  43.310556    6.07857    35.2827    35.2843    27.3301    1488.56    1487.62 0.0000e+00
       2706    110.000     9.0618     9.0618   3.752238   3.752397     2.6026      98.87     0.0503 5.1447e-02 1.9438e+00    112.705  43.310564    6.06927    35.2825    35.2842    27.3299    1488.58    1487.63 0.0000e+00
       2721    111.000     9.0617     9.0619   3.752284   3.752459     2.5997      98.87     0.0486 5.1475e-02 1.9438e+00    113.321  43.310571    6.06339    35.2826    35.2843    27.3300    1488.59    1487.64 0.0000e+00
       2735    112.000     9.0613     9.0613   3.752299   3.752458     2.5984      98.86     0.0473 5.1449e-02 1.9438e+00    113.934  43.310578    6.06968    35.2827    35.2844    27.3301    1488.61    1487.64 0.0000e+00
       2750    113.000     9.0608     9.0607   3.752289   3.752429     2.5984      98.67     0.0485 5.1428e-02 1.9438e+00    114.540  43.310585    6.07712    35.2826    35.2842    27.3301    1488.62    1487.65 0.0000e+00
       2764    114.000     9.0605     9.0607   3.752311   3.752470     2.5984      97.92     0.0483 5.1439e-02 1.9438e+00    115.144  43.310592    6.08057    35.2827    35.2841    27.3302    1488.64    1487.66 0.0000e+00
       2796    115.000     9.0599     9.0595   3.752269   3.752384     2.5997      96.98     0.0469 5.1456e-02 1.9438e+00    116.468  43.310607    6.08579    35.2823    35.2840    27.3300    1488.65    1487.67 0.0000e+00
       2833    116.000     9.0559     9.0562   3.751848   3.752023     2.6000      95.04     0.0476 5.1449e-02 -9.990e-29    117.987  43.310625    6.07652    35.2814    35.2830    27.3300    1488.65    1487.68 0.0000e+00
       2852    117.000     9.0555     9.0558   3.751848   3.752034     2.5977      94.06     0.0452 5.1450e-02 -9.990e-29    118.771  43.310634    6.06955    35.2813    35.2830    27.3300    1488.67    1487.69 0.0000e+00
       2868    118.000     9.0579     9.0582   3.752159   3.752308     2.5970      93.27     0.0459 5.1466e-02 -9.990e-29    119.450  43.310642    6.07399    35.2817    35.2830    27.3299    1488.69    1487.70 0.0000e+00
       2883    119.000     9.0591     9.0596   3.752333   3.752523     2.5971      92.36     0.0466 5.1447e-02 -9.990e-29    120.093  43.310649    6.07143    35.2819    35.2834    27.3298    1488.71    1487.70 0.0000e+00
       2898    120.000     9.0608     9.0608   3.752583   3.752736     2.5954      91.57     0.0491 5.1477e-02 1.9438e+00    120.729  43.310656    6.06212    35.2824    35.2840    27.3299    1488.74    1487.71 0.0000e+00
       2913    121.000     9.0608     9.0609   3.752637   3.752805     2.5939      90.82     0.0485 5.1466e-02 1.9438e+00    121.348  43.310664    6.06293    35.2825    35.2841    27.3300    1488.75    1487.72 0.0000e+00
       2928    122.000     9.0617     9.0621   3.752771   3.752944     2.5936      89.60     0.0449 5.1427e-02 1.9438e+00    121.963  43.310671    6.07014    35.2825    35.2839    27.3298    1488.77    1487.73 0.0000e+00
       2944    123.000     9.0621     9.0621   3.752838   3.752994     2.5943      88.38     0.0452 5.1442e-02 1.9438e+00    122.632  43.310679    6.07223    35.2823    35.2840    27.3296    1488.79    1487.74 0.0000e+00
       2965    124.000     9.0620     9.0620   3.752873   3.753034     2.5936      87.15     0.0494 5.1449e-02 1.9438e+00    123.489  43.310689    6.06988    35.2823    35.2840    27.3297    1488.81    1487.75 0.0000e+00
       2991    125.000     9.0617     9.0617   3.752898   3.753057     2.5940      85.90     0.0468 5.1454e-02 1.9438e+00    124.602  43.310701    6.07836    35.2824    35.2841    27.3298    1488.82    1487.76 0.0000e+00
       3029    126.000     9.0618     9.0616   3.752923   3.753075     2.5967      84.74     0.0470 5.1457e-02 1.9438e+00    126.165  43.310719    6.09293    35.2821    35.2839    27.3295    1488.84    1487.76 0.0000e+00
       3064    127.000     9.0618     9.0619   3.752943   3.753143     2.5995      83.93     0.0506 5.1457e-02 1.9438e+00    127.639  43.310737    6.09484    35.2818    35.2838    27.3293    1488.85    1487.77 0.0000e+00
       3085    128.000     9.0600     9.0595   3.752797   3.752922     2.5994      83.32     0.0487 5.1442e-02 1.9438e+00    128.514  43.310747    6.08812    35.2816    35.2834    27.3294    1488.86    1487.78 0.0000e+00
       3102    129.000     9.0579     9.0580   3.752640   3.752793     2.5986      82.47     0.0467 5.1464e-02 1.9438e+00    129.200  43.310755    6.08280    35.2815    35.2830    27.3297    1488.87    1487.79 0.0000e+00
       3117    130.000     9.0542     9.0536   3.752165   3.752375     2.5976      81.76     0.0439 5.1447e-02 1.9438e+00    129.835  43.310762    6.07476    35.2798    35.2826    27.3289    1488.87    1487.80 0.0000e+00
       3132    131.000     9.0344     9.0350   3.750123   3.750397     2.5951      80.86     0.0440 5.1457e-02 1.9438e+00    130.455  43.310769    6.06747    35.2775    35.2798    27.3304    1488.81    1487.81 0.0000e+00
       3147    132.000     9.0295     9.0275   3.749642   3.749610     2.5930      79.82     0.0445 5.1447e-02 1.9438e+00    131.080  43.310776    6.06756    35.2768    35.2785    27.3306    1488.81    1487.81 0.0000e+00
       3169    133.000     9.0304     9.0316   3.749786   3.750053     2.5917      78.44     0.0472 5.1462e-02 1.9438e+00    132.005  43.310787    6.07177    35.2770    35.2786    27.3306    1488.83    1487.82 0.0000e+00
       3204    134.000     9.0274     9.0266   3.749479   3.749586     2.5918      77.07     0.0505 5.1457e-02 1.9438e+00    133.441  43.310804    6.08502    35.2763    35.2782    27.3305    1488.84    1487.83 0.0000e+00
       3232    135.000     9.0230     9.0237   3.749057   3.749300     2.5934      76.19     0.0504 5.1464e-02 1.9438e+00    134.627  43.310817    6.09048    35.2757    35.2776    27.3308    1488.84    1487.84 0.0000e+00
       3255    136.000     9.0228     9.0224   3.749076   3.749214     2.5943      75.32     0.0521 5.1439e-02 1.9438e+00    135.588  43.310829    6.09256    35.2756    35.2775    27.3308    1488.85    1487.84 0.0000e+00
       3276    137.000     9.0336     9.0369   3.750392   3.750833     2.5948      74.42     0.0490 5.1462e-02 1.9438e+00    136.456  43.310839    6.08783    35.2782    35.2796    27.3311    1488.91    1487.85 0.0000e+00
       3294    138.000     9.0395     9.0387   3.751009   3.751079     2.5940      73.45     0.0475 5.1454e-02 1.9438e+00    137.195  43.310847    6.07938    35.2784    35.2799    27.3302    1488.95    1487.86 0.0000e+00
       3310    139.000     9.0444     9.0395   3.751607   3.751198     2.5928      72.42     0.0460 5.1463e-02 1.9438e+00    137.861  43.310855    6.07466    35.2793    35.2799    27.3302    1488.98    1487.87 0.0000e+00
       3325    140.000     9.0432     9.0375   3.751505   3.751039     2.5918      71.56     0.0449 5.1447e-02 1.9438e+00    138.495  43.310862    6.07449    35.2790    35.2797    27.3301    1489.00    1487.88 0.0000e+00
       3340    141.000     9.0397     9.0352   3.751170   3.750850     2.5912      70.56     0.0456 5.1485e-02 1.9438e+00    139.118  43.310869    6.07219    35.2785    35.2796    27.3302    1489.00    1487.88 0.0000e+00
       3355    142.000     9.0312     9.0311   3.750273   3.750462     2.5900      69.52     0.0484 5.1439e-02 1.9438e+00    139.732  43.310877    6.06498    35.2770    35.2791    27.3305    1488.98    1487.89 0.0000e+00
       3369    143.000     9.0252     9.0259   3.749682   3.749906     2.5876      68.54     0.0455 5.1447e-02 1.9438e+00    140.337  43.310884    6.05891    35.2763    35.2779    27.3309    1488.98    1487.90 0.0000e+00
       3384    144.000     9.0248     9.0252   3.749669   3.749858     2.5861      67.54     0.0446 5.1457e-02 1.9438e+00    140.951  43.310891    6.06012    35.2761    35.2776    27.3308    1488.99    1487.91 0.0000e+00
       3418    145.000     9.0241     9.0237   3.749629   3.749735     2.5856      66.10     0.0452 5.1458e-02 1.9438e+00    142.392  43.310907    6.07057    35.2759    35.2774    27.3307    1489.00    1487.91 0.0000e+00
       3465    146.000     9.0248     9.0249   3.749716   3.749908     2.5878      64.95     0.0447 5.1459e-02 1.9438e+00    144.336  43.310930    6.09080    35.2756    35.2775    27.3304    1489.02    1487.92 0.0000e+00
       3484    147.000     9.0243     9.0246   3.749700   3.749904     2.5902      64.32     0.0469 5.1458e-02 1.9438e+00    145.117  43.310939    6.09265    35.2754    35.2773    27.3304    1489.04    1487.93 0.0000e+00
       3500    148.000     9.0227     9.0228   3.749601   3.749773     2.5905      63.65     0.0477 5.1428e-02 1.9438e+00    145.793  43.310947    6.08587    35.2755    35.2772    27.3307    1489.05    1487.94 0.0000e+00
       3515    149.000     9.0227     9.0225   3.749658   3.749782     2.5899      62.68     0.0484 5.1447e-02 1.9438e+00    146.424  43.310954    6.08038    35.2756    35.2771    27.3308    1489.06    1487.94 0.0000e+00
       3531    150.000     9.0239     9.0231   3.749820   3.749898     2.5890      61.70     0.0476 5.1458e-02 1.9438e+00    147.072  43.310962    6.07575    35.2757    35.2773    27.3306    1489.09    1487.95 0.0000e+00
       3559    151.000     9.0240     9.0236   3.749866   3.749991     2.5870      60.37     0.0473 5.1455e-02 1.9438e+00    148.234  43.310975    6.07247    35.2756    35.2773    27.3305    1489.10    1487.96 0.0000e+00
