IBTS/IBTS_CruiseNotebook/Data/CTD/sta0020.cnv
* Sea-Bird SBE 9 Data File:
* FileName = C:\Seabird\CTDData\sta0020.hex
* Software Version Seasave V 7.21f
* Temperature SN = 2491
* Conductivity SN = 2694
* Number of Bytes Per Scan = 40
* Number of Voltage Words = 5
* Number of Scans Averaged by the Deck Unit = 1
* NMEA Latitude = 61 39.00 N
* NMEA Longitude = 000 24.61 W
* NMEA UTC (Time) = Feb 12 2020 07:25:18
* NMEA baud rate = 4800
** Ship: 10 F/F "G. O. Sars"
** Station: 0020
** Echodepth: 210.5
** Log: 7978.95
** Wind-Dir Force: 31 31
** Air-temp (dry): 3.2
** Weather Sky:
** Sea Ice:
# nquan = 20                                
# nvalues = 197                         
# units = specified
# name 0 = scan: Scan Count
# name 1 = prDM: Pressure, Digiquartz [db]
# name 2 = t068C: Temperature [ITS-68, deg C]
# name 3 = t168C: Temperature, 2 [ITS-68, deg C]
# name 4 = c0S/m: Conductivity [S/m]
# name 5 = c1S/m: Conductivity, 2 [S/m]
# name 6 = sbeox0V: Oxygen raw, SBE 43 [V]
# name 7 = altM: Altimeter [m]
# name 8 = flC: Fluorescence, Chelsea Aqua 3 Chl Con [ug/l]
# name 9 = par: PAR/Irradiance, Biospherical/Licor
# name 10 = spar: SPAR/Surface Irradiance
# name 11 = timeS: Time, Elapsed [seconds]
# name 12 = timeJ: Julian Days
# name 13 = sbeox0ML/L: Oxygen, SBE 43 [ml/l], WS = 2
# name 14 = sal00: Salinity, Practical [PSU]
# name 15 = sal11: Salinity, Practical, 2 [PSU]
# name 16 = sigma-t00: Density [sigma-t, Kg/m^3 ]
# name 17 = svCM: Sound Velocity [Chen-Millero, m/s]
# name 18 = avgsvCM: Average Sound Velocity [Chen-Millero, m/s], minP = 1, minS = 5
# name 19 = flag: flag
# span 0 =        -94,       4791       
# span 1 =      8.000,    204.000       
# span 2 =     9.0088,     9.0621       
# span 3 =     9.0092,     9.0621       
# span 4 =   3.744909,   3.752943       
# span 5 =   3.745078,   3.753143       
# span 6 =     2.5699,     2.6315       
# span 7 =       7.95,     125.91       
# span 8 =     0.0429,     0.0591       
# span 9 = 5.1425e-02, 3.8460e-01       
# span 10 = 1.9438e+00, 1.9438e+00      
# span 11 =     -3.939,    199.591      
# span 12 =  43.309214,  43.311569      
# span 13 =    6.05891,    6.10806      
# span 14 =    35.2735,    35.2827      
# span 15 =    35.2754,    35.2844      
# span 16 =    27.3289,    27.3341      
# span 17 =    1486.81,    1489.94      
# span 18 =    1486.81,    1488.36      
# span 19 = 0.0000e+00, 0.0000e+00      
# interval = decibars: 1                
# start_time = Feb 12 2020 07:25:20 [System UTC, header]
# bad_flag = -9.990e-29
*END*
[from data line 145]
       3621    153.000     9.0251     9.0250   3.750072   3.750216     2.5885      58.40     0.0488 5.1454e-02 1.9438e+00    150.829  43.311005    6.08939    35.2757    35.2773    27.3305    1489.14    1487.97 0.0000e+00
       3638    154.000     9.0264     9.0261   3.750275   3.750395     2.5887      57.57     0.0492 5.1463e-02 1.9438e+00    151.548  43.311013    6.08338    35.2761    35.2776    27.3305    1489.16    1487.98 0.0000e+00
       3654    155.000     9.0284     9.0287   3.750544   3.750712     2.5880      56.70     0.0492 5.1457e-02 1.9438e+00    152.199  43.311021    6.07716    35.2764    35.2779    27.3305    1489.19    1487.99 0.0000e+00
       3669    156.000     9.0257     9.0240   3.750281   3.750286     2.5870      55.81     0.0504 5.1485e-02 1.9438e+00    152.827  43.311028    6.07267    35.2759    35.2776    27.3305    1489.19    1488.00 0.0000e+00
       3684    157.000     9.0229     9.0220   3.750036   3.750105     2.5856      54.83     0.0486 5.1457e-02 1.9438e+00    153.445  43.311035    6.07137    35.2756    35.2772    27.3307    1489.20    1488.01 0.0000e+00
       3699    158.000     9.0200     9.0188   3.749768   3.749803     2.5850      53.85     0.0480 5.1438e-02 1.9438e+00    154.064  43.311043    6.07077    35.2752    35.2767    27.3309    1489.20    1488.01 0.0000e+00
       3713    159.000     9.0152     9.0151   3.749307   3.749460     2.5838      52.83     0.0461 5.1480e-02 1.9438e+00    154.679  43.311049    6.06857    35.2746    35.2763    27.3312    1489.20    1488.02 0.0000e+00
       3728    160.000     9.0174     9.0168   3.749590   3.749667     2.5828      51.83     0.0434 5.1457e-02 1.9438e+00    155.292  43.311057    6.06920    35.2749    35.2763    27.3311    1489.23    1488.03 0.0000e+00
       3744    161.000     9.0128     9.0146   3.749143   3.749493     2.5826      50.76     0.0437 5.1435e-02 1.9438e+00    155.954  43.311064    6.07581    35.2743    35.2762    27.3314    1489.22    1488.04 0.0000e+00
       3766    162.000     9.0133     9.0120   3.749253   3.749287     2.5832      49.51     0.0469 5.1481e-02 1.9438e+00    156.865  43.311075    6.08228    35.2745    35.2762    27.3314    1489.24    1488.04 0.0000e+00
       3794    163.000     9.0133     9.0128   3.749279   3.749389     2.5846      48.28     0.0498 5.1461e-02 1.9438e+00    158.060  43.311089    6.08877    35.2743    35.2760    27.3313    1489.26    1488.05 0.0000e+00
       3841    164.000     9.0108     9.0109   3.749029   3.749237     2.5866      47.03     0.0497 5.1474e-02 1.9438e+00    160.009  43.311111    6.09228    35.2737    35.2758    27.3312    1489.27    1488.06 0.0000e+00
       3883    165.000     9.0124     9.0130   3.749258   3.749506     2.5867      46.19     0.0493 5.1456e-02 1.9438e+00    161.756  43.311131    6.09211    35.2740    35.2760    27.3312    1489.29    1488.06 0.0000e+00
       3903    166.000     9.0134     9.0136   3.749437   3.749630     2.5874      45.49     0.0479 5.1452e-02 1.9438e+00    162.568  43.311141    6.09568    35.2744    35.2763    27.3314    1489.31    1488.07 0.0000e+00
       3919    167.000     9.0106     9.0125   3.749197   3.749563     2.5875      44.70     0.0470 5.1464e-02 1.9438e+00    163.249  43.311149    6.09175    35.2742    35.2762    27.3316    1489.32    1488.08 0.0000e+00
       3934    168.000     9.0104     9.0111   3.749207   3.749444     2.5869      43.80     0.0486 5.1437e-02 1.9438e+00    163.888  43.311156    6.08154    35.2741    35.2758    27.3315    1489.33    1488.09 0.0000e+00
       3949    169.000     9.0174     9.0142   3.750018   3.749772     2.5844      42.88     0.0474 5.1467e-02 1.9438e+00    164.513  43.311163    6.06978    35.2751    35.2757    27.3313    1489.37    1488.09 0.0000e+00
       3964    170.000     9.0268     9.0266   3.751011   3.751106     2.5827      41.93     0.0463 5.1486e-02 1.9438e+00    165.124  43.311170    6.06965    35.2758    35.2770    27.3302    1489.43    1488.10 0.0000e+00
       3978    171.000     9.0260     9.0261   3.750968   3.751111     2.5820      40.97     0.0449 5.1480e-02 1.9438e+00    165.722  43.311177    6.07635    35.2756    35.2770    27.3303    1489.44    1488.11 0.0000e+00
       3993    172.000     9.0238     9.0217   3.750764   3.750729     2.5819      40.00     0.0448 5.1439e-02 1.9438e+00    166.315  43.311184    6.08141    35.2752    35.2769    27.3303    1489.45    1488.12 0.0000e+00
       4013    173.000     9.0134     9.0109   3.749746   3.749670     2.5824      38.79     0.0448 5.1453e-02 1.9438e+00    167.151  43.311194    6.08258    35.2744    35.2760    27.3313    1489.42    1488.13 0.0000e+00
       4038    174.000     9.0092     9.0095   3.749356   3.749556     2.5815      37.38     0.0458 5.1470e-02 1.9438e+00    168.202  43.311206    6.08012    35.2740    35.2758    27.3317    1489.42    1488.13 0.0000e+00
       4062    175.000     9.0088     9.0092   3.749361   3.749565     2.5814      36.28     0.0485 5.1461e-02 1.9438e+00    169.207  43.311218    6.08615    35.2739    35.2757    27.3317    1489.44    1488.14 0.0000e+00
       4089    176.000     9.0091     9.0093   3.749415   3.749616     2.5826      35.23     0.0509 5.1461e-02 1.9438e+00    170.350  43.311231    6.08939    35.2737    35.2756    27.3315    1489.46    1488.15 0.0000e+00
       4118    177.000     9.0093     9.0093   3.749480   3.749662     2.5819      34.20     0.0503 5.1468e-02 1.9438e+00    171.529  43.311245    6.08118    35.2737    35.2756    27.3315    1489.47    1488.16 0.0000e+00
       4142    178.000     9.0097     9.0096   3.749577   3.749740     2.5808      33.47     0.0503 5.1456e-02 1.9438e+00    172.551  43.311256    6.07437    35.2739    35.2757    27.3315    1489.49    1488.16 0.0000e+00
       4163    179.000     9.0099     9.0098   3.749649   3.749805     2.5786      32.65     0.0539 5.1479e-02 1.9438e+00    173.419  43.311266    6.06938    35.2740    35.2757    27.3315    1489.51    1488.17 0.0000e+00
       4181    180.000     9.0097     9.0100   3.749698   3.749868     2.5782      31.79     0.0542 5.1445e-02 1.9438e+00    174.149  43.311275    6.07415    35.2742    35.2757    27.3318    1489.53    1488.18 0.0000e+00
       4197    181.000     9.0101     9.0103   3.749773   3.749944     2.5776      30.89     0.0485 5.1461e-02 1.9438e+00    174.840  43.311283    6.07079    35.2741    35.2757    27.3316    1489.54    1488.19 0.0000e+00
       4215    182.000     9.0106     9.0108   3.749871   3.750036     2.5763      29.87     0.0439 5.1454e-02 1.9438e+00    175.589  43.311292    6.06210    35.2742    35.2757    27.3316    1489.56    1488.19 0.0000e+00
       4240    183.000     9.0110     9.0112   3.749952   3.750131     2.5742      28.68     0.0480 5.1475e-02 1.9438e+00    176.619  43.311303    6.06468    35.2741    35.2758    27.3315    1489.58    1488.20 0.0000e+00
       4270    184.000     9.0114     9.0115   3.750033   3.750205     2.5750      27.57     0.0496 5.1449e-02 1.9438e+00    177.891  43.311318    6.07564    35.2741    35.2758    27.3314    1489.60    1488.21 0.0000e+00
       4293    185.000     9.0115     9.0115   3.750091   3.750257     2.5754      26.71     0.0591 5.1425e-02 1.9438e+00    178.815  43.311329    6.07475    35.2742    35.2759    27.3314    1489.61    1488.22 0.0000e+00
       4309    186.000     9.0115     9.0117   3.750137   3.750315     2.5757      25.88     0.0549 5.1445e-02 1.9438e+00    179.514  43.311337    6.07619    35.2742    35.2758    27.3314    1489.63    1488.22 0.0000e+00
       4325    187.000     9.0114     9.0115   3.750178   3.750330     2.5759      24.98     0.0511 5.1466e-02 1.9438e+00    180.164  43.311345    6.07535    35.2742    35.2757    27.3315    1489.65    1488.23 0.0000e+00
       4340    188.000     9.0118     9.0116   3.750263   3.750393     2.5755      24.05     0.0498 5.1476e-02 1.9438e+00    180.788  43.311352    6.07115    35.2742    35.2758    27.3315    1489.67    1488.24 0.0000e+00
       4355    189.000     9.0115     9.0116   3.750272   3.750430     2.5748      23.10     0.0506 5.1447e-02 1.9438e+00    181.406  43.311359    6.06725    35.2741    35.2757    27.3314    1489.68    1488.25 0.0000e+00
       4370    190.000     9.0128     9.0129   3.750465   3.750629     2.5737      22.12     0.0516 5.1438e-02 1.9438e+00    182.022  43.311366    6.06219    35.2744    35.2760    27.3314    1489.70    1488.25 0.0000e+00
       4393    191.000     9.0115     9.0117   3.750344   3.750532     2.5723      20.81     0.0516 5.1471e-02 1.9438e+00    183.020  43.311378    6.06650    35.2740    35.2757    27.3313    1489.71    1488.26 0.0000e+00
       4447    192.000     9.0101     9.0102   3.750213   3.750409     2.5738      19.33     0.0497 5.1440e-02 1.9438e+00    185.265  43.311404    6.07372    35.2735    35.2754    27.3312    1489.72    1488.27 0.0000e+00
       4477    193.000     9.0114     9.0115   3.750418   3.750587     2.5725      18.65     0.0498 5.1462e-02 1.9438e+00    186.485  43.311418    6.06967    35.2739    35.2756    27.3312    1489.75    1488.28 0.0000e+00
       4494    194.000     9.0136     9.0126   3.750722   3.750757     2.5729      17.89     0.0502 5.1463e-02 1.9438e+00    187.204  43.311426    6.07727    35.2744    35.2758    27.3313    1489.77    1488.28 0.0000e+00
       4512    195.000     9.0133     9.0133   3.750732   3.750877     2.5738      16.95     0.0498 5.1459e-02 1.9438e+00    187.970  43.311435    6.08001    35.2743    35.2759    27.3313    1489.79    1488.29 0.0000e+00
       4559    196.000     9.0129     9.0130   3.750718   3.750895     2.5740      15.57     0.0497 5.1477e-02 1.9438e+00    189.923  43.311457    6.07750    35.2741    35.2759    27.3312    1489.80    1488.30 0.0000e+00
       4635    197.000     9.0131     9.0130   3.750774   3.750936     2.5740      14.56     0.0528 5.1440e-02 -9.990e-29    193.086  43.311494    6.07898    35.2740    35.2758    27.3311    1489.82    1488.31 0.0000e+00
       4672    198.000     9.0128     9.0129   3.750795   3.750963     2.5733      13.64     0.0482 5.1455e-02 -9.990e-29    194.636  43.311512    6.07176    35.2741    35.2757    27.3312    1489.83    1488.32 0.0000e+00
       4700    199.000     9.0132     9.0132   3.750891   3.751043     2.5721      12.77     0.0501 5.1448e-02 1.9438e+00    195.780  43.311525    6.06973    35.2742    35.2758    27.3312    1489.85    1488.32 0.0000e+00
       4721    200.000     9.0139     9.0139   3.751016   3.751169     2.5717      11.91     0.0524 5.1475e-02 1.9438e+00    196.656  43.311535    6.07073    35.2743    35.2760    27.3312    1489.87    1488.33 0.0000e+00
       4738    201.000     9.0143     9.0144   3.751104   3.751262     2.5711      11.05     0.0541 5.1454e-02 1.9438e+00    197.361  43.311544    6.06793    35.2744    35.2760    27.3312    1489.89    1488.34 0.0000e+00
       4753    202.000     9.0146     9.0147   3.751180   3.751336     2.5704      10.16     0.0546 5.1486e-02 1.9438e+00    198.012  43.311551    6.06822    35.2744    35.2760    27.3312    1489.91    1488.35 0.0000e+00
       4769    203.000     9.0147     9.0149   3.751240   3.751410     2.5704       9.20     0.0539 5.1463e-02 1.9438e+00    198.649  43.311559    6.07094    35.2745    35.2761    27.3312    1489.92    1488.35 0.0000e+00
       4791    204.000     9.0146     9.0145   3.751267   3.751406     2.5699       7.95     0.0531 5.1457e-02 1.9438e+00    199.591  43.311569    6.06632    35.2744    35.2759    27.3311    1489.94    1488.36 0.0000e+00
