IBTS/IBTS_CruiseNotebook/Data/CTD/sta0034.cnv
* Sea-Bird SBE 9 Data File:
* FileName = C:\Seabird\CTDData\sta0034.hex
* Software Version Seasave V 7.21f
* Temperature SN = 2491
* Conductivity SN = 2694
* Number of Bytes Per Scan = 40
* Number of Voltage Words = 5
* Number of Scans Averaged by the Deck Unit = 1
* NMEA Latitude = 60 37.91 N
* NMEA Longitude = 001 34.38 E
* NMEA UTC (Time) = Feb 14 2020 09:59:12
* NMEA baud rate = 4800
** Ship: 10 F/F "G. O. Sars"
** Station: 0034
** Echodepth: 142
** Log: 8315.17
** Wind-Dir Force: 20 23
** Air-temp (dry): 5.7
** Weather Sky:
** Sea Ice:
# nquan = 20                                
# nvalues = 129                         
# units = specified
# name 0 = scan: Scan Count
# name 1 = prDM: Pressure, Digiquartz [db]
# name 2 = t068C: Temperature [ITS-68, deg C]
# name 3 = t168C: Temperature, 2 [ITS-68, deg C]
# name 4 = c0S/m: Conductivity [S/m]
# name 5 = c1S/m: Conductivity, 2 [S/m]
# name 6 = sbeox0V: Oxygen raw, SBE 43 [V]
# name 7 = altM: Altimeter [m]
# name 8 = flC: Fluorescence, Chelsea Aqua 3 Chl Con [ug/l]
# name 9 = par: PAR/Irradiance, Biospherical/Licor
# name 10 = spar: SPAR/Surface Irradiance
# name 11 = timeS: Time, Elapsed [seconds]
# name 12 = timeJ: Julian Days
# name 13 = sbeox0ML/L: Oxygen, SBE 43 [ml/l], WS = 2
# name 14 = sal00: Salinity, Practical [PSU]
# name 15 = sal11: Salinity, Practical, 2 [PSU]
# name 16 = sigma-t00: Density [sigma-t, Kg/m^3 ]
# name 17 = svCM: Sound Velocity [Chen-Millero, m/s]
# name 18 = avgsvCM: Average Sound Velocity [Chen-Millero, m/s], minP = 1, minS = 5
# name 19 = flag: flag
# span 0 =        261,       3540       
# span 1 =      5.000,    133.000       
# span 2 =     8.1110,     8.1378       
# span 3 =     8.1112,     8.1381       
# span 4 =   3.644666,   3.652953       
# span 5 =   3.644805,   3.653056       
# span 6 =     2.6127,     2.6557       
# span 7 =      10.00,     100.09       
# span 8 =     0.0630,     0.0850       
# span 9 = 5.1419e-02, 3.3218e+01       
# span 10 = 7.5518e+01, 1.1814e+02      
# span 11 =     10.849,    147.444      
# span 12 =  45.416260,  45.417841      
# span 13 =    6.26249,    6.31876      
# span 14 =    35.1404,    35.1411      
# span 15 =    35.1412,    35.1422      
# span 16 =    27.3637,    27.3681      
# span 17 =    1483.14,    1485.35      
# span 18 =    1483.14,    1484.23      
# span 19 = 0.0000e+00, 0.0000e+00      
# interval = decibars: 1                
# start_time = Feb 14 2020 09:59:14 [System UTC, header]
# bad_flag = -9.990e-29
*END*
[from data line 73]
       2243     78.000     8.1309     8.1309   3.649856   3.649930     2.6319      64.79     0.0679 1.1567e-01 1.0302e+02     93.412  45.417215    6.28296    35.1407    35.1415    27.3649    1484.42    1483.75 0.0000e+00
       2270     79.000     8.1333     8.1332   3.650138   3.650184     2.6312      63.82     0.0672 1.0644e-01 9.8630e+01     94.536  45.417228    6.28611    35.1408    35.1414    27.3646    1484.44    1483.76 0.0000e+00
       2296     80.000     8.1339     8.1339   3.650239   3.650293     2.6320      62.77     0.0694 9.9836e-02 1.0307e+02     95.617  45.417241    6.29310    35.1408    35.1414    27.3646    1484.46    1483.77 0.0000e+00
       2318     81.000     8.1332     8.1333   3.650209   3.650288     2.6322      61.83     0.0722 9.3963e-02 1.0302e+02     96.556  45.417252    6.28410    35.1407    35.1415    27.3646    1484.47    1483.78 0.0000e+00
       2338     82.000     8.1340     8.1339   3.650329   3.650395     2.6304      60.89     0.0717 9.1548e-02 1.0302e+02     97.363  45.417261    6.27497    35.1407    35.1415    27.3644    1484.49    1483.79 0.0000e+00
       2355     83.000     8.1347     8.1346   3.650442   3.650512     2.6292      59.94     0.0695 8.4110e-02 1.0237e+02     98.083  45.417269    6.27388    35.1407    35.1416    27.3644    1484.51    1483.80 0.0000e+00
       2371     84.000     8.1351     8.1350   3.650524   3.650587     2.6280      59.01     0.0691 7.7145e-02 1.0181e+02     98.744  45.417277    6.27456    35.1407    35.1415    27.3643    1484.53    1483.81 0.0000e+00
       2386     85.000     8.1353     8.1353   3.650592   3.650668     2.6278      58.06     0.0676 7.1473e-02 8.9594e+01     99.367  45.417284    6.27925    35.1408    35.1416    27.3643    1484.55    1483.81 0.0000e+00
       2400     86.000     8.1352     8.1353   3.650624   3.650718     2.6280      57.14     0.0667 6.8320e-02 9.1452e+01     99.968  45.417291    6.28308    35.1407    35.1416    27.3643    1484.56    1483.82 0.0000e+00
       2415     87.000     8.1350     8.1351   3.650661   3.650742     2.6281      56.20     0.0647 6.2403e-02 1.0041e+02    100.578  45.417298    6.28196    35.1408    35.1416    27.3644    1484.58    1483.83 0.0000e+00
       2430     88.000     8.1351     8.1352   3.650702   3.650798     2.6279      55.17     0.0630 5.8553e-02 1.0105e+02    101.215  45.417306    6.27758    35.1407    35.1416    27.3642    1484.60    1483.84 0.0000e+00
       2458     89.000     8.1350     8.1351   3.650738   3.650822     2.6268      53.81     0.0646 5.6195e-02 9.9864e+01    102.394  45.417319    6.28144    35.1407    35.1415    27.3643    1484.61    1483.85 0.0000e+00
       2509     90.000     8.1348     8.1348   3.650761   3.650834     2.6287      52.52     0.0660 5.2844e-02 9.6391e+01    104.483  45.417344    6.29109    35.1406    35.1414    27.3643    1484.63    1483.86 0.0000e+00
       2543     91.000     8.1350     8.1351   3.650828   3.650912     2.6295      51.71     0.0681 5.1421e-02 1.0027e+02    105.931  45.417360    6.29229    35.1406    35.1414    27.3643    1484.65    1483.87 0.0000e+00
       2566     92.000     8.1352     8.1355   3.650904   3.650994     2.6296      50.90     0.0672 5.1446e-02 1.0108e+02    106.878  45.417371    6.28771    35.1408    35.1414    27.3643    1484.66    1483.88 0.0000e+00
       2585     93.000     8.1354     8.1355   3.650968   3.651056     2.6285      50.14     0.0669 5.1469e-02 1.0108e+02    107.667  45.417380    6.27935    35.1408    35.1416    27.3643    1484.68    1483.88 0.0000e+00
       2602     94.000     8.1361     8.1360   3.651078   3.651148     2.6269      49.22     0.0643 5.1461e-02 1.0021e+02    108.370  45.417389    6.27516    35.1408    35.1416    27.3642    1484.70    1483.89 0.0000e+00
       2618     95.000     8.1368     8.1369   3.651194   3.651293     2.6262      48.18     0.0637 5.1438e-02 9.9621e+01    109.034  45.417396    6.27366    35.1408    35.1418    27.3641    1484.72    1483.90 0.0000e+00
       2633     96.000     8.1374     8.1373   3.651322   3.651376     2.6247      47.06     0.0655 5.1447e-02 8.9148e+01    109.663  45.417404    6.26865    35.1411    35.1418    27.3642    1484.74    1483.91 0.0000e+00
       2648     97.000     8.1377     8.1378   3.651374   3.651472     2.6236      46.06     0.0664 5.1495e-02 9.8970e+01    110.285  45.417411    6.26726    35.1409    35.1418    27.3640    1484.75    1483.92 0.0000e+00
       2662     98.000     8.1374     8.1375   3.651401   3.651492     2.6226      45.14     0.0670 5.1460e-02 9.9133e+01    110.891  45.417418    6.26462    35.1410    35.1418    27.3641    1484.77    1483.93 0.0000e+00
       2677     99.000     8.1374     8.1376   3.651437   3.651534     2.6211      44.18     0.0664 5.1476e-02 9.0305e+01    111.498  45.417425    6.26277    35.1409    35.1417    27.3641    1484.79    1483.94 0.0000e+00
       2691    100.000     8.1375     8.1373   3.651493   3.651554     2.6204      43.21     0.0674 5.1450e-02 9.6850e+01    112.094  45.417432    6.26557    35.1409    35.1417    27.3640    1484.80    1483.94 0.0000e+00
       2706    101.000     8.1365     8.1365   3.651447   3.651516     2.6205      42.23     0.0666 5.1459e-02 9.9148e+01    112.691  45.417439    6.26707    35.1409    35.1416    27.3642    1484.82    1483.95 0.0000e+00
       2724    102.000     8.1366     8.1365   3.651484   3.651556     2.6194      41.09     0.0667 5.1461e-02 9.9133e+01    113.452  45.417447    6.26508    35.1407    35.1416    27.3640    1484.83    1483.96 0.0000e+00
       2791    103.000     8.1366     8.1367   3.651520   3.651618     2.6217      39.62     0.0689 5.1443e-02 9.6245e+01    116.253  45.417480    6.27887    35.1406    35.1415    27.3640    1484.85    1483.97 0.0000e+00
       2824    104.000     8.1350     8.1353   3.651407   3.651532     2.6227      38.86     0.0724 5.1475e-02 9.1617e+01    117.643  45.417496    6.28438    35.1405    35.1415    27.3641    1484.86    1483.98 0.0000e+00
       2844    105.000     8.1343     8.1341   3.651381   3.651459     2.6234      38.06     0.0728 5.1443e-02 9.9129e+01    118.467  45.417505    6.28388    35.1404    35.1415    27.3642    1484.87    1483.99 0.0000e+00
       2861    106.000     8.1343     8.1339   3.651429   3.651498     2.6229      37.23     0.0690 5.1454e-02 9.9098e+01    119.158  45.417513    6.27918    35.1405    35.1416    27.3642    1484.89    1484.00 0.0000e+00
       2877    107.000     8.1341     8.1341   3.651462   3.651556     2.6223      36.29     0.0707 5.1463e-02 9.8038e+01    119.818  45.417521    6.28066    35.1405    35.1415    27.3643    1484.91    1484.00 0.0000e+00
       2892    108.000     8.1334     8.1337   3.651453   3.651553     2.6226      35.31     0.0700 5.1457e-02 8.7346e+01    120.469  45.417529    6.28234    35.1406    35.1414    27.3645    1484.92    1484.01 0.0000e+00
       2908    109.000     8.1343     8.1342   3.651593   3.651663     2.6222      34.32     0.0701 5.1445e-02 9.6927e+01    121.108  45.417536    6.27704    35.1408    35.1416    27.3644    1484.94    1484.02 0.0000e+00
       2923    110.000     8.1359     8.1361   3.651794   3.651876     2.6211      33.30     0.0688 5.1419e-02 9.3251e+01    121.735  45.417543    6.27238    35.1408    35.1415    27.3642    1484.96    1484.03 0.0000e+00
       2937    111.000     8.1368     8.1368   3.651913   3.651988     2.6204      32.30     0.0692 5.1439e-02 9.7167e+01    122.351  45.417550    6.27150    35.1407    35.1415    27.3640    1484.98    1484.04 0.0000e+00
       2952    112.000     8.1366     8.1369   3.651925   3.652048     2.6194      31.29     0.0726 5.1466e-02 9.7189e+01    122.961  45.417557    6.26984    35.1405    35.1416    27.3639    1485.00    1484.05 0.0000e+00
       2966    113.000     8.1352     8.1362   3.651855   3.652022     2.6186      30.29     0.0723 5.1490e-02 9.7189e+01    123.561  45.417564    6.27165    35.1407    35.1415    27.3643    1485.01    1484.06 0.0000e+00
       2981    114.000     8.1363     8.1371   3.652015   3.652167     2.6183      29.30     0.0713 5.1469e-02 9.7189e+01    124.160  45.417571    6.27656    35.1408    35.1417    27.3642    1485.03    1484.06 0.0000e+00
       2995    115.000     8.1352     8.1365   3.651947   3.652144     2.6191      28.31     0.0685 5.1459e-02 9.7189e+01    124.746  45.417578    6.28194    35.1407    35.1415    27.3643    1485.04    1484.07 0.0000e+00
       3009    116.000     8.1363     8.1372   3.652109   3.652264     2.6192      27.35     0.0705 5.1454e-02 9.7189e+01    125.339  45.417585    6.28085    35.1409    35.1416    27.3642    1485.06    1484.08 0.0000e+00
       3064    117.000     8.1368     8.1368   3.652176   3.652251     2.6203      25.83     0.0699 5.1464e-02 9.7189e+01    127.607  45.417611    6.28529    35.1406    35.1414    27.3639    1485.08    1484.09 0.0000e+00
       3129    118.000     8.1366     8.1368   3.652216   3.652296     2.6208      24.85     0.0745 5.1459e-02 9.3676e+01    130.315  45.417643    6.27956    35.1407    35.1414    27.3641    1485.10    1484.10 0.0000e+00
       3149    119.000     8.1368     8.1369   3.652277   3.652368     2.6193      24.10     0.0696 5.1442e-02 9.5089e+01    131.154  45.417652    6.27776    35.1407    35.1416    27.3640    1485.11    1484.11 0.0000e+00
       3166    120.000     8.1368     8.1370   3.652313   3.652414     2.6192      23.27     0.0682 5.1473e-02 9.7214e+01    131.863  45.417661    6.28171    35.1406    35.1415    27.3639    1485.13    1484.12 0.0000e+00
       3181    121.000     8.1365     8.1369   3.652337   3.652457     2.6192      22.39     0.0684 5.1428e-02 9.7098e+01    132.500  45.417668    6.27964    35.1407    35.1416    27.3640    1485.14    1484.12 0.0000e+00
       3196    122.000     8.1375     8.1376   3.652478   3.652567     2.6183      21.45     0.0664 5.1447e-02 9.6462e+01    133.127  45.417675    6.27265    35.1407    35.1415    27.3639    1485.17    1484.13 0.0000e+00
       3211    123.000     8.1366     8.1368   3.652428   3.652541     2.6171      20.44     0.0667 5.1496e-02 9.5401e+01    133.756  45.417682    6.26819    35.1406    35.1416    27.3639    1485.18    1484.14 0.0000e+00
       3226    124.000     8.1360     8.1359   3.652419   3.652495     2.6157      19.43     0.0682 5.1457e-02 7.5518e+01    134.376  45.417690    6.26905    35.1406    35.1415    27.3640    1485.19    1484.15 0.0000e+00
       3241    125.000     8.1359     8.1363   3.652466   3.652586     2.6156      18.41     0.0689 5.1466e-02 9.4419e+01    134.994  45.417697    6.27431    35.1407    35.1416    27.3642    1485.21    1484.16 0.0000e+00
       3255    126.000     8.1362     8.1365   3.652538   3.652652     2.6155      17.40     0.0700 5.1439e-02 9.5237e+01    135.596  45.417704    6.27426    35.1407    35.1416    27.3641    1485.23    1484.17 0.0000e+00
       3270    127.000     8.1372     8.1378   3.652675   3.652813     2.6151      16.41     0.0703 5.1460e-02 9.5245e+01    136.198  45.417711    6.27186    35.1407    35.1415    27.3639    1485.25    1484.17 0.0000e+00
       3284    128.000     8.1367     8.1368   3.652675   3.652766     2.6145      15.44     0.0703 5.1470e-02 9.5245e+01    136.781  45.417717    6.26978    35.1407    35.1416    27.3640    1485.26    1484.18 0.0000e+00
       3298    129.000     8.1369     8.1369   3.652741   3.652821     2.6141      14.46     0.0705 5.1459e-02 9.5245e+01    137.367  45.417724    6.26657    35.1407    35.1416    27.3640    1485.28    1484.19 0.0000e+00
       3312    130.000     8.1378     8.1381   3.652867   3.652971     2.6127      13.49     0.0717 5.1459e-02 9.5245e+01    137.947  45.417731    6.26249    35.1407    35.1415    27.3638    1485.30    1484.20 0.0000e+00
       3447    131.000     8.1373     8.1373   3.652847   3.652942     2.6135      12.07     0.0704 5.1463e-02 9.1117e+01    143.587  45.417796    6.27397    35.1405    35.1415    27.3638    1485.31    1484.21 0.0000e+00
       3510    132.000     8.1372     8.1374   3.652890   3.653005     2.6143      11.06     0.0688 5.1450e-02 9.5264e+01    146.221  45.417827    6.27761    35.1405    35.1416    27.3638    1485.33    1484.22 0.0000e+00
       3540    133.000     8.1375     8.1376   3.652953   3.653056     2.6137      10.00     0.0693 5.1451e-02 9.5245e+01    147.444  45.417841    6.27353    35.1404    35.1414    27.3637    1485.35    1484.23 0.0000e+00
