IBTS/IBTS_CruiseNotebook/Data/CTD/sta0017.cnv
* Sea-Bird SBE 9 Data File:
* FileName = C:\Seabird\CTDData\sta0017.hex
* Software Version Seasave V 7.21f
* Temperature SN = 2491
* Conductivity SN = 2694
* Number of Bytes Per Scan = 40
* Number of Voltage Words = 5
* Number of Scans Averaged by the Deck Unit = 1
* NMEA Latitude = 61 47.47 N
* NMEA Longitude = 001 10.84 E
* NMEA UTC (Time) = Feb 11 2020 20:22:29
* NMEA baud rate = 4800
** Ship: 10 F/F "G. O. Sars"
** Station: 0017
** Echodepth: 187
** Log: 7910.0
** Wind-Dir Force: 32 23
** Air-temp (dry): 5.0
** Weather Sky:
** Sea Ice:
# nquan = 20                                
# nvalues = 179                         
# units = specified
# name 0 = scan: Scan Count
# name 1 = prDM: Pressure, Digiquartz [db]
# name 2 = t068C: Temperature [ITS-68, deg C]
# name 3 = t168C: Temperature, 2 [ITS-68, deg C]
# name 4 = c0S/m: Conductivity [S/m]
# name 5 = c1S/m: Conductivity, 2 [S/m]
# name 6 = sbeox0V: Oxygen raw, SBE 43 [V]
# name 7 = altM: Altimeter [m]
# name 8 = flC: Fluorescence, Chelsea Aqua 3 Chl Con [ug/l]
# name 9 = par: PAR/Irradiance, Biospherical/Licor
# name 10 = spar: SPAR/Surface Irradiance
# name 11 = timeS: Time, Elapsed [seconds]
# name 12 = timeJ: Julian Days
# name 13 = sbeox0ML/L: Oxygen, SBE 43 [ml/l], WS = 2
# name 14 = sal00: Salinity, Practical [PSU]
# name 15 = sal11: Salinity, Practical, 2 [PSU]
# name 16 = sigma-t00: Density [sigma-t, Kg/m^3 ]
# name 17 = svCM: Sound Velocity [Chen-Millero, m/s]
# name 18 = avgsvCM: Average Sound Velocity [Chen-Millero, m/s], minP = 1, minS = 5
# name 19 = flag: flag
# span 0 =          6,       5516       
# span 1 =      3.000,    181.000       
# span 2 =     8.9245,     8.9471       
# span 3 =     8.9251,     8.9471       
# span 4 =   3.733882,   3.742629       
# span 5 =   3.734165,   3.742755       
# span 6 =     2.5663,     2.6407       
# span 7 =       1.16,      99.37       
# span 8 =     0.0354,     0.0551       
# span 9 = 5.1417e-02, 1.2186e+00       
# span 10 = -4.876e-02, 2.0277e+00      
# span 11 =      0.213,    229.811      
# span 12 =  42.848972,  42.851630      
# span 13 =    6.04253,    6.14623      
# span 14 =    35.2722,    35.2771      
# span 15 =    35.2731,    35.2788      
# span 16 =    27.3428,    27.3472      
# span 17 =    1486.31,    1489.27      
# span 18 =    1486.31,    1487.80      
# span 19 = 0.0000e+00, 0.0000e+00      
# interval = decibars: 1                
# start_time = Feb 11 2020 20:22:31 [System UTC, header]
# bad_flag = -9.990e-29
*END*
          6      3.000     8.9277     8.9273   3.734048   3.734165     2.6314       9.85     0.0444 7.6807e-01 1.9438e+00      0.213  42.848972    6.08537    35.2760    35.2776    27.3464    1486.31    1486.31 0.0000e+00
         55      4.000     8.9254     8.9258   3.733882   3.734170     2.6338       6.66     0.0448 1.2186e+00 1.9438e+00      2.264  42.848996    6.12098    35.2760    35.2787    27.3468    1486.32    1486.32 0.0000e+00
        284      5.000     8.9260     8.9261   3.734005   3.734244     2.6348       1.51     0.0443 9.3888e-01 1.9436e+00     11.793  42.849106    6.12098    35.2763    35.2787    27.3469    1486.34    1486.32 0.0000e+00
        754      6.000     8.9258     8.9260   3.734070   3.734280     2.6351       1.16     0.0444 7.9983e-01 1.5360e+00     31.383  42.849333    6.12511    35.2767    35.2787    27.3472    1486.36    1486.33 0.0000e+00
        751      7.000     8.9270     8.9282   3.734224   3.734531     2.6363       1.26     0.0419 4.8484e-01 1.9510e+00     31.243  42.849332    6.12499    35.2766    35.2786    27.3470    1486.38    1486.33 0.0000e+00
        766      8.000     8.9275     8.9276   3.734330   3.734525     2.6360       1.22     0.0402 3.8744e-01 1.9438e+00     31.879  42.849339    6.12191    35.2767    35.2787    27.3470    1486.40    1486.34 0.0000e+00
        781      9.000     8.9266     8.9268   3.734299   3.734507     2.6360       1.20     0.0423 3.0938e-01 9.1549e-01     32.495  42.849346    6.12898    35.2768    35.2788    27.3472    1486.41    1486.35 0.0000e+00
        797     10.000     8.9274     8.9276   3.734426   3.734613     2.6374      63.39     0.0425 2.3755e-01 8.2737e-01     33.149  42.849354    6.13572    35.2769    35.2787    27.3471    1486.43    1486.36 0.0000e+00
        956     11.000     8.9283     8.9281   3.734557   3.734710     2.6406      99.25     0.0404 1.7443e-01 -9.990e-29     39.797  42.849431    6.12984    35.2769    35.2787    27.3470    1486.45    1486.37 0.0000e+00
       1071     12.000     8.9286     8.9290   3.734636   3.734837     2.6386      98.86     0.0414 1.6737e-01 -9.990e-29     44.570  42.849486    6.12124    35.2769    35.2787    27.3470    1486.47    1486.37 0.0000e+00
       1255     13.000     8.9290     8.9293   3.734734   3.734920     2.6407      98.87     0.0443 1.4414e-01 -9.990e-29     52.266  42.849575    6.13104    35.2771    35.2787    27.3470    1486.48    1486.38 0.0000e+00
       1272     14.000     8.9304     8.9304   3.734907   3.735049     2.6387      98.87     0.0467 8.2833e-02 -9.990e-29     52.948  42.849583    6.12737    35.2770    35.2785    27.3468    1486.51    1486.39 0.0000e+00
       1288     15.000     8.9310     8.9313   3.735002   3.735200     2.6385      98.87     0.0461 5.6650e-02 -9.990e-29     53.612  42.849590    6.13219    35.2770    35.2787    27.3466    1486.52    1486.40 0.0000e+00
       1303     16.000     8.9302     8.9308   3.734981   3.735200     2.6385      98.87     0.0446 7.9809e-02 1.8803e+00     54.262  42.849598    6.12916    35.2770    35.2788    27.3468    1486.54    1486.41 0.0000e+00
       1319     17.000     8.9320     8.9324   3.735189   3.735380     2.6369      98.87     0.0438 5.9475e-02 1.9421e+00     54.900  42.849605    6.12191    35.2770    35.2786    27.3465    1486.56    1486.42 0.0000e+00
       1334     18.000     8.9333     8.9333   3.735343   3.735523     2.6358      98.86     0.0420 5.4444e-02 1.9438e+00     55.524  42.849613    6.12317    35.2768    35.2787    27.3461    1486.58    1486.43 0.0000e+00
       1348     19.000     8.9335     8.9337   3.735405   3.735597     2.6355      98.86     0.0426 5.6240e-02 1.9438e+00     56.135  42.849620    6.12932    35.2768    35.2786    27.3461    1486.60    1486.44 0.0000e+00
       1363     20.000     8.9342     8.9342   3.735534   3.735677     2.6362      98.86     0.0457 5.2217e-02 1.2421e+00     56.736  42.849627    6.13382    35.2770    35.2785    27.3461    1486.62    1486.45 0.0000e+00
       1377     21.000     8.9351     8.9357   3.735643   3.735860     2.6361      98.86     0.0473 5.1794e-02 3.9886e-01     57.326  42.849633    6.13425    35.2767    35.2784    27.3458    1486.64    1486.45 0.0000e+00
       1398     22.000     8.9333     8.9339   3.735527   3.735733     2.6369      98.86     0.0471 5.1671e-02 7.4101e-03     58.192  42.849643    6.13891    35.2768    35.2784    27.3461    1486.65    1486.46 0.0000e+00
       1425     23.000     8.9325     8.9327   3.735499   3.735663     2.6372      98.86     0.0448 5.1478e-02 -3.532e-08     59.320  42.849656    6.13180    35.2768    35.2784    27.3463    1486.66    1486.47 0.0000e+00
       1450     24.000     8.9331     8.9335   3.735593   3.735778     2.6353      98.87     0.0417 5.1476e-02 1.0114e-09     60.368  42.849669    6.12873    35.2767    35.2783    27.3461    1486.68    1486.48 0.0000e+00
       1477     25.000     8.9338     8.9340   3.735719   3.735880     2.6360      98.86     0.0407 5.1479e-02 1.2644e+00     61.495  42.849682    6.13704    35.2769    35.2784    27.3461    1486.70    1486.49 0.0000e+00
       1519     26.000     8.9342     8.9343   3.735796   3.735959     2.6368      98.87     0.0424 5.1459e-02 1.9568e+00     63.243  42.849702    6.14131    35.2768    35.2784    27.3460    1486.72    1486.50 0.0000e+00
       1560     27.000     8.9350     8.9351   3.735888   3.736056     2.6374      98.87     0.0424 5.1468e-02 -9.990e-29     64.943  42.849722    6.13863    35.2765    35.2782    27.3456    1486.74    1486.51 0.0000e+00
       1587     28.000     8.9360     8.9360   3.735986   3.736149     2.6373      98.87     0.0426 5.1466e-02 -9.990e-29     66.065  42.849735    6.14050    35.2761    35.2778    27.3451    1486.76    1486.52 0.0000e+00
       1611     29.000     8.9369     8.9371   3.736096   3.736258     2.6368      98.86     0.0429 5.1474e-02 1.5388e+00     67.095  42.849746    6.13137    35.2758    35.2774    27.3448    1486.78    1486.52 0.0000e+00
       1639     30.000     8.9373     8.9374   3.736170   3.736340     2.6339      98.87     0.0438 5.1481e-02 1.6189e+00     68.257  42.849760    6.12473    35.2757    35.2774    27.3447    1486.79    1486.53 0.0000e+00
       1669     31.000     8.9377     8.9376   3.736263   3.736382     2.6338      98.86     0.0455 5.1459e-02 1.9253e+00     69.506  42.849774    6.13596    35.2758    35.2772    27.3447    1486.81    1486.54 0.0000e+00
       1694     32.000     8.9364     8.9368   3.736173   3.736345     2.6346      98.86     0.0444 5.1452e-02 -2.581e-02     70.532  42.849786    6.13623    35.2757    35.2771    27.3448    1486.82    1486.55 0.0000e+00
       1713     33.000     8.9364     8.9363   3.736229   3.736377     2.6340      98.86     0.0451 5.1458e-02 -8.186e-04     71.332  42.849796    6.13105    35.2758    35.2775    27.3449    1486.84    1486.56 0.0000e+00
       1730     34.000     8.9365     8.9367   3.736288   3.736446     2.6336      98.87     0.0442 5.1445e-02 3.2397e-16     72.028  42.849804    6.12751    35.2759    35.2773    27.3449    1486.86    1486.57 0.0000e+00
       1745     35.000     8.9361     8.9361   3.736303   3.736462     2.6321      98.86     0.0414 5.1445e-02 2.5568e-04     72.685  42.849811    6.11994    35.2759    35.2776    27.3450    1486.87    1486.58 0.0000e+00
       1761     36.000     8.9368     8.9368   3.736388   3.736556     2.6305      98.86     0.0418 5.1475e-02 1.5126e+00     73.316  42.849819    6.11815    35.2756    35.2774    27.3447    1486.89    1486.59 0.0000e+00
       1775     37.000     8.9370     8.9373   3.736451   3.736655     2.6298      98.86     0.0416 5.1480e-02 9.7873e-01     73.932  42.849826    6.12159    35.2756    35.2775    27.3446    1486.91    1486.59 0.0000e+00
       1790     38.000     8.9365     8.9369   3.736462   3.736655     2.6296      98.86     0.0417 5.1466e-02 1.6872e+00     74.545  42.849833    6.12350    35.2758    35.2774    27.3448    1486.92    1486.60 0.0000e+00
       1805     39.000     8.9382     8.9385   3.736663   3.736835     2.6291      98.87     0.0429 5.1449e-02 1.6645e+00     75.147  42.849840    6.12508    35.2757    35.2772    27.3445    1486.94    1486.61 0.0000e+00
       1819     40.000     8.9381     8.9380   3.736696   3.736845     2.6295      98.86     0.0440 5.1457e-02 2.4787e-01     75.756  42.849847    6.13053    35.2757    35.2773    27.3445    1486.96    1486.62 0.0000e+00
       1834     41.000     8.9374     8.9375   3.736694   3.736857     2.6300      98.86     0.0441 5.1449e-02 1.9563e+00     76.360  42.849854    6.13375    35.2759    35.2775    27.3447    1486.97    1486.63 0.0000e+00
       1917     42.000     8.9373     8.9372   3.736694   3.736843     2.6339      98.86     0.0451 5.1466e-02 1.6229e+00     79.851  42.849894    6.14270    35.2755    35.2771    27.3445    1486.99    1486.64 0.0000e+00
       1963     43.000     8.9368     8.9375   3.736682   3.736906     2.6350      98.86     0.0459 5.1432e-02 1.6375e+00     81.734  42.849916    6.14329    35.2754    35.2770    27.3444    1487.00    1486.65 0.0000e+00
       1979     44.000     8.9381     8.9385   3.736890   3.737077     2.6344      98.87     0.0429 5.1488e-02 1.3655e+00     82.436  42.849924    6.13956    35.2758    35.2774    27.3446    1487.03    1486.66 0.0000e+00
       1996     45.000     8.9394     8.9395   3.737064   3.737242     2.6335      98.86     0.0373 5.1454e-02 1.9500e+00     83.112  42.849932    6.13439    35.2758    35.2776    27.3444    1487.05    1486.66 0.0000e+00
       2011     46.000     8.9395     8.9397   3.737131   3.737291     2.6322      98.87     0.0354 5.1486e-02 6.3183e-01     83.762  42.849939    6.13021    35.2760    35.2774    27.3445    1487.06    1486.67 0.0000e+00
       2026     47.000     8.9396     8.9397   3.737202   3.737361     2.6314      98.86     0.0361 5.1476e-02 6.8668e-01     84.385  42.849947    6.12939    35.2761    35.2777    27.3446    1487.08    1486.68 0.0000e+00
       2041     48.000     8.9393     8.9392   3.737209   3.737364     2.6301      98.87     0.0385 5.1457e-02 1.8994e+00     85.001  42.849954    6.12729    35.2760    35.2778    27.3446    1487.10    1486.69 0.0000e+00
       2056     49.000     8.9379     8.9381   3.737059   3.737255     2.6292      98.86     0.0438 5.1457e-02 1.9427e+00     85.611  42.849961    6.12908    35.2754    35.2772    27.3443    1487.11    1486.70 0.0000e+00
       2070     50.000     8.9379     8.9380   3.737109   3.737269     2.6289      98.86     0.0443 5.1480e-02 1.9438e+00     86.224  42.849968    6.13445    35.2754    35.2770    27.3443    1487.12    1486.71 0.0000e+00
       2085     51.000     8.9381     8.9382   3.737174   3.737332     2.6295      98.86     0.0415 5.1476e-02 1.9438e+00     86.830  42.849975    6.14062    35.2754    35.2770    27.3443    1487.14    1486.72 0.0000e+00
       2100     52.000     8.9383     8.9385   3.737241   3.737420     2.6303      98.87     0.0417 5.1459e-02 1.1933e+00     87.440  42.849982    6.14180    35.2754    35.2771    27.3442    1487.16    1486.72 0.0000e+00
       2114     53.000     8.9387     8.9389   3.737336   3.737496     2.6302      98.86     0.0419 5.1418e-02 -9.509e-03     88.046  42.849989    6.13916    35.2755    35.2770    27.3443    1487.18    1486.73 0.0000e+00
       2129     54.000     8.9399     8.9400   3.737504   3.737666     2.6301      98.87     0.0445 5.1491e-02 -2.296e-07     88.653  42.849996    6.13813    35.2756    35.2772    27.3442    1487.20    1486.74 0.0000e+00
       2171     55.000     8.9395     8.9399   3.737517   3.737705     2.6292      98.86     0.0467 5.1494e-02 1.4538e-01     90.419  42.850016    6.13549    35.2757    35.2773    27.3443    1487.21    1486.75 0.0000e+00
       2219     56.000     8.9400     8.9403   3.737605   3.737777     2.6286      98.62     0.0475 5.1453e-02 1.1586e+00     92.433  42.850040    6.14055    35.2756    35.2772    27.3441    1487.23    1486.76 0.0000e+00
       2241     57.000     8.9408     8.9410   3.737750   3.737905     2.6301      98.40     0.0471 5.1472e-02 1.2312e+00     93.318  42.850050    6.14523    35.2759    35.2773    27.3442    1487.25    1486.77 0.0000e+00
       2258     58.000     8.9413     8.9413   3.737840   3.737991     2.6299      98.47     0.0450 5.1495e-02 1.9500e+00     94.048  42.850058    6.13619    35.2759    35.2774    27.3441    1487.27    1486.78 0.0000e+00
       2274     59.000     8.9413     8.9413   3.737876   3.738036     2.6285      98.52     0.0452 5.1445e-02 1.3829e+00     94.725  42.850066    6.12751    35.2758    35.2774    27.3440    1487.28    1486.78 0.0000e+00
       2291     60.000     8.9409     8.9411   3.737900   3.738059     2.6267      97.92     0.0454 5.1469e-02 1.8902e+00     95.408  42.850074    6.12336    35.2759    35.2774    27.3442    1487.30    1486.79 0.0000e+00
       2308     61.000     8.9410     8.9411   3.737952   3.738112     2.6254      98.85     0.0461 5.1452e-02 1.4788e+00     96.112  42.850082    6.12622    35.2759    35.2775    27.3442    1487.32    1486.80 0.0000e+00
       2324     62.000     8.9409     8.9413   3.737988   3.738173     2.6252      98.86     0.0463 5.1466e-02 -9.990e-29     96.788  42.850090    6.12902    35.2759    35.2774    27.3442    1487.33    1486.81 0.0000e+00
       2339     63.000     8.9410     8.9413   3.738039   3.738234     2.6249      98.86     0.0455 5.1447e-02 -9.990e-29     97.425  42.850097    6.12538    35.2758    35.2776    27.3441    1487.35    1486.82 0.0000e+00
       2354     64.000     8.9414     8.9414   3.738124   3.738270     2.6237      95.56     0.0474 5.1457e-02 -9.990e-29     98.037  42.850105    6.11907    35.2759    35.2774    27.3441    1487.37    1486.83 0.0000e+00
       2368     65.000     8.9417     8.9420   3.738205   3.738381     2.6225      95.30     0.0466 5.1429e-02 -9.990e-29     98.642  42.850112    6.11354    35.2759    35.2775    27.3441    1487.39    1486.84 0.0000e+00
       2383     66.000     8.9418     8.9420   3.738251   3.738423     2.6207      98.85     0.0472 5.1466e-02 -9.990e-29     99.247  42.850119    6.10908    35.2758    35.2775    27.3440    1487.40    1486.84 0.0000e+00
       2401     67.000     8.9419     8.9420   3.738320   3.738472     2.6194      98.51     0.0460 5.1446e-02 1.5407e+00    100.005  42.850127    6.11696    35.2760    35.2775    27.3441    1487.42    1486.85 0.0000e+00
       2452     68.000     8.9420     8.9422   3.738371   3.738524     2.6238      98.43     0.0464 5.1473e-02 1.9306e+00    102.109  42.850152    6.14623    35.2759    35.2774    27.3441    1487.44    1486.86 0.0000e+00
       2477     69.000     8.9421     8.9423   3.738433   3.738607     2.6260      98.88     0.0480 5.1447e-02 1.0541e+00    103.170  42.850164    6.14581    35.2760    35.2776    27.3441    1487.45    1486.87 0.0000e+00
       2495     70.000     8.9424     8.9426   3.738525   3.738683     2.6265      98.86     0.0505 5.1445e-02 1.2149e+00    103.903  42.850173    6.14233    35.2762    35.2777    27.3442    1487.47    1486.88 0.0000e+00
       2512     71.000     8.9423     8.9425   3.738535   3.738699     2.6262      98.03     0.0492 5.1439e-02 1.6933e-01    104.618  42.850181    6.13615    35.2759    35.2775    27.3440    1487.49    1486.89 0.0000e+00
       2553     72.000     8.9422     8.9424   3.738571   3.738727     2.6250      94.96     0.0512 5.1459e-02 1.2742e+00    106.332  42.850201    6.13810    35.2759    35.2774    27.3440    1487.50    1486.90 0.0000e+00
       2593     73.000     8.9425     8.9427   3.738647   3.738812     2.6247      96.44     0.0508 5.1477e-02 1.1636e+00    108.010  42.850220    6.13452    35.2759    35.2775    27.3440    1487.52    1486.90 0.0000e+00
       2613     74.000     8.9428     8.9429   3.738728   3.738889     2.6242      97.40     0.0480 5.1450e-02 1.9405e+00    108.850  42.850230    6.13539    35.2760    35.2776    27.3440    1487.54    1486.91 0.0000e+00
