IBTS/IBTS_CruiseNotebook/Data/CTD/sta0005.cnv
* Sea-Bird SBE 9 Data File:
* FileName = C:\Seabird\CTDData\sta0005.hex
* Software Version Seasave V 7.21f
* Temperature SN = 2491
* Conductivity SN = 2694
* Number of Bytes Per Scan = 40
* Number of Voltage Words = 5
* Number of Scans Averaged by the Deck Unit = 1
* NMEA Latitude = 61 01.47 N
* NMEA Longitude = 002 42.85 E
* NMEA UTC (Time) = Feb 10 2020 09:41:34
* NMEA baud rate = 4800
** Ship: 10 F/F "G. O. Sars"
** Station: 0005
** Echodepth: 231
** Log: 7700.13
** Wind-Dir Force: 28 26
** Air-temp (dry): 3.5
** Weather Sky:
** Sea Ice:
# nquan = 20                                
# nvalues = 222                         
# units = specified
# name 0 = scan: Scan Count
# name 1 = prDM: Pressure, Digiquartz [db]
# name 2 = t068C: Temperature [ITS-68, deg C]
# name 3 = t168C: Temperature, 2 [ITS-68, deg C]
# name 4 = c0S/m: Conductivity [S/m]
# name 5 = c1S/m: Conductivity, 2 [S/m]
# name 6 = sbeox0V: Oxygen raw, SBE 43 [V]
# name 7 = altM: Altimeter [m]
# name 8 = flC: Fluorescence, Chelsea Aqua 3 Chl Con [ug/l]
# name 9 = par: PAR/Irradiance, Biospherical/Licor
# name 10 = spar: SPAR/Surface Irradiance
# name 11 = timeS: Time, Elapsed [seconds]
# name 12 = timeJ: Julian Days
# name 13 = sbeox0ML/L: Oxygen, SBE 43 [ml/l], WS = 2
# name 14 = sal00: Salinity, Practical [PSU]
# name 15 = sal11: Salinity, Practical, 2 [PSU]
# name 16 = sigma-t00: Density [sigma-t, Kg/m^3 ]
# name 17 = svCM: Sound Velocity [Chen-Millero, m/s]
# name 18 = avgsvCM: Average Sound Velocity [Chen-Millero, m/s], minP = 1, minS = 5
# name 19 = flag: flag
# span 0 =        -42,       6038       
# span 1 =      4.000,    225.000       
# span 2 =     8.8797,     8.9033       
# span 3 =     8.8791,     8.9033       
# span 4 =   3.729482,   3.741567       
# span 5 =   3.729663,   3.741675       
# span 6 =     2.5974,     2.6677       
# span 7 =      -0.77,     102.37       
# span 8 =     0.0358,     0.0542       
# span 9 = 5.1418e-02, 3.9532e+01       
# span 10 = -1.653e+00, 1.2786e+02      
# span 11 =     -1.804,    251.544      
# span 12 =  41.403868,  41.406800      
# span 13 =    6.17177,    6.23182      
# span 14 =    35.2731,    35.2750      
# span 15 =    35.2753,    35.2778      
# span 16 =    27.3489,    27.3531      
# span 17 =    1486.16,    1489.87      
# span 18 =    1486.16,    1488.00      
# span 19 = 0.0000e+00, 0.0000e+00      
# interval = decibars: 1                
# start_time = Feb 10 2020 09:41:36 [System UTC, header]
# bad_flag = -9.990e-29
*END*
[from data line 73]
       2073     77.000     8.8909     8.8910   3.733842   3.734042     2.6448      98.40     0.0442 9.0769e-01 -1.894e-02     86.336  41.404888    6.20545    35.2747    35.2768    27.3513    1487.39    1486.75 0.0000e+00
       2089     78.000     8.8907     8.8907   3.733879   3.734052     2.6450      98.88     0.0445 8.6696e-01 -1.379e-10     87.018  41.404896    6.21225    35.2749    35.2767    27.3514    1487.41    1486.76 0.0000e+00
       2104     79.000     8.8903     8.8904   3.733876   3.734067     2.6458      98.86     0.0438 8.2103e-01 1.8174e-18     87.636  41.404903    6.21601    35.2747    35.2767    27.3514    1487.42    1486.77 0.0000e+00
       2119     80.000     8.8905     8.8905   3.733950   3.734128     2.6462      98.86     0.0436 7.7253e-01 5.0822e-08     88.242  41.404910    6.21247    35.2748    35.2767    27.3515    1487.44    1486.78 0.0000e+00
       2133     81.000     8.8907     8.8908   3.734009   3.734208     2.6453      90.03     0.0415 7.3220e-01 5.3028e+00     88.843  41.404917    6.21004    35.2748    35.2768    27.3514    1487.46    1486.79 0.0000e+00
       2148     82.000     8.8911     8.8911   3.734084   3.734286     2.6456      93.58     0.0423 6.8923e-01 7.1874e+01     89.457  41.404924    6.21024    35.2747    35.2768    27.3513    1487.48    1486.80 0.0000e+00
       2176     83.000     8.8914     8.8913   3.734151   3.734344     2.6444      97.16     0.0419 6.5123e-01 7.6300e+01     90.628  41.404938    6.20861    35.2746    35.2768    27.3511    1487.49    1486.80 0.0000e+00
       2223     84.000     8.8915     8.8914   3.734199   3.734399     2.6443      94.38     0.0472 6.2749e-01 1.8567e+01     92.588  41.404961    6.21629    35.2745    35.2767    27.3511    1487.51    1486.81 0.0000e+00
       2244     85.000     8.8916     8.8916   3.734271   3.734470     2.6448      98.97     0.0457 6.0596e-01 3.6595e-01     93.441  41.404970    6.21017    35.2747    35.2768    27.3512    1487.53    1486.82 0.0000e+00
       2261     86.000     8.8915     8.8915   3.734309   3.734501     2.6437      98.86     0.0435 5.8491e-01 7.6731e-01     94.152  41.404979    6.20231    35.2747    35.2768    27.3512    1487.54    1486.83 0.0000e+00
       2276     87.000     8.8916     8.8916   3.734358   3.734553     2.6424      92.49     0.0428 5.6335e-01 3.6151e+01     94.806  41.404986    6.20270    35.2747    35.2767    27.3512    1487.56    1486.84 0.0000e+00
       2292     88.000     8.8919     8.8919   3.734436   3.734635     2.6423      94.55     0.0445 5.3790e-01 1.0470e+00     95.440  41.404994    6.20658    35.2747    35.2768    27.3511    1487.58    1486.85 0.0000e+00
       2307     89.000     8.8919     8.8917   3.734477   3.734661     2.6420      98.69     0.0456 5.1224e-01 4.0888e-03     96.097  41.405001    6.20786    35.2747    35.2768    27.3511    1487.60    1486.85 0.0000e+00
       2328     90.000     8.8918     8.8917   3.734514   3.734703     2.6421      98.86     0.0456 4.9554e-01 3.3675e+01     96.941  41.405011    6.21043    35.2747    35.2768    27.3511    1487.61    1486.86 0.0000e+00
       2351     91.000     8.8915     8.8916   3.734520   3.734734     2.6419      85.21     0.0448 4.7450e-01 1.7099e-01     97.933  41.405022    6.21235    35.2746    35.2767    27.3511    1487.63    1486.87 0.0000e+00
       2374     92.000     8.8920     8.8921   3.734641   3.734839     2.6437      99.18     0.0462 4.5589e-01 -1.205e-05     98.892  41.405033    6.22172    35.2749    35.2768    27.3512    1487.64    1486.88 0.0000e+00
       2393     93.000     8.8925     8.8923   3.734721   3.734902     2.6436      98.86     0.0450 4.3790e-01 -1.050e-23     99.674  41.405043    6.21539    35.2747    35.2768    27.3511    1487.66    1486.89 0.0000e+00
       2409     94.000     8.8924     8.8924   3.734755   3.734948     2.6436      98.86     0.0448 4.1706e-01 -3.810e-39    100.341  41.405050    6.21123    35.2747    35.2767    27.3511    1487.68    1486.90 0.0000e+00
       2424     95.000     8.8924     8.8923   3.734799   3.734997     2.6417      84.72     0.0436 4.0090e-01 3.6803e-30    100.965  41.405057    6.20935    35.2747    35.2769    27.3510    1487.70    1486.91 0.0000e+00
       2439     96.000     8.8925     8.8925   3.734863   3.735053     2.6429      95.78     0.0415 3.8502e-01 5.2286e-19    101.581  41.405065    6.21530    35.2748    35.2768    27.3511    1487.71    1486.91 0.0000e+00
       2454     97.000     8.8925     8.8926   3.734909   3.735094     2.6421      98.89     0.0428 3.6739e-01 1.4780e-08    102.194  41.405072    6.20716    35.2748    35.2766    27.3511    1487.73    1486.92 0.0000e+00
       2468     98.000     8.8925     8.8926   3.734960   3.735146     2.6404      98.86     0.0453 3.4982e-01 1.5274e+00    102.804  41.405079    6.20012    35.2748    35.2767    27.3511    1487.75    1486.93 0.0000e+00
       2483     99.000     8.8926     8.8927   3.735002   3.735208     2.6398      98.86     0.0443 3.3495e-01 7.4476e+00    103.407  41.405086    6.20051    35.2747    35.2768    27.3510    1487.76    1486.94 0.0000e+00
       2510    100.000     8.8927     8.8928   3.735060   3.735262     2.6395      91.12     0.0421 3.1979e-01 6.4341e+01    104.530  41.405099    6.21459    35.2747    35.2768    27.3510    1487.78    1486.95 0.0000e+00
       2561    101.000     8.8930     8.8928   3.735102   3.735310     2.6414      89.27     0.0417 3.1086e-01 1.8042e+00    106.656  41.405123    6.21576    35.2744    35.2768    27.3507    1487.80    1486.96 0.0000e+00
       2595    102.000     8.8932     8.8931   3.735165   3.735386     2.6424      99.35     0.0461 3.0163e-01 -2.439e-01    108.090  41.405140    6.22443    35.2744    35.2768    27.3507    1487.81    1486.96 0.0000e+00
       2616    103.000     8.8938     8.8938   3.735292   3.735511     2.6422      98.86     0.0447 2.8808e-01 2.9904e-01    108.956  41.405150    6.21507    35.2746    35.2769    27.3508    1487.83    1486.97 0.0000e+00
       2632    104.000     8.8940     8.8940   3.735363   3.735567     2.6412      89.04     0.0432 2.7747e-01 3.9025e+01    109.642  41.405158    6.20553    35.2747    35.2769    27.3508    1487.85    1486.98 0.0000e+00
       2648    105.000     8.8941     8.8941   3.735419   3.735611     2.6389      80.57     0.0430 2.6179e-01 7.0895e+01    110.283  41.405165    6.19703    35.2747    35.2767    27.3508    1487.87    1486.99 0.0000e+00
       2663    106.000     8.8940     8.8941   3.735453   3.735666     2.6376      98.70     0.0443 2.5022e-01 1.0441e+02    110.911  41.405173    6.19381    35.2747    35.2768    27.3508    1487.88    1487.00 0.0000e+00
       2678    107.000     8.8940     8.8940   3.735504   3.735708     2.6351      98.86     0.0402 2.4008e-01 1.0270e+02    111.528  41.405180    6.18703    35.2748    35.2769    27.3508    1487.90    1487.01 0.0000e+00
       2692    108.000     8.8941     8.8942   3.735560   3.735766     2.6338      98.87     0.0407 2.2713e-01 1.0928e+02    112.136  41.405187    6.18671    35.2748    35.2768    27.3508    1487.92    1487.01 0.0000e+00
       2707    109.000     8.8943     8.8944   3.735629   3.735837     2.6323      82.22     0.0442 2.1711e-01 1.0998e+02    112.741  41.405194    6.18791    35.2748    35.2769    27.3508    1487.93    1487.02 0.0000e+00
       2721    110.000     8.8946     8.8947   3.735703   3.735908     2.6315      79.02     0.0455 2.0915e-01 9.6927e+01    113.340  41.405201    6.19406    35.2748    35.2769    27.3508    1487.95    1487.03 0.0000e+00
       2737    111.000     8.8947     8.8948   3.735748   3.735949     2.6325      97.38     0.0426 2.0099e-01 3.5926e+01    113.989  41.405208    6.20165    35.2747    35.2767    27.3507    1487.97    1487.04 0.0000e+00
       2761    112.000     8.8947     8.8947   3.735790   3.735994     2.6330      98.86     0.0399 1.9400e-01 -1.653e+00    114.985  41.405220    6.20217    35.2747    35.2768    27.3507    1487.98    1487.05 0.0000e+00
       2781    113.000     8.8950     8.8951   3.735869   3.736077     2.6330      76.64     0.0408 1.8585e-01 -1.842e-09    115.836  41.405230    6.20681    35.2747    35.2768    27.3507    1488.00    1487.06 0.0000e+00
       2798    114.000     8.8951     8.8951   3.735930   3.736127     2.6348      88.84     0.0428 1.8062e-01 -8.717e-28    116.547  41.405238    6.22221    35.2748    35.2769    27.3507    1488.02    1487.07 0.0000e+00
       2817    115.000     8.8951     8.8951   3.735964   3.736166     2.6371      98.22     0.0451 1.7131e-01 4.9273e-13    117.342  41.405247    6.22261    35.2747    35.2768    27.3506    1488.03    1487.07 0.0000e+00
       2860    116.000     8.8952     8.8952   3.735982   3.736210     2.6362      92.47     0.0447 1.6594e-01 6.5950e+01    119.121  41.405268    6.21140    35.2743    35.2767    27.3503    1488.05    1487.08 0.0000e+00
       2896    117.000     8.8954     8.8954   3.736067   3.736287     2.6373      99.12     0.0479 1.6007e-01 1.1143e+02    120.607  41.405285    6.22164    35.2745    35.2768    27.3504    1488.07    1487.09 0.0000e+00
       2913    118.000     8.8957     8.8956   3.736149   3.736360     2.6377      98.85     0.0430 1.5274e-01 1.0656e+02    121.331  41.405293    6.21124    35.2746    35.2769    27.3504    1488.09    1487.10 0.0000e+00
       2929    119.000     8.8958     8.8958   3.736211   3.736412     2.6352      69.35     0.0396 1.4516e-01 1.1127e+02    121.993  41.405301    6.19828    35.2747    35.2768    27.3505    1488.10    1487.11 0.0000e+00
       2944    120.000     8.8959     8.8959   3.736264   3.736468     2.6340      94.84     0.0397 1.3989e-01 1.1072e+02    122.622  41.405308    6.19831    35.2746    35.2768    27.3504    1488.12    1487.12 0.0000e+00
       2959    121.000     8.8960     8.8960   3.736325   3.736518     2.6327      98.93     0.0387 1.3457e-01 1.0278e+02    123.239  41.405315    6.19773    35.2747    35.2767    27.3505    1488.14    1487.12 0.0000e+00
       2973    122.000     8.8961     8.8962   3.736381   3.736583     2.6322      98.86     0.0413 1.3044e-01 2.0163e+01    123.849  41.405322    6.19452    35.2747    35.2767    27.3505    1488.15    1487.13 0.0000e+00
       3026    123.000     8.8961     8.8960   3.736412   3.736609     2.6321      98.86     0.0421 1.2630e-01 1.3169e+01    126.060  41.405348    6.20420    35.2746    35.2767    27.3503    1488.17    1487.14 0.0000e+00
       3074    124.000     8.8961     8.8959   3.736435   3.736643     2.6320      75.17     0.0420 1.2191e-01 -2.410e-01    128.035  41.405371    6.20541    35.2743    35.2767    27.3502    1488.19    1487.15 0.0000e+00
       3099    125.000     8.8962     8.8961   3.736506   3.736716     2.6327      99.49     0.0448 1.1850e-01 7.2229e+00    129.091  41.405383    6.21181    35.2745    35.2768    27.3503    1488.20    1487.16 0.0000e+00
       3119    126.000     8.8960     8.8960   3.736557   3.736764     2.6325      98.86     0.0454 1.1440e-01 1.0333e+02    129.911  41.405393    6.20655    35.2747    35.2769    27.3505    1488.22    1487.17 0.0000e+00
       3135    127.000     8.8961     8.8961   3.736622   3.736812     2.6319      86.62     0.0420 1.0979e-01 1.1444e+02    130.585  41.405400    6.20503    35.2748    35.2768    27.3506    1488.24    1487.17 0.0000e+00
       3150    128.000     8.8960     8.8960   3.736661   3.736858     2.6310      62.44     0.0412 1.0350e-01 1.1561e+02    131.218  41.405408    6.21113    35.2749    35.2770    27.3506    1488.25    1487.18 0.0000e+00
       3165    129.000     8.8959     8.8958   3.736695   3.736909     2.6332      98.71     0.0430 9.9127e-02 1.1444e+02    131.831  41.405415    6.21921    35.2749    35.2772    27.3506    1488.27    1487.19 0.0000e+00
       3180    130.000     8.8962     8.8962   3.736781   3.736968     2.6326      98.86     0.0417 9.4732e-02 1.1851e+02    132.451  41.405422    6.20674    35.2750    35.2770    27.3507    1488.29    1487.20 0.0000e+00
       3194    131.000     8.8961     8.8962   3.736821   3.737030     2.6314      98.86     0.0404 8.9881e-02 4.1741e+01    133.057  41.405429    6.19622    35.2750    35.2771    27.3507    1488.30    1487.21 0.0000e+00
       3209    132.000     8.8966     8.8964   3.736909   3.737084     2.6293      78.94     0.0402 8.6622e-02 2.7733e-01    133.663  41.405436    6.19064    35.2750    35.2770    27.3506    1488.32    1487.22 0.0000e+00
       3223    133.000     8.8969     8.8969   3.736979   3.737174     2.6276      64.18     0.0395 8.2181e-02 2.7636e-06    134.262  41.405443    6.19298    35.2749    35.2770    27.3505    1488.34    1487.23 0.0000e+00
       3238    134.000     8.8971     8.8973   3.737039   3.737239     2.6278      98.36     0.0390 7.9544e-02 -1.183e-17    134.859  41.405450    6.20070    35.2749    35.2768    27.3504    1488.35    1487.23 0.0000e+00
       3252    135.000     8.8974     8.8975   3.737114   3.737320     2.6275      97.50     0.0442 7.5767e-02 2.9035e-28    135.455  41.405457    6.19901    35.2749    35.2770    27.3504    1488.37    1487.24 0.0000e+00
       3266    136.000     8.8974     8.8975   3.737170   3.737369     2.6269      96.79     0.0475 7.3942e-02 2.2408e-28    136.048  41.405463    6.19776    35.2750    35.2770    27.3505    1488.39    1487.25 0.0000e+00
       3281    137.000     8.8973     8.8974   3.737201   3.737395     2.6267      95.77     0.0464 6.9130e-02 2.0922e-14    136.686  41.405471    6.19504    35.2750    35.2769    27.3505    1488.41    1487.26 0.0000e+00
       3323    138.000     8.8973     8.8972   3.737225   3.737416     2.6242      94.09     0.0444 6.9344e-02 4.8076e+01    138.417  41.405491    6.19308    35.2747    35.2768    27.3503    1488.42    1487.27 0.0000e+00
       3372    139.000     8.8970     8.8970   3.737212   3.737447     2.6264      93.02     0.0428 6.2566e-02 1.0979e+02    140.462  41.405515    6.21284    35.2744    35.2769    27.3501    1488.44    1487.28 0.0000e+00
       3406    140.000     8.8972     8.8975   3.737279   3.737534     2.6293      92.11     0.0446 6.1705e-02 3.9899e+01    141.882  41.405531    6.21840    35.2744    35.2768    27.3501    1488.45    1487.28 0.0000e+00
       3429    141.000     8.8979     8.8979   3.737402   3.737623     2.6300      91.31     0.0457 5.8031e-02 -7.234e-01    142.829  41.405542    6.21322    35.2746    35.2769    27.3501    1488.47    1487.29 0.0000e+00
       3448    142.000     8.8981     8.8982   3.737483   3.737693     2.6292      90.65     0.0433 5.6586e-02 -2.064e-11    143.633  41.405551    6.20808    35.2747    35.2768    27.3502    1488.49    1487.30 0.0000e+00
       3466    143.000     8.8981     8.8981   3.737528   3.737739     2.6287      89.70     0.0428 5.4163e-02 4.9004e-26    144.383  41.405560    6.20746    35.2747    35.2770    27.3502    1488.51    1487.31 0.0000e+00
       3488    144.000     8.8983     8.8982   3.737565   3.737783     2.6278      88.67     0.0391 5.2987e-02 7.8182e-14    145.306  41.405571    6.20713    35.2744    35.2768    27.3499    1488.52    1487.32 0.0000e+00
       3510    145.000     8.8976     8.8975   3.737573   3.737762     2.6276      87.68     0.0447 5.2338e-02 4.4453e+00    146.219  41.405581    6.21000    35.2747    35.2768    27.3503    1488.54    1487.33 0.0000e+00
       3528    146.000     8.8978     8.8979   3.737642   3.737852     2.6276      86.71     0.0430 5.1449e-02 6.1147e+01    146.941  41.405590    6.20696    35.2748    35.2769    27.3503    1488.55    1487.33 0.0000e+00
       3543    147.000     8.8976     8.8978   3.737677   3.737887     2.6268      85.76     0.0433 5.1437e-02 8.0505e+01    147.577  41.405597    6.19627    35.2749    35.2769    27.3504    1488.57    1487.34 0.0000e+00
