IBTS/IBTS_CruiseNotebook/Data/CTD/sta0008.cnv
* Sea-Bird SBE 9 Data File:
* FileName = C:\Seabird\CTDData\sta0008.hex
* Software Version Seasave V 7.21f
* Temperature SN = 2491
* Conductivity SN = 2694
* Number of Bytes Per Scan = 40
* Number of Voltage Words = 5
* Number of Scans Averaged by the Deck Unit = 1
* NMEA Latitude = 61 22.37 N
* NMEA Longitude = 001 20.67 E
* NMEA UTC (Time) = Feb 10 2020 20:27:05
* NMEA baud rate = 4800
** Ship: 10 F/F "G. O. Sars"
** Station: 0008
** Echodepth: 163
** Log: 7764.0
** Wind-Dir Force: 22 26
** Air-temp (dry): 4.6
** Weather Sky:
** Sea Ice:
# nquan = 20                                
# nvalues = 151                         
# units = specified
# name 0 = scan: Scan Count
# name 1 = prDM: Pressure, Digiquartz [db]
# name 2 = t068C: Temperature [ITS-68, deg C]
# name 3 = t168C: Temperature, 2 [ITS-68, deg C]
# name 4 = c0S/m: Conductivity [S/m]
# name 5 = c1S/m: Conductivity, 2 [S/m]
# name 6 = sbeox0V: Oxygen raw, SBE 43 [V]
# name 7 = altM: Altimeter [m]
# name 8 = flC: Fluorescence, Chelsea Aqua 3 Chl Con [ug/l]
# name 9 = par: PAR/Irradiance, Biospherical/Licor
# name 10 = spar: SPAR/Surface Irradiance
# name 11 = timeS: Time, Elapsed [seconds]
# name 12 = timeJ: Julian Days
# name 13 = sbeox0ML/L: Oxygen, SBE 43 [ml/l], WS = 2
# name 14 = sal00: Salinity, Practical [PSU]
# name 15 = sal11: Salinity, Practical, 2 [PSU]
# name 16 = sigma-t00: Density [sigma-t, Kg/m^3 ]
# name 17 = svCM: Sound Velocity [Chen-Millero, m/s]
# name 18 = avgsvCM: Average Sound Velocity [Chen-Millero, m/s], minP = 1, minS = 5
# name 19 = flag: flag
# span 0 =        224,       4047       
# span 1 =      6.000,    156.000       
# span 2 =     8.9569,     8.9830       
# span 3 =     8.9585,     8.9831       
# span 4 =   3.739058,   3.748296       
# span 5 =   3.739434,   3.748503       
# span 6 =     2.6184,     2.6634       
# span 7 =       8.24,     100.09       
# span 8 =     0.0581,     0.0742       
# span 9 = 5.1417e-02, 5.2015e-01       
# span 10 = -9.310e-03, 1.9438e+00      
# span 11 =      9.299,    168.594      
# span 12 =  41.852284,  41.854127      
# span 13 =    6.16652,    6.20466      
# span 14 =    35.2969,    35.2981      
# span 15 =    35.2994,    35.3001      
# span 16 =    27.3545,    27.3584      
# span 17 =    1486.51,    1489.06      
# span 18 =    1486.51,    1487.75      
# span 19 = 0.0000e+00, 0.0000e+00      
# interval = decibars: 1                
# start_time = Feb 10 2020 20:27:08 [System UTC, header]
# bad_flag = -9.990e-29
*END*
[from data line 73]
       2253     79.000     8.9759     8.9760   3.744170   3.744360     2.6448      85.69     0.0665 5.1447e-02 0.0000e+00     93.823  41.853262    6.19197    35.2979    35.2998    27.3558    1487.77    1487.10 0.0000e+00
       2268     80.000     8.9759     8.9760   3.744215   3.744406     2.6445      84.76     0.0693 5.1437e-02 0.0000e+00     94.451  41.853269    6.18916    35.2979    35.2998    27.3558    1487.78    1487.11 0.0000e+00
       2283     81.000     8.9759     8.9760   3.744269   3.744454     2.6432      83.83     0.0728 5.1437e-02 0.0000e+00     95.075  41.853276    6.18419    35.2980    35.2999    27.3559    1487.80    1487.12 0.0000e+00
       2298     82.000     8.9761     8.9762   3.744321   3.744511     2.6423      82.63     0.0730 5.1456e-02 0.0000e+00     95.693  41.853284    6.18326    35.2979    35.2998    27.3558    1487.82    1487.13 0.0000e+00
       2312     83.000     8.9762     8.9763   3.744369   3.744573     2.6414      81.41     0.0724 5.1449e-02 0.0000e+00     96.306  41.853290    6.18219    35.2978    35.2999    27.3557    1487.84    1487.13 0.0000e+00
       2327     84.000     8.9764     8.9765   3.744432   3.744635     2.6407      80.49     0.0693 5.1449e-02 0.0000e+00     96.906  41.853298    6.17924    35.2978    35.2998    27.3556    1487.85    1487.14 0.0000e+00
       2341     85.000     8.9765     8.9766   3.744501   3.744692     2.6395      79.47     0.0651 5.1466e-02 0.0000e+00     97.501  41.853304    6.17694    35.2979    35.2999    27.3557    1487.87    1487.15 0.0000e+00
       2355     86.000     8.9766     8.9767   3.744546   3.744738     2.6385      78.48     0.0667 5.1480e-02 0.0000e+00     98.102  41.853311    6.17635    35.2978    35.2998    27.3556    1487.89    1487.16 0.0000e+00
       2370     87.000     8.9767     8.9768   3.744614   3.744793     2.6381      77.59     0.0666 5.1447e-02 0.0000e+00     98.705  41.853318    6.17364    35.2980    35.2998    27.3557    1487.90    1487.17 0.0000e+00
       2384     88.000     8.9768     8.9769   3.744658   3.744857     2.6366      76.57     0.0688 5.1449e-02 0.0000e+00     99.310  41.853325    6.16698    35.2979    35.2999    27.3556    1487.92    1487.18 0.0000e+00
       2443     89.000     8.9768     8.9769   3.744699   3.744907     2.6371      75.39     0.0691 5.1471e-02 0.0000e+00    101.770  41.853354    6.17948    35.2978    35.2999    27.3556    1487.94    1487.19 0.0000e+00
       2523     90.000     8.9768     8.9770   3.744757   3.744955     2.6413      74.26     0.0702 5.1433e-02 0.0000e+00    105.078  41.853392    6.20435    35.2979    35.2998    27.3557    1487.95    1487.19 0.0000e+00
       2538     91.000     8.9771     8.9772   3.744818   3.745021     2.6424      73.36     0.0721 5.1427e-02 0.0000e+00    105.701  41.853399    6.20203    35.2978    35.2998    27.3555    1487.97    1487.20 0.0000e+00
       2554     92.000     8.9773     8.9773   3.744885   3.745071     2.6424      72.46     0.0725 5.1427e-02 0.0000e+00    106.360  41.853407    6.19318    35.2978    35.2998    27.3555    1487.99    1487.21 0.0000e+00
       2569     93.000     8.9774     8.9776   3.744951   3.745146     2.6409      71.69     0.0665 5.1428e-02 0.0000e+00    107.004  41.853414    6.18206    35.2979    35.2998    27.3556    1488.00    1487.22 0.0000e+00
       2584     94.000     8.9776     8.9778   3.745026   3.745214     2.6387      70.64     0.0650 5.1447e-02 0.0000e+00    107.637  41.853422    6.17698    35.2981    35.2998    27.3556    1488.02    1487.23 0.0000e+00
       2599     95.000     8.9779     8.9779   3.745085   3.745286     2.6376      69.57     0.0665 5.1447e-02 0.0000e+00    108.256  41.853429    6.17954    35.2979    35.3000    27.3555    1488.04    1487.24 0.0000e+00
       2614     96.000     8.9781     8.9782   3.745152   3.745360     2.6372      68.41     0.0654 5.1447e-02 0.0000e+00    108.875  41.853436    6.17841    35.2979    35.3000    27.3555    1488.06    1487.25 0.0000e+00
       2629     97.000     8.9782     8.9782   3.745203   3.745393     2.6356      67.43     0.0639 5.1449e-02 0.0000e+00    109.486  41.853443    6.17318    35.2979    35.2999    27.3554    1488.07    1487.25 0.0000e+00
       2643     98.000     8.9782     8.9783   3.745254   3.745449     2.6345      66.58     0.0660 5.1417e-02 0.0000e+00    110.095  41.853450    6.17556    35.2979    35.2999    27.3555    1488.09    1487.26 0.0000e+00
       2658     99.000     8.9782     8.9783   3.745303   3.745496     2.6345      65.59     0.0658 5.1450e-02 0.0000e+00    110.696  41.853457    6.17970    35.2980    35.2999    27.3555    1488.11    1487.27 0.0000e+00
       2672    100.000     8.9782     8.9784   3.745343   3.745540     2.6343      64.52     0.0637 5.1428e-02 0.0000e+00    111.295  41.853464    6.17979    35.2979    35.2998    27.3554    1488.12    1487.28 0.0000e+00
       2686    101.000     8.9783     8.9785   3.745404   3.745593     2.6340      63.44     0.0654 5.1449e-02 0.0000e+00    111.889  41.853471    6.18043    35.2980    35.2998    27.3555    1488.14    1487.29 0.0000e+00
       2701    102.000     8.9784     8.9786   3.745464   3.745649     2.6338      62.54     0.0648 5.1447e-02 0.0000e+00    112.491  41.853478    6.18514    35.2980    35.2998    27.3555    1488.16    1487.30 0.0000e+00
       2715    103.000     8.9785     8.9785   3.745502   3.745693     2.6349      61.70     0.0651 5.1449e-02 0.0000e+00    113.097  41.853485    6.19083    35.2978    35.2999    27.3553    1488.17    1487.30 0.0000e+00
       2730    104.000     8.9787     8.9788   3.745571   3.745775     2.6353      60.83     0.0685 5.1466e-02 0.0000e+00    113.707  41.853492    6.18964    35.2979    35.2999    27.3553    1488.19    1487.31 0.0000e+00
       2745    105.000     8.9786     8.9787   3.745604   3.745813     2.6352      59.77     0.0674 5.1463e-02 0.0000e+00    114.328  41.853499    6.18666    35.2979    35.3000    27.3553    1488.21    1487.32 0.0000e+00
       2779    106.000     8.9786     8.9786   3.745637   3.745833     2.6342      58.20     0.0664 5.1475e-02 0.0000e+00    115.736  41.853515    6.18184    35.2977    35.2998    27.3552    1488.22    1487.33 0.0000e+00
       2810    107.000     8.9787     8.9787   3.745683   3.745890     2.6338      57.21     0.0677 5.1463e-02 0.0000e+00    117.048  41.853531    6.18764    35.2976    35.2998    27.3551    1488.24    1487.34 0.0000e+00
       2839    108.000     8.9787     8.9787   3.745728   3.745936     2.6347      56.15     0.0685 5.1460e-02 0.0000e+00    118.252  41.853545    6.19210    35.2976    35.2998    27.3551    1488.26    1487.35 0.0000e+00
       2874    109.000     8.9787     8.9787   3.745769   3.745986     2.6348      55.06     0.0674 5.1449e-02 0.0000e+00    119.690  41.853561    6.18505    35.2976    35.2999    27.3551    1488.27    1487.36 0.0000e+00
       2898    110.000     8.9791     8.9792   3.745876   3.746076     2.6327      54.11     0.0703 5.1456e-02 0.0000e+00    120.695  41.853573    6.17688    35.2978    35.2998    27.3552    1488.29    1487.36 0.0000e+00
       2914    111.000     8.9793     8.9794   3.745953   3.746151     2.6323      53.31     0.0732 5.1472e-02 0.0000e+00    121.393  41.853581    6.18332    35.2980    35.2999    27.3553    1488.31    1487.37 0.0000e+00
       2930    112.000     8.9795     8.9795   3.746012   3.746207     2.6324      52.59     0.0714 5.1427e-02 0.0000e+00    122.050  41.853588    6.18661    35.2979    35.3000    27.3552    1488.32    1487.38 0.0000e+00
       2946    113.000     8.9795     8.9795   3.746047   3.746246     2.6326      51.70     0.0676 5.1436e-02 0.0000e+00    122.693  41.853596    6.18600    35.2978    35.2999    27.3551    1488.34    1487.39 0.0000e+00
       2961    114.000     8.9795     8.9796   3.746105   3.746284     2.6324      50.67     0.0645 5.1476e-02 0.0000e+00    123.331  41.853603    6.18210    35.2979    35.2997    27.3552    1488.36    1487.40 0.0000e+00
       2976    115.000     8.9796     8.9798   3.746163   3.746358     2.6313      49.56     0.0692 5.1447e-02 0.0000e+00    123.958  41.853611    6.17772    35.2980    35.2998    27.3552    1488.37    1487.41 0.0000e+00
       2991    116.000     8.9799     8.9800   3.746243   3.746419     2.6305      48.52     0.0717 5.1447e-02 0.0000e+00    124.575  41.853618    6.17867    35.2980    35.2998    27.3552    1488.39    1487.42 0.0000e+00
       3005    117.000     8.9799     8.9800   3.746274   3.746481     2.6302      47.52     0.0720 5.1490e-02 0.0000e+00    125.187  41.853625    6.18128    35.2979    35.2999    27.3551    1488.41    1487.42 0.0000e+00
       3020    118.000     8.9801     8.9800   3.746340   3.746520     2.6303      46.56     0.0712 5.1457e-02 0.0000e+00    125.795  41.853632    6.18341    35.2979    35.2999    27.3551    1488.43    1487.43 0.0000e+00
       3035    119.000     8.9801     8.9801   3.746383   3.746574     2.6300      45.60     0.0695 5.1446e-02 0.0000e+00    126.407  41.853639    6.18310    35.2979    35.2999    27.3551    1488.44    1487.44 0.0000e+00
       3057    120.000     8.9799     8.9799   3.746411   3.746610     2.6298      44.36     0.0670 5.1459e-02 0.0000e+00    127.317  41.853650    6.18292    35.2979    35.3000    27.3551    1488.46    1487.45 0.0000e+00
       3081    121.000     8.9798     8.9798   3.746448   3.746645     2.6300      43.26     0.0656 5.1469e-02 0.0000e+00    128.339  41.853661    6.18561    35.2979    35.2999    27.3552    1488.47    1487.46 0.0000e+00
       3121    122.000     8.9797     8.9798   3.746466   3.746680     2.6292      42.02     0.0701 5.1469e-02 0.0000e+00    129.986  41.853680    6.18288    35.2977    35.2998    27.3550    1488.49    1487.47 0.0000e+00
       3159    123.000     8.9800     8.9800   3.746542   3.746745     2.6296      41.14     0.0707 5.1470e-02 0.0000e+00    131.567  41.853699    6.18853    35.2977    35.2998    27.3550    1488.51    1487.47 0.0000e+00
       3178    124.000     8.9798     8.9799   3.746581   3.746790     2.6299      40.38     0.0710 5.1444e-02 0.0000e+00    132.371  41.853708    6.18521    35.2978    35.2999    27.3551    1488.52    1487.48 0.0000e+00
       3194    125.000     8.9802     8.9802   3.746683   3.746859     2.6291      39.54     0.0723 5.1463e-02 0.0000e+00    133.052  41.853716    6.18075    35.2980    35.2999    27.3552    1488.54    1487.49 0.0000e+00
       3210    126.000     8.9804     8.9801   3.746738   3.746903     2.6287      38.62     0.0721 5.1437e-02 0.0000e+00    133.710  41.853723    6.17667    35.2979    35.3000    27.3551    1488.56    1487.50 0.0000e+00
       3225    127.000     8.9797     8.9796   3.746711   3.746882     2.6268      37.65     0.0703 5.1427e-02 0.0000e+00    134.349  41.853731    6.16976    35.2979    35.2998    27.3552    1488.57    1487.51 0.0000e+00
       3241    128.000     8.9789     8.9794   3.746671   3.746915     2.6255      36.66     0.0698 5.1475e-02 0.0000e+00    134.983  41.853738    6.17265    35.2978    35.2998    27.3552    1488.59    1487.52 0.0000e+00
       3256    129.000     8.9792     8.9793   3.746765   3.746950     2.6254      35.67     0.0701 5.1448e-02 0.0000e+00    135.607  41.853746    6.18065    35.2980    35.2998    27.3553    1488.60    1487.53 0.0000e+00
       3270    130.000     8.9794     8.9795   3.746833   3.747014     2.6264      34.68     0.0707 5.1449e-02 0.0000e+00    136.226  41.853753    6.18475    35.2980    35.2998    27.3553    1488.62    1487.53 0.0000e+00
       3285    131.000     8.9794     8.9795   3.746867   3.747071     2.6262      33.69     0.0709 5.1447e-02 0.0000e+00    136.844  41.853760    6.17952    35.2979    35.2999    27.3552    1488.64    1487.54 0.0000e+00
       3300    132.000     8.9783     8.9788   3.746798   3.747035     2.6255      32.71     0.0724 5.1466e-02 0.0000e+00    137.450  41.853767    6.17407    35.2978    35.2998    27.3553    1488.65    1487.55 0.0000e+00
       3314    133.000     8.9783     8.9785   3.746833   3.747056     2.6243      31.72     0.0742 5.1449e-02 0.0000e+00    138.052  41.853774    6.17030    35.2977    35.2998    27.3552    1488.67    1487.56 0.0000e+00
       3329    134.000     8.9786     8.9788   3.746917   3.747120     2.6233      30.74     0.0738 5.1501e-02 0.0000e+00    138.650  41.853781    6.16931    35.2978    35.2997    27.3553    1488.68    1487.57 0.0000e+00
       3343    135.000     8.9788     8.9789   3.746983   3.747173     2.6231      29.77     0.0708 5.1457e-02 0.0000e+00    139.251  41.853788    6.16926    35.2978    35.2997    27.3552    1488.70    1487.58 0.0000e+00
       3357    136.000     8.9795     8.9794   3.747096   3.747265     2.6216      28.78     0.0721 5.1490e-02 0.0000e+00    139.849  41.853794    6.16672    35.2978    35.2997    27.3551    1488.72    1487.58 0.0000e+00
       3372    137.000     8.9807     8.9807   3.747252   3.747447     2.6212      27.80     0.0716 5.1486e-02 0.0000e+00    140.458  41.853802    6.17130    35.2978    35.2998    27.3549    1488.74    1487.59 0.0000e+00
       3405    138.000     8.9806     8.9806   3.747291   3.747489     2.6224      26.58     0.0699 5.1456e-02 0.0000e+00    141.847  41.853818    6.17990    35.2978    35.2999    27.3550    1488.76    1487.60 0.0000e+00
       3486    139.000     8.9808     8.9809   3.747345   3.747572     2.6262      25.14     0.0686 5.1457e-02 0.0000e+00    145.199  41.853856    6.19429    35.2977    35.3000    27.3549    1488.77    1487.61 0.0000e+00
       3504    140.000     8.9810     8.9810   3.747424   3.747640     2.6264      24.44     0.0710 5.1479e-02 0.0000e+00    145.965  41.853865    6.18879    35.2979    35.3001    27.3549    1488.79    1487.62 0.0000e+00
       3521    141.000     8.9810     8.9810   3.747476   3.747670     2.6260      23.60     0.0719 5.1481e-02 0.0000e+00    146.682  41.853874    6.18312    35.2979    35.3000    27.3550    1488.81    1487.63 0.0000e+00
       3537    142.000     8.9813     8.9814   3.747549   3.747753     2.6248      22.70     0.0708 5.1454e-02 0.0000e+00    147.350  41.853881    6.17692    35.2979    35.3000    27.3549    1488.82    1487.63 0.0000e+00
       3553    143.000     8.9817     8.9818   3.747641   3.747825     2.6234      21.78     0.0718 5.1457e-02 0.0000e+00    147.987  41.853889    6.17349    35.2980    35.2998    27.3549    1488.84    1487.64 0.0000e+00
       3568    144.000     8.9821     8.9821   3.747714   3.747910     2.6225      20.84     0.0703 5.1447e-02 0.0000e+00    148.612  41.853896    6.17066    35.2979    35.3000    27.3548    1488.86    1487.65 0.0000e+00
       3583    145.000     8.9820     8.9821   3.747757   3.747955     2.6207      19.85     0.0670 5.1480e-02 0.0000e+00    149.232  41.853903    6.16652    35.2980    35.3000    27.3549    1488.88    1487.66 0.0000e+00
       3597    146.000     8.9822     8.9823   3.747812   3.748018     2.6196      18.90     0.0670 5.1476e-02 0.0000e+00    149.843  41.853910    6.16836    35.2979    35.2999    27.3548    1488.89    1487.67 0.0000e+00
       3612    147.000     8.9823     8.9824   3.747875   3.748074     2.6194      17.90     0.0717 5.1466e-02 0.0000e+00    150.465  41.853917    6.17328    35.2980    35.2999    27.3548    1488.91    1487.68 0.0000e+00
       3627    148.000     8.9825     8.9825   3.747944   3.748134     2.6193      16.92     0.0716 5.1466e-02 0.0000e+00    151.078  41.853925    6.17537    35.2980    35.3000    27.3548    1488.93    1487.69 0.0000e+00
       3641    149.000     8.9826     8.9826   3.747988   3.748183     2.6195      15.96     0.0688 5.1480e-02 0.0000e+00    151.681  41.853931    6.17705    35.2979    35.2999    27.3547    1488.94    1487.69 0.0000e+00
