IBTS/IBTS_CruiseNotebook/Data/CTD/sta0015.cnv
* Sea-Bird SBE 9 Data File:
* FileName = C:\Seabird\CTDData\sta0015.hex
* Software Version Seasave V 7.21f
* Temperature SN = 2491
* Conductivity SN = 2694
* Number of Bytes Per Scan = 40
* Number of Voltage Words = 5
* Number of Scans Averaged by the Deck Unit = 1
* NMEA Latitude = 61 18.35 N
* NMEA Longitude = 001 18.26 E
* NMEA UTC (Time) = Feb 11 2020 14:23:29
* NMEA baud rate = 4800
** Ship: 10 F/F "G. O. Sars"
** Station: 0015
** Echodepth: 155.01
** Log: 7871.74
** Wind-Dir Force: 28 10
** Air-temp (dry): 2.9
** Weather Sky:
** Sea Ice:
# nquan = 20                                
# nvalues = 143                         
# units = specified
# name 0 = scan: Scan Count
# name 1 = prDM: Pressure, Digiquartz [db]
# name 2 = t068C: Temperature [ITS-68, deg C]
# name 3 = t168C: Temperature, 2 [ITS-68, deg C]
# name 4 = c0S/m: Conductivity [S/m]
# name 5 = c1S/m: Conductivity, 2 [S/m]
# name 6 = sbeox0V: Oxygen raw, SBE 43 [V]
# name 7 = altM: Altimeter [m]
# name 8 = flC: Fluorescence, Chelsea Aqua 3 Chl Con [ug/l]
# name 9 = par: PAR/Irradiance, Biospherical/Licor
# name 10 = spar: SPAR/Surface Irradiance
# name 11 = timeS: Time, Elapsed [seconds]
# name 12 = timeJ: Julian Days
# name 13 = sbeox0ML/L: Oxygen, SBE 43 [ml/l], WS = 2
# name 14 = sal00: Salinity, Practical [PSU]
# name 15 = sal11: Salinity, Practical, 2 [PSU]
# name 16 = sigma-t00: Density [sigma-t, Kg/m^3 ]
# name 17 = svCM: Sound Velocity [Chen-Millero, m/s]
# name 18 = avgsvCM: Average Sound Velocity [Chen-Millero, m/s], minP = 1, minS = 5
# name 19 = flag: flag
# span 0 =         36,       3503       
# span 1 =      5.000,    147.000       
# span 2 =     8.9438,     8.9737       
# span 3 =     8.9434,     8.9737       
# span 4 =   3.737643,   3.747137       
# span 5 =   3.737753,   3.747300       
# span 6 =     2.6156,     2.6606       
# span 7 =       8.53,      99.07       
# span 8 =     0.0566,     0.0822       
# span 9 = 5.1445e-02, 1.5070e+01       
# span 10 = 4.3106e+01, 5.5176e+01      
# span 11 =      1.455,    145.897      
# span 12 =  42.599681,  42.601353      
# span 13 =    6.14771,    6.19818      
# span 14 =    35.2952,    35.3002      
# span 15 =    35.2970,    35.3016      
# span 16 =    27.3576,    27.3601      
# span 17 =    1486.43,    1488.88      
# span 18 =    1486.43,    1487.64      
# span 19 = 0.0000e+00, 0.0000e+00      
# interval = decibars: 1                
# start_time = Feb 11 2020 14:23:31 [System UTC, header]
# bad_flag = -9.990e-29
*END*
         36      5.000     8.9445     8.9434   3.737643   3.737753     2.6559      98.41     0.0822 1.5070e+01 4.9777e+01      1.455  42.599681    6.17628    35.2961    35.2984    27.3595    1486.43    1486.43 0.0000e+00
        356      6.000     8.9520     8.9528   3.738414   3.738682     2.6586      98.82     0.0801 1.4082e+01 5.3040e+01     14.777  42.599835    6.18337    35.2963    35.2983    27.3584    1486.48    1486.44 0.0000e+00
        450      7.000     8.9496     8.9497   3.738250   3.738459     2.6597      98.86     0.0793 1.3306e+01 5.4477e+01     18.718  42.599881    6.18976    35.2965    35.2986    27.3589    1486.49    1486.45 0.0000e+00
        471      8.000     8.9467     8.9458   3.738009   3.738086     2.6606      98.86     0.0788 1.2425e+01 5.4426e+01     19.581  42.599891    6.19123    35.2964    35.2981    27.3593    1486.49    1486.45 0.0000e+00
        489      9.000     8.9459     8.9462   3.737943   3.738147     2.6605      98.87     0.0778 1.1247e+01 5.1214e+01     20.335  42.599900    6.18737    35.2960    35.2978    27.3591    1486.50    1486.46 0.0000e+00
        505     10.000     8.9454     8.9446   3.737931   3.737985     2.6600      98.87     0.0796 1.0262e+01 5.0120e+01     21.016  42.599908    6.18208    35.2959    35.2972    27.3591    1486.52    1486.46 0.0000e+00
        525     11.000     8.9438     8.9437   3.737758   3.737924     2.6583      98.86     0.0796 9.5130e+00 -9.990e-29     21.824  42.599917    6.17700    35.2952    35.2970    27.3588    1486.53    1486.47 0.0000e+00
        556     12.000     8.9445     8.9450   3.737893   3.738126     2.6569      98.86     0.0726 8.6261e+00 -9.990e-29     23.109  42.599932    6.18043    35.2954    35.2974    27.3589    1486.55    1486.48 0.0000e+00
        585     13.000     8.9477     8.9482   3.738401   3.738610     2.6569      98.86     0.0732 7.6858e+00 -9.990e-29     24.350  42.599946    6.18352    35.2971    35.2988    27.3597    1486.58    1486.48 0.0000e+00
        606     14.000     8.9507     8.9515   3.738810   3.739054     2.6573      98.87     0.0747 6.6598e+00 4.9158e+01     25.197  42.599956    6.18584    35.2979    35.2997    27.3599    1486.61    1486.49 0.0000e+00
        623     15.000     8.9512     8.9515   3.738931   3.739128     2.6575      98.86     0.0747 5.9848e+00 5.4460e+01     25.900  42.599964    6.18403    35.2982    35.3000    27.3600    1486.63    1486.50 0.0000e+00
        638     16.000     8.9518     8.9525   3.739058   3.739263     2.6570      98.86     0.0744 5.4480e+00 5.4426e+01     26.548  42.599972    6.18162    35.2985    35.2999    27.3601    1486.64    1486.51 0.0000e+00
        653     17.000     8.9527     8.9529   3.739182   3.739345     2.6569      98.86     0.0752 5.1380e+00 5.1530e+01     27.156  42.599979    6.17928    35.2984    35.2999    27.3599    1486.66    1486.52 0.0000e+00
        667     18.000     8.9537     8.9526   3.739321   3.739374     2.6558      98.87     0.0741 4.9597e+00 5.0517e+01     27.752  42.599986    6.17150    35.2984    35.3000    27.3598    1486.68    1486.53 0.0000e+00
        681     19.000     8.9521     8.9523   3.739221   3.739364     2.6540      98.86     0.0737 4.8003e+00 5.0492e+01     28.338  42.599992    6.16627    35.2984    35.2997    27.3601    1486.69    1486.54 0.0000e+00
        695     20.000     8.9526     8.9527   3.739306   3.739465     2.6527      98.86     0.0734 4.6388e+00 5.4376e+01     28.930  42.599999    6.16500    35.2984    35.2999    27.3599    1486.71    1486.55 0.0000e+00
        722     21.000     8.9513     8.9511   3.739221   3.739354     2.6512      98.86     0.0753 4.5864e+00 5.3707e+01     30.046  42.600012    6.16979    35.2983    35.2999    27.3601    1486.72    1486.55 0.0000e+00
        766     22.000     8.9519     8.9516   3.739316   3.739436     2.6543      98.86     0.0747 4.3018e+00 5.3229e+01     31.886  42.600033    6.19818    35.2982    35.2997    27.3599    1486.74    1486.56 0.0000e+00
        792     23.000     8.9528     8.9520   3.739470   3.739551     2.6570      98.86     0.0742 3.9458e+00 5.1048e+01     32.941  42.600046    6.19457    35.2984    35.3001    27.3599    1486.76    1486.57 0.0000e+00
        810     24.000     8.9534     8.9531   3.739567   3.739688     2.6571      98.87     0.0732 3.6510e+00 5.0126e+01     33.706  42.600054    6.18852    35.2984    35.2999    27.3598    1486.78    1486.58 0.0000e+00
        826     25.000     8.9529     8.9543   3.739565   3.739850     2.6564      98.86     0.0726 3.3791e+00 5.4294e+01     34.382  42.600062    6.18625    35.2984    35.3000    27.3599    1486.80    1486.59 0.0000e+00
        842     26.000     8.9514     8.9527   3.739464   3.739748     2.6560      98.86     0.0742 3.1612e+00 5.4425e+01     35.033  42.600070    6.19027    35.2983    35.3000    27.3601    1486.81    1486.60 0.0000e+00
        858     27.000     8.9515     8.9520   3.739516   3.739722     2.6567      98.86     0.0745 3.0123e+00 5.0321e+01     35.725  42.600078    6.19226    35.2983    35.2999    27.3600    1486.82    1486.61 0.0000e+00
        880     28.000     8.9509     8.9509   3.739501   3.739643     2.6557      98.86     0.0758 2.9420e+00 5.1233e+01     36.618  42.600088    6.18356    35.2982    35.2997    27.3601    1486.84    1486.61 0.0000e+00
        907     29.000     8.9510     8.9510   3.739549   3.739700     2.6544      98.86     0.0774 2.8887e+00 5.4368e+01     37.758  42.600101    6.18698    35.2982    35.2997    27.3600    1486.85    1486.62 0.0000e+00
        938     30.000     8.9515     8.9514   3.739650   3.739782     2.6555      98.87     0.0750 2.8015e+00 5.4427e+01     39.042  42.600116    6.19568    35.2982    35.2997    27.3600    1486.87    1486.63 0.0000e+00
        963     31.000     8.9504     8.9502   3.739583   3.739717     2.6559      98.86     0.0780 2.6814e+00 5.4426e+01     40.082  42.600128    6.19424    35.2981    35.2998    27.3601    1486.89    1486.64 0.0000e+00
        982     32.000     8.9513     8.9511   3.739720   3.739845     2.6560      98.86     0.0788 2.5354e+00 5.2484e+01     40.865  42.600137    6.19346    35.2982    35.2997    27.3600    1486.91    1486.65 0.0000e+00
        998     33.000     8.9519     8.9519   3.739824   3.739971     2.6557      98.87     0.0769 2.3842e+00 5.3881e+01     41.542  42.600145    6.19290    35.2982    35.2998    27.3599    1486.92    1486.66 0.0000e+00
       1013     34.000     8.9525     8.9523   3.739933   3.740055     2.6556      98.86     0.0783 2.2485e+00 5.4432e+01     42.174  42.600152    6.19441    35.2983    35.2998    27.3599    1486.94    1486.66 0.0000e+00
       1028     35.000     8.9523     8.9522   3.739957   3.740096     2.6556      98.86     0.0782 2.1423e+00 4.8941e+01     42.781  42.600160    6.19314    35.2983    35.2998    27.3599    1486.96    1486.67 0.0000e+00
       1042     36.000     8.9524     8.9526   3.739998   3.740168     2.6553      98.86     0.0772 2.0513e+00 5.4326e+01     43.381  42.600166    6.18700    35.2981    35.2997    27.3598    1486.97    1486.68 0.0000e+00
       1057     37.000     8.9517     8.9519   3.739950   3.740133     2.6536      98.87     0.0751 1.9625e+00 4.9770e+01     43.994  42.600174    6.17915    35.2978    35.2996    27.3596    1486.99    1486.69 0.0000e+00
       1080     38.000     8.9506     8.9510   3.739887   3.740063     2.6515      98.82     0.0726 1.9036e+00 5.4208e+01     44.943  42.600185    6.17824    35.2978    35.2992    27.3598    1487.00    1486.70 0.0000e+00
       1106     39.000     8.9517     8.9514   3.740059   3.740184     2.6506      98.36     0.0733 1.8247e+00 5.4426e+01     46.038  42.600197    6.18526    35.2980    35.2996    27.3598    1487.02    1486.71 0.0000e+00
       1128     40.000     8.9562     8.9572   3.740628   3.740863     2.6515      98.16     0.0736 1.7311e+00 5.2804e+01     46.968  42.600208    6.19166    35.2990    35.3005    27.3599    1487.06    1486.71 0.0000e+00
       1150     41.000     8.9609     8.9606   3.741141   3.741257     2.6519      98.80     0.0719 1.6349e+00 5.2744e+01     47.893  42.600219    6.18907    35.2993    35.3008    27.3593    1487.09    1486.72 0.0000e+00
       1186     42.000     8.9604     8.9609   3.741145   3.741328     2.6522      98.86     0.0716 1.5430e+00 5.2690e+01     49.393  42.600236    6.19027    35.2993    35.3008    27.3594    1487.10    1486.73 0.0000e+00
       1226     43.000     8.9595     8.9591   3.741080   3.741194     2.6520      94.56     0.0699 1.4585e+00 5.4541e+01     51.060  42.600255    6.18934    35.2991    35.3007    27.3594    1487.12    1486.74 0.0000e+00
       1247     44.000     8.9595     8.9596   3.741134   3.741286     2.6518      98.90     0.0731 1.3858e+00 5.4426e+01     51.904  42.600265    6.18172    35.2992    35.3006    27.3594    1487.13    1486.75 0.0000e+00
       1263     45.000     8.9590     8.9591   3.741131   3.741279     2.6497      98.86     0.0688 1.3081e+00 5.4426e+01     52.590  42.600273    6.17108    35.2991    35.3006    27.3595    1487.15    1486.76 0.0000e+00
       1278     46.000     8.9581     8.9584   3.741077   3.741241     2.6477      98.86     0.0677 1.2324e+00 5.4426e+01     53.221  42.600280    6.17046    35.2990    35.3004    27.3595    1487.16    1486.77 0.0000e+00
       1293     47.000     8.9597     8.9601   3.741288   3.741468     2.6473      98.64     0.0694 1.1647e+00 5.1880e+01     53.838  42.600287    6.17078    35.2991    35.3006    27.3594    1487.18    1486.78 0.0000e+00
       1308     48.000     8.9625     8.9628   3.741659   3.741807     2.6458      98.53     0.0708 1.1023e+00 5.4141e+01     54.454  42.600295    6.16465    35.2998    35.3010    27.3594    1487.21    1486.79 0.0000e+00
       1323     49.000     8.9639     8.9641   3.741837   3.742009     2.6441      98.43     0.0722 1.0547e+00 5.4421e+01     55.071  42.600302    6.16628    35.2998    35.3014    27.3592    1487.23    1486.80 0.0000e+00
       1338     50.000     8.9644     8.9643   3.741928   3.742057     2.6445      98.85     0.0718 1.0103e+00 5.0027e+01     55.701  42.600309    6.17694    35.2997    35.3012    27.3591    1487.25    1486.80 0.0000e+00
       1372     51.000     8.9640     8.9642   3.741936   3.742089     2.6461      95.29     0.0696 9.8308e-01 5.2716e+01     57.111  42.600325    6.18566    35.2997    35.3012    27.3592    1487.27    1486.81 0.0000e+00
       1414     52.000     8.9642     8.9641   3.741994   3.742136     2.6485      99.07     0.0661 9.3954e-01 5.4513e+01     58.856  42.600346    6.19019    35.2997    35.3013    27.3591    1487.28    1486.82 0.0000e+00
       1435     53.000     8.9627     8.9631   3.741871   3.742059     2.6484      98.04     0.0635 8.8695e-01 5.4426e+01     59.755  42.600356    6.19104    35.2994    35.3010    27.3591    1487.29    1486.83 0.0000e+00
       1452     54.000     8.9599     8.9596   3.741616   3.741736     2.6496      98.87     0.0653 8.3045e-01 5.4426e+01     60.456  42.600364    6.19607    35.2990    35.3006    27.3592    1487.30    1486.84 0.0000e+00
       1467     55.000     8.9600     8.9605   3.741695   3.741878     2.6497      98.86     0.0664 7.7730e-01 4.9479e+01     61.101  42.600371    6.19014    35.2993    35.3007    27.3594    1487.32    1486.85 0.0000e+00
       1483     56.000     8.9644     8.9651   3.742210   3.742403     2.6488      98.81     0.0674 7.3646e-01 5.2935e+01     61.738  42.600379    6.18173    35.2998    35.3012    27.3592    1487.35    1486.86 0.0000e+00
       1498     57.000     8.9650     8.9652   3.742296   3.742460     2.6473      98.57     0.0700 7.0367e-01 5.4132e+01     62.361  42.600386    6.17551    35.2996    35.3012    27.3589    1487.37    1486.87 0.0000e+00
       1512     58.000     8.9652     8.9653   3.742385   3.742521     2.6458      97.70     0.0709 6.7496e-01 5.4423e+01     62.972  42.600393    6.17398    35.2999    35.3012    27.3591    1487.39    1486.88 0.0000e+00
       1527     59.000     8.9644     8.9648   3.742337   3.742514     2.6448      96.89     0.0720 6.4844e-01 5.4426e+01     63.572  42.600400    6.17624    35.2997    35.3012    27.3591    1487.40    1486.88 0.0000e+00
       1545     60.000     8.9654     8.9658   3.742486   3.742666     2.6447      95.74     0.0736 6.2029e-01 4.5782e+01     64.340  42.600409    6.18102    35.2998    35.3013    27.3590    1487.42    1486.89 0.0000e+00
       1585     61.000     8.9657     8.9657   3.742572   3.742712     2.6454      93.95     0.0686 5.9897e-01 5.5176e+01     66.000  42.600428    6.19106    35.2999    35.3014    27.3590    1487.44    1486.90 0.0000e+00
       1611     62.000     8.9657     8.9657   3.742600   3.742760     2.6472      93.25     0.0672 5.6686e-01 5.4428e+01     67.094  42.600441    6.19509    35.2997    35.3014    27.3589    1487.45    1486.91 0.0000e+00
       1632     63.000     8.9650     8.9655   3.742601   3.742779     2.6472      92.52     0.0656 5.2866e-01 5.4426e+01     67.975  42.600451    6.19119    35.3000    35.3013    27.3592    1487.47    1486.92 0.0000e+00
       1654     64.000     8.9651     8.9649   3.742635   3.742763     2.6472      91.74     0.0681 4.9064e-01 5.4426e+01     68.866  42.600461    6.19162    35.2997    35.3013    27.3590    1487.48    1486.93 0.0000e+00
       1677     65.000     8.9648     8.9648   3.742649   3.742793     2.6469      90.85     0.0656 4.6187e-01 5.3655e+01     69.827  42.600473    6.18798    35.2997    35.3012    27.3590    1487.50    1486.94 0.0000e+00
       1699     66.000     8.9650     8.9650   3.742706   3.742862     2.6457      89.95     0.0637 4.3580e-01 5.3391e+01     70.740  42.600483    6.18284    35.2996    35.3013    27.3589    1487.52    1486.95 0.0000e+00
       1717     67.000     8.9653     8.9655   3.742791   3.742955     2.6448      89.08     0.0659 4.1649e-01 5.4448e+01     71.516  42.600492    6.18107    35.2997    35.3013    27.3590    1487.53    1486.96 0.0000e+00
       1734     68.000     8.9657     8.9657   3.742873   3.743005     2.6437      88.17     0.0693 3.9570e-01 5.4426e+01     72.212  42.600500    6.18120    35.2997    35.3011    27.3589    1487.55    1486.96 0.0000e+00
       1751     69.000     8.9659     8.9660   3.742959   3.743088     2.6436      87.25     0.0684 3.7549e-01 5.4314e+01     72.914  42.600508    6.18302    35.3000    35.3012    27.3590    1487.57    1486.97 0.0000e+00
       1771     70.000     8.9666     8.9666   3.743081   3.743204     2.6429      86.09     0.0676 3.5992e-01 5.2379e+01     73.736  42.600518    6.18110    35.3001    35.3014    27.3590    1487.59    1486.98 0.0000e+00
       1795     71.000     8.9667     8.9665   3.743127   3.743240     2.6428      84.77     0.0643 3.4850e-01 5.4404e+01     74.740  42.600529    6.18494    35.3000    35.3014    27.3589    1487.61    1486.99 0.0000e+00
       1820     72.000     8.9669     8.9669   3.743198   3.743335     2.6426      83.10     0.0624 3.3675e-01 5.4414e+01     75.771  42.600541    6.18319    35.3000    35.3015    27.3589    1487.62    1487.00 0.0000e+00
       1841     73.000     8.9669     8.9670   3.743249   3.743390     2.6422      81.96     0.0616 3.2349e-01 5.2038e+01     76.656  42.600552    6.18123    35.3001    35.3015    27.3590    1487.64    1487.01 0.0000e+00
       1858     74.000     8.9670     8.9671   3.743287   3.743454     2.6414      81.29     0.0638 3.0829e-01 5.4423e+01     77.395  42.600560    6.17777    35.2999    35.3016    27.3588    1487.66    1487.02 0.0000e+00
       1875     75.000     8.9672     8.9673   3.743361   3.743505     2.6407      80.51     0.0644 2.9247e-01 5.4426e+01     78.071  42.600568    6.17612    35.3000    35.3014    27.3588    1487.67    1487.03 0.0000e+00
       1890     76.000     8.9674     8.9674   3.743423   3.743564     2.6401      79.72     0.0654 2.7734e-01 5.4426e+01     78.712  42.600575    6.17262    35.3000    35.3015    27.3588    1487.69    1487.03 0.0000e+00
