IBTS/IBTS_CruiseNotebook/Data/CTD/sta0032.cnv
* Sea-Bird SBE 9 Data File:
* FileName = C:\Seabird\CTDData\sta0032.hex
* Software Version Seasave V 7.21f
* Temperature SN = 2491
* Conductivity SN = 2694
* Number of Bytes Per Scan = 40
* Number of Voltage Words = 5
* Number of Scans Averaged by the Deck Unit = 1
* NMEA Latitude = 60 38.39 N
* NMEA Longitude = 001 12.47 E
* NMEA UTC (Time) = Feb 14 2020 03:58:12
* NMEA baud rate = 4800
** Ship: 10 F/F "G. O. Sars"
** Station: 0032
** Echodepth: 142
** Log: 8288.6
** Wind-Dir Force: 04 15
** Air-temp (dry): 5.2
** Weather Sky:
** Sea Ice:
# nquan = 20                                
# nvalues = 132                         
# units = specified
# name 0 = scan: Scan Count
# name 1 = prDM: Pressure, Digiquartz [db]
# name 2 = t068C: Temperature [ITS-68, deg C]
# name 3 = t168C: Temperature, 2 [ITS-68, deg C]
# name 4 = c0S/m: Conductivity [S/m]
# name 5 = c1S/m: Conductivity, 2 [S/m]
# name 6 = sbeox0V: Oxygen raw, SBE 43 [V]
# name 7 = altM: Altimeter [m]
# name 8 = flC: Fluorescence, Chelsea Aqua 3 Chl Con [ug/l]
# name 9 = par: PAR/Irradiance, Biospherical/Licor
# name 10 = spar: SPAR/Surface Irradiance
# name 11 = timeS: Time, Elapsed [seconds]
# name 12 = timeJ: Julian Days
# name 13 = sbeox0ML/L: Oxygen, SBE 43 [ml/l], WS = 2
# name 14 = sal00: Salinity, Practical [PSU]
# name 15 = sal11: Salinity, Practical, 2 [PSU]
# name 16 = sigma-t00: Density [sigma-t, Kg/m^3 ]
# name 17 = svCM: Sound Velocity [Chen-Millero, m/s]
# name 18 = avgsvCM: Average Sound Velocity [Chen-Millero, m/s], minP = 1, minS = 5
# name 19 = flag: flag
# span 0 =        -15,       3397       
# span 1 =      4.000,    135.000       
# span 2 =     8.6236,     8.6449       
# span 3 =     8.6242,     8.6450       
# span 4 =   3.703267,   3.711062       
# span 5 =   3.703442,   3.711154       
# span 6 =     2.6089,     2.6445       
# span 7 =       7.86,      99.13       
# span 8 =     0.0765,     0.0948       
# span 9 = 5.1427e-02, 1.3094e+00       
# span 10 = 8.0907e-01, 1.9589e+00      
# span 11 =     -0.662,    141.480      
# span 12 =  45.165444,  45.167089      
# span 13 =    6.15745,    6.20960      
# span 14 =    35.2509,    35.2533      
# span 15 =    35.2519,    35.2546      
# span 16 =    27.3723,    27.3768      
# span 17 =    1485.18,    1487.41      
# span 18 =    1485.18,    1486.27      
# span 19 = 0.0000e+00, 0.0000e+00      
# interval = decibars: 1                
# start_time = Feb 14 2020 03:58:15 [System UTC, header]
# bad_flag = -9.990e-29
*END*
[from data line 73]
       1838     77.000     8.6345     8.6347   3.707431   3.707524     2.6264      65.06     0.0905 5.1449e-02 -9.990e-29     76.526  45.166337    6.20449    35.2512    35.2519    27.3736    1486.42    1485.79 0.0000e+00
       1870     78.000     8.6348     8.6350   3.707513   3.707610     2.6286      64.23     0.0896 5.1448e-02 -9.990e-29     77.868  45.166353    6.19528    35.2512    35.2521    27.3736    1486.43    1485.80 0.0000e+00
       1891     79.000     8.6351     8.6351   3.707578   3.707656     2.6270      63.45     0.0925 5.1472e-02 -9.990e-29     78.739  45.166363    6.18640    35.2512    35.2520    27.3735    1486.45    1485.81 0.0000e+00
       1908     80.000     8.6350     8.6350   3.707614   3.707692     2.6259      62.56     0.0921 5.1472e-02 -9.990e-29     79.449  45.166371    6.18628    35.2511    35.2520    27.3735    1486.47    1485.82 0.0000e+00
       1923     81.000     8.6351     8.6352   3.707678   3.707759     2.6252      61.51     0.0938 5.1472e-02 -9.990e-29     80.101  45.166378    6.18871    35.2512    35.2520    27.3736    1486.49    1485.82 0.0000e+00
       1939     82.000     8.6350     8.6351   3.707702   3.707802     2.6252      60.56     0.0924 5.1472e-02 -9.990e-29     80.748  45.166386    6.19213    35.2511    35.2521    27.3735    1486.50    1485.83 0.0000e+00
       1958     83.000     8.6348     8.6348   3.707727   3.707817     2.6252      59.61     0.0886 5.1439e-02 -9.990e-29     81.524  45.166395    6.19256    35.2511    35.2520    27.3735    1486.52    1485.84 0.0000e+00
       1982     84.000     8.6346     8.6346   3.707755   3.707841     2.6248      58.53     0.0875 5.1487e-02 -9.990e-29     82.530  45.166407    6.18940    35.2511    35.2520    27.3736    1486.53    1485.85 0.0000e+00
       2009     85.000     8.6347     8.6348   3.707811   3.707908     2.6242      57.50     0.0885 5.1451e-02 -9.990e-29     83.650  45.166420    6.19142    35.2511    35.2520    27.3736    1486.55    1485.86 0.0000e+00
       2033     86.000     8.6350     8.6350   3.707896   3.707982     2.6242      56.54     0.0888 5.1478e-02 -9.990e-29     84.666  45.166431    6.18853    35.2512    35.2521    27.3736    1486.57    1485.87 0.0000e+00
       2053     87.000     8.6355     8.6355   3.707970   3.708054     2.6230      55.65     0.0868 5.1462e-02 -9.990e-29     85.520  45.166441    6.18485    35.2510    35.2519    27.3734    1486.59    1485.87 0.0000e+00
       2072     88.000     8.6354     8.6355   3.708005   3.708115     2.6227      54.70     0.0880 5.1458e-02 -9.990e-29     86.303  45.166450    6.18564    35.2510    35.2521    27.3734    1486.60    1485.88 0.0000e+00
       2090     89.000     8.6355     8.6355   3.708056   3.708160     2.6217      53.71     0.0862 5.1450e-02 -9.990e-29     87.059  45.166459    6.18596    35.2510    35.2521    27.3733    1486.62    1485.89 0.0000e+00
       2107     90.000     8.6361     8.6357   3.708155   3.708209     2.6221      52.77     0.0847 5.1428e-02 -9.990e-29     87.754  45.166467    6.18872    35.2509    35.2519    27.3732    1486.64    1485.90 0.0000e+00
       2123     91.000     8.6359     8.6359   3.708190   3.708288     2.6218      51.79     0.0876 5.1485e-02 -9.990e-29     88.412  45.166475    6.18325    35.2510    35.2521    27.3733    1486.65    1485.91 0.0000e+00
       2139     92.000     8.6358     8.6359   3.708238   3.708332     2.6204      50.77     0.0880 5.1459e-02 -9.990e-29     89.093  45.166483    6.17976    35.2512    35.2521    27.3734    1486.67    1485.92 0.0000e+00
       2159     93.000     8.6357     8.6357   3.708262   3.708356     2.6200      49.63     0.0914 5.1456e-02 -9.990e-29     89.918  45.166492    6.18741    35.2510    35.2520    27.3733    1486.68    1485.92 0.0000e+00
       2188     94.000     8.6356     8.6358   3.708297   3.708395     2.6213      48.34     0.0947 5.1462e-02 -9.990e-29     91.142  45.166506    6.19560    35.2510    35.2519    27.3733    1486.70    1485.93 0.0000e+00
       2224     95.000     8.6366     8.6364   3.708445   3.708507     2.6226      47.26     0.0915 5.1445e-02 -9.990e-29     92.639  45.166524    6.19762    35.2511    35.2520    27.3732    1486.72    1485.94 0.0000e+00
       2253     96.000     8.6365     8.6365   3.708480   3.708574     2.6228      46.39     0.0860 5.1474e-02 -9.990e-29     93.833  45.166537    6.19375    35.2511    35.2521    27.3732    1486.74    1485.95 0.0000e+00
       2277     97.000     8.6366     8.6368   3.708534   3.708647     2.6218      45.53     0.0829 5.1475e-02 -9.990e-29     94.827  45.166549    6.18676    35.2511    35.2521    27.3732    1486.75    1485.96 0.0000e+00
       2298     98.000     8.6366     8.6366   3.708578   3.708674     2.6203      44.67     0.0850 5.1449e-02 -9.990e-29     95.701  45.166559    6.18592    35.2511    35.2521    27.3732    1486.77    1485.96 0.0000e+00
       2316     99.000     8.6366     8.6367   3.708631   3.708724     2.6202      43.81     0.0871 5.1436e-02 -9.990e-29     96.446  45.166568    6.19102    35.2511    35.2520    27.3733    1486.79    1485.97 0.0000e+00
       2331    100.000     8.6372     8.6372   3.708739   3.708826     2.6204      42.94     0.0869 5.1447e-02 -9.990e-29     97.099  45.166575    6.19102    35.2512    35.2521    27.3732    1486.81    1485.98 0.0000e+00
       2346    101.000     8.6375     8.6373   3.708807   3.708874     2.6200      42.03     0.0892 5.1467e-02 -9.990e-29     97.724  45.166582    6.18727    35.2511    35.2520    27.3731    1486.82    1485.99 0.0000e+00
       2361    102.000     8.6382     8.6378   3.708928   3.708991     2.6191      41.08     0.0912 5.1486e-02 -9.990e-29     98.339  45.166590    6.18403    35.2512    35.2523    27.3731    1486.84    1486.00 0.0000e+00
       2376    103.000     8.6385     8.6384   3.709008   3.709079     2.6186      40.11     0.0909 5.1466e-02 -9.990e-29     98.956  45.166597    6.18450    35.2513    35.2522    27.3731    1486.86    1486.01 0.0000e+00
       2391    104.000     8.6386     8.6389   3.709058   3.709179     2.6180      39.11     0.0904 5.1438e-02 -9.990e-29     99.577  45.166604    6.18297    35.2513    35.2522    27.3730    1486.88    1486.01 0.0000e+00
       2416    105.000     8.6386     8.6387   3.709101   3.709199     2.6170      37.69     0.0893 5.1457e-02 -9.990e-29    100.619  45.166616    6.18286    35.2512    35.2522    27.3730    1486.89    1486.02 0.0000e+00
       2459    106.000     8.6384     8.6383   3.709119   3.709210     2.6172      36.32     0.0912 5.1457e-02 -9.990e-29    102.402  45.166637    6.19167    35.2511    35.2522    27.3730    1486.91    1486.03 0.0000e+00
       2483    107.000     8.6379     8.6379   3.709138   3.709211     2.6179      35.55     0.0902 5.1454e-02 -9.990e-29    103.433  45.166648    6.19164    35.2513    35.2521    27.3732    1486.92    1486.04 0.0000e+00
       2501    108.000     8.6383     8.6383   3.709200   3.709303     2.6178      34.74     0.0862 5.1452e-02 -9.990e-29    104.179  45.166657    6.18781    35.2511    35.2522    27.3730    1486.94    1486.05 0.0000e+00
       2517    109.000     8.6385     8.6386   3.709263   3.709377     2.6172      33.86     0.0865 5.1486e-02 -9.990e-29    104.835  45.166665    6.18532    35.2511    35.2522    27.3729    1486.96    1486.06 0.0000e+00
       2532    110.000     8.6390     8.6390   3.709362   3.709455     2.6166      32.96     0.0856 5.1457e-02 -9.990e-29    105.453  45.166672    6.18556    35.2512    35.2522    27.3729    1486.98    1486.06 0.0000e+00
       2546    111.000     8.6386     8.6386   3.709362   3.709475     2.6165      32.04     0.0860 5.1439e-02 -9.990e-29    106.054  45.166679    6.18483    35.2511    35.2523    27.3729    1486.99    1486.07 0.0000e+00
       2562    112.000     8.6383     8.6383   3.709382   3.709483     2.6155      31.02     0.0890 5.1450e-02 -9.990e-29    106.718  45.166687    6.17919    35.2511    35.2522    27.3730    1487.01    1486.08 0.0000e+00
       2584    113.000     8.6381     8.6380   3.709404   3.709490     2.6142      29.82     0.0903 5.1466e-02 -9.990e-29    107.632  45.166697    6.18037    35.2511    35.2521    27.3730    1487.02    1486.09 0.0000e+00
       2614    114.000     8.6381     8.6382   3.709456   3.709542     2.6141      28.63     0.0907 5.1451e-02 1.9438e+00    108.879  45.166712    6.18856    35.2511    35.2519    27.3730    1487.04    1486.10 0.0000e+00
       2645    115.000     8.6383     8.6383   3.709520   3.709610     2.6157      27.63     0.0876 5.1463e-02 1.9438e+00    110.147  45.166726    6.19174    35.2511    35.2521    27.3730    1487.06    1486.11 0.0000e+00
       2670    116.000     8.6385     8.6386   3.709587   3.709686     2.6147      26.75     0.0845 5.1462e-02 1.9438e+00    111.214  45.166739    6.18340    35.2512    35.2521    27.3730    1487.07    1486.11 0.0000e+00
       2691    117.000     8.6388     8.6390   3.709666   3.709774     2.6144      25.88     0.0888 5.1456e-02 1.9438e+00    112.097  45.166749    6.18793    35.2512    35.2522    27.3730    1487.09    1486.12 0.0000e+00
       2709    118.000     8.6396     8.6395   3.709790   3.709872     2.6145      24.99     0.0909 5.1486e-02 1.9438e+00    112.840  45.166757    6.18967    35.2512    35.2522    27.3729    1487.11    1486.13 0.0000e+00
       2725    119.000     8.6397     8.6400   3.709846   3.709954     2.6146      24.08     0.0913 5.1466e-02 1.9438e+00    113.500  45.166765    6.19159    35.2513    35.2521    27.3729    1487.13    1486.14 0.0000e+00
       2740    120.000     8.6399     8.6402   3.709900   3.710028     2.6147      23.16     0.0947 5.1437e-02 1.9438e+00    114.133  45.166772    6.19449    35.2512    35.2522    27.3728    1487.14    1486.15 0.0000e+00
       2755    121.000     8.6417     8.6428   3.710146   3.710334     2.6155      22.19     0.0948 5.1477e-02 1.9438e+00    114.763  45.166780    6.19265    35.2515    35.2524    27.3727    1487.17    1486.16 0.0000e+00
       2771    122.000     8.6430     8.6435   3.710319   3.710464     2.6147      21.19     0.0937 5.1491e-02 1.9438e+00    115.403  45.166787    6.18397    35.2515    35.2526    27.3726    1487.19    1486.17 0.0000e+00
       2788    123.000     8.6430     8.6430   3.710383   3.710469     2.6131      20.05     0.0898 5.1454e-02 1.9438e+00    116.141  45.166796    6.18263    35.2517    35.2526    27.3727    1487.21    1486.17 0.0000e+00
       2810    124.000     8.6431     8.6433   3.710427   3.710552     2.6129      18.88     0.0883 5.1443e-02 1.9438e+00    117.035  45.166806    6.18798    35.2516    35.2527    27.3726    1487.22    1486.18 0.0000e+00
       2834    125.000     8.6438     8.6440   3.710560   3.710654     2.6130      17.76     0.0896 5.1446e-02 -9.990e-29    118.048  45.166818    6.19010    35.2518    35.2526    27.3727    1487.24    1486.19 0.0000e+00
       2861    126.000     8.6431     8.6431   3.710524   3.710612     2.6132      16.69     0.0926 5.1445e-02 -9.990e-29    119.161  45.166831    6.19105    35.2517    35.2526    27.3727    1487.26    1486.20 0.0000e+00
       2890    127.000     8.6423     8.6425   3.710480   3.710586     2.6130      15.65     0.0898 5.1453e-02 1.9438e+00    120.355  45.166844    6.19097    35.2515    35.2524    27.3727    1487.27    1486.21 0.0000e+00
       2915    128.000     8.6426     8.6426   3.710559   3.710645     2.6129      14.76     0.0908 5.1478e-02 1.9438e+00    121.407  45.166857    6.18708    35.2516    35.2525    27.3727    1487.29    1486.22 0.0000e+00
       2937    129.000     8.6428     8.6429   3.710635   3.710711     2.6114      13.87     0.0886 5.1462e-02 1.9133e+00    122.336  45.166867    6.17915    35.2517    35.2524    27.3727    1487.30    1486.22 0.0000e+00
       2960    130.000     8.6436     8.6435   3.710752   3.710825     2.6098      12.93     0.0852 5.1468e-02 8.0907e-01    123.281  45.166878    6.17732    35.2517    35.2525    27.3726    1487.32    1486.23 0.0000e+00
       2982    131.000     8.6443     8.6445   3.710880   3.710983     2.6092      11.98     0.0875 5.1451e-02 1.1401e+00    124.222  45.166889    6.18304    35.2518    35.2527    27.3726    1487.34    1486.24 0.0000e+00
       3003    132.000     8.6447     8.6450   3.710968   3.711075     2.6096      11.04     0.0903 5.1464e-02 1.9382e+00    125.077  45.166899    6.18687    35.2519    35.2527    27.3726    1487.36    1486.25 0.0000e+00
       3026    133.000     8.6448     8.6449   3.711004   3.711113     2.6096       9.97     0.0892 5.1455e-02 1.9438e+00    126.050  45.166910    6.18483    35.2517    35.2527    27.3724    1487.38    1486.26 0.0000e+00
       3127    134.000     8.6449     8.6449   3.711047   3.711154     2.6089       8.52     0.0895 5.1454e-02 1.9438e+00    130.237  45.166959    6.18303    35.2516    35.2527    27.3723    1487.39    1486.27 0.0000e+00
       3397    135.000     8.6444     8.6444   3.711062   3.711138     2.6114       7.86     0.0918 5.1478e-02 -9.990e-29    141.480  45.167089    6.19646    35.2517    35.2525    27.3725    1487.41    1486.27 0.0000e+00
