IBTS/IBTS_CruiseNotebook/Data/CTD/sta0018.cnv
* Sea-Bird SBE 9 Data File:
* FileName = C:\Seabird\CTDData\sta0018.hex
* Software Version Seasave V 7.21f
* Temperature SN = 2491
* Conductivity SN = 2694
* Number of Bytes Per Scan = 40
* Number of Voltage Words = 5
* Number of Scans Averaged by the Deck Unit = 1
* NMEA Latitude = 61 36.00 N
* NMEA Longitude = 000 12.88 W
* NMEA UTC (Time) = Feb 12 2020 02:38:00
* NMEA baud rate = 4800
** Ship: 10 F/F "G. O. Sars"
** Station: 0018
** Echodepth: 203
** Log: 7955.3
** Wind-Dir Force: 33 29
** Air-temp (dry): 4.0
** Weather Sky:
** Sea Ice:
# nquan = 20                                
# nvalues = 184                         
# units = specified
# name 0 = scan: Scan Count
# name 1 = prDM: Pressure, Digiquartz [db]
# name 2 = t068C: Temperature [ITS-68, deg C]
# name 3 = t168C: Temperature, 2 [ITS-68, deg C]
# name 4 = c0S/m: Conductivity [S/m]
# name 5 = c1S/m: Conductivity, 2 [S/m]
# name 6 = sbeox0V: Oxygen raw, SBE 43 [V]
# name 7 = altM: Altimeter [m]
# name 8 = flC: Fluorescence, Chelsea Aqua 3 Chl Con [ug/l]
# name 9 = par: PAR/Irradiance, Biospherical/Licor
# name 10 = spar: SPAR/Surface Irradiance
# name 11 = timeS: Time, Elapsed [seconds]
# name 12 = timeJ: Julian Days
# name 13 = sbeox0ML/L: Oxygen, SBE 43 [ml/l], WS = 2
# name 14 = sal00: Salinity, Practical [PSU]
# name 15 = sal11: Salinity, Practical, 2 [PSU]
# name 16 = sigma-t00: Density [sigma-t, Kg/m^3 ]
# name 17 = svCM: Sound Velocity [Chen-Millero, m/s]
# name 18 = avgsvCM: Average Sound Velocity [Chen-Millero, m/s], minP = 1, minS = 5
# name 19 = flag: flag
# span 0 =        372,       5226       
# span 1 =      8.000,    191.000       
# span 2 =     9.0570,     9.0881       
# span 3 =     9.0568,     9.0885       
# span 4 =   3.747753,   3.758663       
# span 5 =   3.747923,   3.758906       
# span 6 =     2.5790,     2.6361       
# span 7 =      12.95,     100.16       
# span 8 =     0.0541,     0.0658       
# span 9 = 5.1427e-02, 4.0178e-01       
# span 10 = 1.6053e+00, 1.9508e+00      
# span 11 =     15.475,    217.704      
# span 12 =  43.109924,  43.112265      
# span 13 =    6.06551,    6.11610      
# span 14 =    35.2862,    35.2896      
# span 15 =    35.2882,    35.2909      
# span 16 =    27.3296,    27.3354      
# span 17 =    1486.89,    1489.99      
# span 18 =    1486.89,    1488.40      
# span 19 = 0.0000e+00, 0.0000e+00      
# interval = decibars: 1                
# start_time = Feb 12 2020 02:38:02 [System UTC, header]
# bad_flag = -9.990e-29
*END*
        372      8.000     9.0593     9.0595   3.747894   3.748141     2.6279      52.03     0.0586 4.0178e-01 -9.990e-29     15.475  43.109924    6.08561    35.2883    35.2907    27.3348    1486.89    1486.89 0.0000e+00
        973      9.000     9.0570     9.0568   3.747753   3.747923     2.6344      68.21     0.0552 2.7481e-01 -9.990e-29     40.480  43.110214    6.11406    35.2887    35.2906    27.3354    1486.90    1486.90 0.0000e+00
       1010     10.000     9.0592     9.0602   3.748008   3.748296     2.6342      84.04     0.0575 1.6130e-01 -9.990e-29     42.021  43.110232    6.08942    35.2887    35.2907    27.3351    1486.93    1486.90 0.0000e+00
       1045     11.000     9.0606     9.0606   3.748209   3.748383     2.6315      83.46     0.0586 1.4484e-01 -9.990e-29     43.501  43.110249    6.08788    35.2889    35.2907    27.3351    1486.95    1486.90 0.0000e+00
       1080     12.000     9.0635     9.0638   3.748489   3.748698     2.6321      71.35     0.0551 1.7084e-01 -9.990e-29     44.949  43.110266    6.10106    35.2885    35.2904    27.3343    1486.98    1486.91 0.0000e+00
       1157     13.000     9.0639     9.0641   3.748571   3.748763     2.6346      98.43     0.0543 1.2461e-01 -9.990e-29     48.170  43.110303    6.10676    35.2885    35.2903    27.3342    1486.99    1486.92 0.0000e+00
       1215     14.000     9.0640     9.0641   3.748639   3.748821     2.6361      98.87     0.0547 9.6629e-02 -9.990e-29     50.576  43.110331    6.10942    35.2886    35.2904    27.3343    1487.01    1486.92 0.0000e+00
       1237     15.000     9.0642     9.0644   3.748738   3.748910     2.6354      71.86     0.0551 9.4119e-02 -9.990e-29     51.503  43.110341    6.10742    35.2890    35.2906    27.3345    1487.03    1486.93 0.0000e+00
       1261     16.000     9.0631     9.0633   3.748686   3.748872     2.6360      98.11     0.0594 8.0586e-02 -9.990e-29     52.492  43.110353    6.10544    35.2890    35.2908    27.3347    1487.04    1486.94 0.0000e+00
       1295     17.000     9.0621     9.0626   3.748635   3.748852     2.6330      85.83     0.0587 7.8460e-02 -9.990e-29     53.915  43.110369    6.09458    35.2890    35.2908    27.3349    1487.05    1486.94 0.0000e+00
       1349     18.000     9.0623     9.0628   3.748670   3.748872     2.6336      98.79     0.0575 6.7704e-02 -9.990e-29     56.158  43.110395    6.10372    35.2887    35.2903    27.3346    1487.07    1486.95 0.0000e+00
       1399     19.000     9.0656     9.0658   3.748936   3.749101     2.6324      93.12     0.0568 5.7327e-02 -9.990e-29     58.258  43.110420    6.09705    35.2877    35.2893    27.3333    1487.10    1486.96 0.0000e+00
       1439     20.000     9.0654     9.0657   3.748996   3.749163     2.6309      61.93     0.0541 5.2234e-02 -9.990e-29     59.933  43.110439    6.09709    35.2881    35.2895    27.3336    1487.11    1486.97 0.0000e+00
       1483     21.000     9.0652     9.0653   3.749043   3.749210     2.6330      98.89     0.0571 5.1466e-02 1.6053e+00     61.751  43.110460    6.10927    35.2883    35.2899    27.3338    1487.13    1486.97 0.0000e+00
       1517     22.000     9.0651     9.0655   3.749083   3.749265     2.6323      78.01     0.0569 5.1465e-02 1.9508e+00     63.178  43.110477    6.09824    35.2883    35.2898    27.3339    1487.15    1486.98 0.0000e+00
       1540     23.000     9.0653     9.0656   3.749185   3.749368     2.6325      95.37     0.0575 5.1464e-02 1.9438e+00     64.133  43.110488    6.10466    35.2887    35.2903    27.3341    1487.16    1486.99 0.0000e+00
       1558     24.000     9.0649     9.0652   3.749213   3.749392     2.6321      98.91     0.0600 5.1463e-02 1.9438e+00     64.864  43.110496    6.09617    35.2889    35.2905    27.3344    1487.18    1487.00 0.0000e+00
       1573     25.000     9.0645     9.0648   3.749259   3.749424     2.6303      98.86     0.0584 5.1457e-02 1.9438e+00     65.515  43.110504    6.08691    35.2893    35.2908    27.3347    1487.19    1487.01 0.0000e+00
       1588     26.000     9.0646     9.0649   3.749339   3.749496     2.6288      73.30     0.0589 5.1486e-02 1.9438e+00     66.132  43.110511    6.09129    35.2896    35.2909    27.3349    1487.21    1487.01 0.0000e+00
       1603     27.000     9.0651     9.0652   3.749406   3.749560     2.6287      66.66     0.0602 5.1480e-02 1.9438e+00     66.736  43.110518    6.10294    35.2893    35.2908    27.3346    1487.23    1487.02 0.0000e+00
       1617     28.000     9.0652     9.0658   3.749429   3.749606     2.6308      99.54     0.0613 5.1459e-02 -9.990e-29     67.325  43.110525    6.11610    35.2890    35.2902    27.3344    1487.25    1487.03 0.0000e+00
       1631     29.000     9.0662     9.0664   3.749534   3.749702     2.6318      98.86     0.0600 5.1459e-02 -9.990e-29     67.900  43.110531    6.11398    35.2886    35.2902    27.3339    1487.27    1487.04 0.0000e+00
       1679     30.000     9.0664     9.0667   3.749609   3.749777     2.6323      97.34     0.0561 5.1484e-02 -9.990e-29     69.920  43.110555    6.11147    35.2887    35.2902    27.3340    1487.28    1487.05 0.0000e+00
       1719     31.000     9.0671     9.0672   3.749733   3.749907     2.6319      98.93     0.0569 5.1491e-02 -9.990e-29     71.586  43.110574    6.10537    35.2888    35.2906    27.3339    1487.30    1487.05 0.0000e+00
       1739     32.000     9.0676     9.0677   3.749768   3.749941     2.6315      98.87     0.0584 5.1466e-02 -9.990e-29     72.416  43.110584    6.10958    35.2882    35.2899    27.3334    1487.32    1487.06 0.0000e+00
       1756     33.000     9.0679     9.0681   3.749811   3.749974     2.6322      98.86     0.0567 5.1445e-02 -9.990e-29     73.117  43.110592    6.11439    35.2879    35.2894    27.3331    1487.34    1487.07 0.0000e+00
       1772     34.000     9.0683     9.0684   3.749901   3.750067     2.6326      98.86     0.0553 5.1473e-02 -9.990e-29     73.787  43.110599    6.11308    35.2880    35.2896    27.3331    1487.36    1487.08 0.0000e+00
       1788     35.000     9.0686     9.0690   3.749989   3.750151     2.6324      98.87     0.0587 5.1454e-02 -9.990e-29     74.444  43.110607    6.10222    35.2881    35.2894    27.3331    1487.37    1487.09 0.0000e+00
       1803     36.000     9.0691     9.0693   3.750070   3.750225     2.6299      78.80     0.0572 5.1457e-02 -9.990e-29     75.091  43.110614    6.09351    35.2880    35.2894    27.3329    1487.39    1487.10 0.0000e+00
       1818     37.000     9.0693     9.0695   3.750133   3.750292     2.6284      67.25     0.0551 5.1457e-02 -9.990e-29     75.723  43.110622    6.09975    35.2880    35.2894    27.3329    1487.41    1487.10 0.0000e+00
       1839     38.000     9.0689     9.0693   3.750144   3.750306     2.6293      96.84     0.0595 5.1472e-02 -9.990e-29     76.566  43.110632    6.10618    35.2880    35.2893    27.3330    1487.42    1487.11 0.0000e+00
       1870     39.000     9.0688     9.0690   3.750181   3.750330     2.6289      98.87     0.0588 5.1461e-02 -9.990e-29     77.864  43.110647    6.10533    35.2880    35.2894    27.3330    1487.44    1487.12 0.0000e+00
       1896     40.000     9.0686     9.0689   3.750223   3.750382     2.6290      98.86     0.0600 5.1497e-02 -9.990e-29     78.938  43.110659    6.10736    35.2882    35.2895    27.3332    1487.46    1487.13 0.0000e+00
       1915     41.000     9.0688     9.0690   3.750296   3.750442     2.6291      98.86     0.0618 5.1467e-02 -9.990e-29     79.756  43.110668    6.10718    35.2883    35.2896    27.3332    1487.47    1487.14 0.0000e+00
       1933     42.000     9.0693     9.0696   3.750366   3.750522     2.6287      98.87     0.0622 5.1450e-02 -9.990e-29     80.511  43.110677    6.09796    35.2880    35.2893    27.3329    1487.49    1487.15 0.0000e+00
       1952     43.000     9.0694     9.0696   3.750416   3.750577     2.6260      56.93     0.0576 5.1456e-02 -9.990e-29     81.285  43.110686    6.09449    35.2880    35.2894    27.3329    1487.51    1487.15 0.0000e+00
       1974     44.000     9.0693     9.0695   3.750456   3.750609     2.6270      91.43     0.0581 5.1464e-02 -9.990e-29     82.189  43.110697    6.10736    35.2880    35.2894    27.3329    1487.52    1487.16 0.0000e+00
       2001     45.000     9.0692     9.0694   3.750485   3.750644     2.6271      98.87     0.0591 5.1465e-02 -9.990e-29     83.313  43.110710    6.10363    35.2879    35.2894    27.3329    1487.54    1487.17 0.0000e+00
       2027     46.000     9.0694     9.0695   3.750567   3.750714     2.6265      98.86     0.0565 5.1491e-02 -9.990e-29     84.411  43.110722    6.10275    35.2881    35.2895    27.3330    1487.56    1487.18 0.0000e+00
       2049     47.000     9.0698     9.0699   3.750649   3.750787     2.6264      98.87     0.0592 5.1439e-02 -9.990e-29     85.331  43.110733    6.09924    35.2881    35.2894    27.3329    1487.57    1487.19 0.0000e+00
       2068     48.000     9.0699     9.0702   3.750712   3.750871     2.6246      98.86     0.0597 5.1483e-02 -9.990e-29     86.117  43.110742    6.08648    35.2882    35.2895    27.3330    1487.59    1487.20 0.0000e+00
       2084     49.000     9.0701     9.0704   3.750783   3.750939     2.6229      98.87     0.0610 5.1456e-02 -9.990e-29     86.799  43.110750    6.07957    35.2882    35.2896    27.3330    1487.61    1487.21 0.0000e+00
       2099     50.000     9.0698     9.0702   3.750828   3.750990     2.6191      38.57     0.0634 5.1477e-02 -9.990e-29     87.434  43.110757    6.08297    35.2885    35.2898    27.3333    1487.62    1487.21 0.0000e+00
       2114     51.000     9.0700     9.0703   3.750877   3.751034     2.6221      92.65     0.0635 5.1476e-02 -9.990e-29     88.056  43.110764    6.10130    35.2884    35.2897    27.3331    1487.64    1487.22 0.0000e+00
       2129     52.000     9.0701     9.0703   3.750922   3.751100     2.6216      98.87     0.0630 5.1466e-02 -9.990e-29     88.667  43.110772    6.09324    35.2883    35.2899    27.3330    1487.66    1487.23 0.0000e+00
       2143     53.000     9.0704     9.0707   3.750997   3.751154     2.6213      98.86     0.0619 5.1521e-02 -9.990e-29     89.263  43.110778    6.08266    35.2883    35.2896    27.3330    1487.68    1487.24 0.0000e+00
       2159     54.000     9.0709     9.0708   3.751088   3.751212     2.6187      78.15     0.0593 5.1487e-02 -9.990e-29     89.906  43.110786    6.07580    35.2882    35.2896    27.3329    1487.69    1487.25 0.0000e+00
       2220     55.000     9.0708     9.0709   3.751119   3.751265     2.6222      87.38     0.0608 5.1463e-02 -9.990e-29     92.467  43.110816    6.10531    35.2882    35.2896    27.3328    1487.71    1487.26 0.0000e+00
       2256     56.000     9.0704     9.0708   3.751153   3.751321     2.6244      99.45     0.0609 5.1466e-02 -9.990e-29     93.948  43.110833    6.11071    35.2885    35.2898    27.3331    1487.73    1487.26 0.0000e+00
       2273     57.000     9.0707     9.0709   3.751231   3.751381     2.6253      98.86     0.0604 5.1521e-02 -9.990e-29     94.681  43.110841    6.11418    35.2885    35.2899    27.3331    1487.74    1487.27 0.0000e+00
       2289     58.000     9.0707     9.0710   3.751268   3.751427     2.6258      98.86     0.0565 5.1466e-02 -9.990e-29     95.340  43.110849    6.11062    35.2884    35.2898    27.3330    1487.76    1487.28 0.0000e+00
       2304     59.000     9.0702     9.0705   3.751216   3.751418     2.6254      83.25     0.0544 5.1476e-02 -9.990e-29     95.974  43.110856    6.10440    35.2879    35.2897    27.3327    1487.77    1487.29 0.0000e+00
       2320     60.000     9.0699     9.0700   3.751234   3.751384     2.6234      47.11     0.0560 5.1500e-02 -9.990e-29     96.606  43.110864    6.09986    35.2879    35.2894    27.3327    1487.79    1487.30 0.0000e+00
       2334     61.000     9.0696     9.0697   3.751262   3.751415     2.6241      98.63     0.0589 5.1480e-02 -9.990e-29     97.226  43.110871    6.10180    35.2880    35.2895    27.3329    1487.80    1487.31 0.0000e+00
       2349     62.000     9.0695     9.0696   3.751309   3.751460     2.6219      98.86     0.0607 5.1476e-02 -9.990e-29     97.838  43.110878    6.09067    35.2881    35.2896    27.3330    1487.82    1487.31 0.0000e+00
       2364     63.000     9.0696     9.0698   3.751363   3.751524     2.6204      98.86     0.0592 5.1470e-02 -9.990e-29     98.442  43.110885    6.08623    35.2881    35.2896    27.3330    1487.84    1487.32 0.0000e+00
       2379     64.000     9.0700     9.0700   3.751469   3.751603     2.6188      62.89     0.0600 5.1461e-02 -9.990e-29     99.073  43.110892    6.08705    35.2883    35.2897    27.3331    1487.86    1487.33 0.0000e+00
       2399     65.000     9.0702     9.0704   3.751537   3.751687     2.6186      70.72     0.0604 5.1437e-02 -9.990e-29     99.920  43.110902    6.09967    35.2884    35.2897    27.3331    1487.87    1487.34 0.0000e+00
       2429     66.000     9.0699     9.0703   3.751467   3.751662     2.6193      66.33     0.0605 5.1477e-02 -9.990e-29    101.162  43.110916    6.10283    35.2875    35.2891    27.3324    1487.89    1487.35 0.0000e+00
       2458     67.000     9.0693     9.0695   3.751395   3.751560     2.6211      48.21     0.0579 5.1468e-02 -9.990e-29    102.390  43.110930    6.11115    35.2868    35.2883    27.3320    1487.90    1487.36 0.0000e+00
       2481     68.000     9.0700     9.0705   3.751533   3.751724     2.6223     100.16     0.0601 5.1471e-02 -9.990e-29    103.314  43.110941    6.10906    35.2871    35.2886    27.3321    1487.92    1487.36 0.0000e+00
       2498     69.000     9.0709     9.0711   3.751698   3.751852     2.6207      98.86     0.0622 5.1461e-02 1.9438e+00    104.046  43.110950    6.09482    35.2874    35.2889    27.3322    1487.94    1487.37 0.0000e+00
       2514     70.000     9.0696     9.0698   3.751551   3.751714     2.6195      98.87     0.0612 5.1466e-02 1.9438e+00    104.697  43.110957    6.08917    35.2867    35.2882    27.3319    1487.95    1487.38 0.0000e+00
       2529     71.000     9.0698     9.0704   3.751628   3.751849     2.6167      34.92     0.0589 5.1457e-02 1.9438e+00    105.335  43.110965    6.09209    35.2868    35.2886    27.3319    1487.97    1487.39 0.0000e+00
       2544     72.000     9.0706     9.0710   3.751782   3.751948     2.6184      79.53     0.0604 5.1481e-02 1.9438e+00    105.966  43.110972    6.10704    35.2872    35.2885    27.3321    1487.99    1487.40 0.0000e+00
       2576     73.000     9.0702     9.0701   3.751755   3.751880     2.6179      86.36     0.0611 5.1472e-02 1.9438e+00    107.308  43.110987    6.09747    35.2868    35.2882    27.3319    1488.00    1487.41 0.0000e+00
       2620     74.000     9.0714     9.0716   3.751977   3.752126     2.6177      74.68     0.0633 5.1453e-02 1.9438e+00    109.145  43.111009    6.10995    35.2875    35.2888    27.3322    1488.02    1487.41 0.0000e+00
       2641     75.000     9.0725     9.0728   3.752181   3.752364     2.6193      99.82     0.0587 5.1500e-02 1.9438e+00    110.018  43.111019    6.10524    35.2881    35.2897    27.3324    1488.05    1487.42 0.0000e+00
       2658     76.000     9.0725     9.0727   3.752245   3.752405     2.6188      98.87     0.0586 5.1472e-02 1.9438e+00    110.702  43.111027    6.09308    35.2882    35.2897    27.3326    1488.06    1487.43 0.0000e+00
       2673     77.000     9.0725     9.0727   3.752289   3.752450     2.6157      34.19     0.0595 5.1437e-02 1.9438e+00    111.335  43.111034    6.08877    35.2882    35.2897    27.3326    1488.08    1487.44 0.0000e+00
       2688     78.000     9.0728     9.0729   3.752372   3.752521     2.6163      78.67     0.0592 5.1466e-02 1.9438e+00    111.956  43.111041    6.09981    35.2883    35.2898    27.3326    1488.10    1487.45 0.0000e+00
       2703     79.000     9.0733     9.0734   3.752453   3.752610     2.6166      98.60     0.0585 5.1457e-02 1.9438e+00    112.575  43.111048    6.09804    35.2882    35.2897    27.3324    1488.11    1487.46 0.0000e+00
