IBTS/IBTS_CruiseNotebook/Data/CTD/sta0004.cnv
* Sea-Bird SBE 9 Data File:
* FileName = C:\Seabird\CTDData\sta0004.hex
* Software Version Seasave V 7.21f
* Temperature SN = 2491
* Conductivity SN = 2694
* Number of Bytes Per Scan = 40
* Number of Voltage Words = 5
* Number of Scans Averaged by the Deck Unit = 1
* NMEA Latitude = 60 19.28 N
* NMEA Longitude = 002 38.50 E
* NMEA UTC (Time) = Feb 07 2020 17:36:31
* NMEA baud rate = 4800
** Ship: 10 F/F "G. O. Sars"
** Station: 0004
** Echodepth: 97
** Log: 7458.66
** Wind-Dir Force: 18 28
** Air-temp (dry): -0.9
** Weather Sky:
** Sea Ice:
# nquan = 20                                
# nvalues = 83                          
# units = specified
# name 0 = scan: Scan Count
# name 1 = prDM: Pressure, Digiquartz [db]
# name 2 = t068C: Temperature [ITS-68, deg C]
# name 3 = t168C: Temperature, 2 [ITS-68, deg C]
# name 4 = c0S/m: Conductivity [S/m]
# name 5 = c1S/m: Conductivity, 2 [S/m]
# name 6 = sbeox0V: Oxygen raw, SBE 43 [V]
# name 7 = altM: Altimeter [m]
# name 8 = flC: Fluorescence, Chelsea Aqua 3 Chl Con [ug/l]
# name 9 = par: PAR/Irradiance, Biospherical/Licor
# name 10 = spar: SPAR/Surface Irradiance
# name 11 = timeS: Time, Elapsed [seconds]
# name 12 = timeJ: Julian Days
# name 13 = sbeox0ML/L: Oxygen, SBE 43 [ml/l], WS = 2
# name 14 = sal00: Salinity, Practical [PSU]
# name 15 = sal11: Salinity, Practical, 2 [PSU]
# name 16 = sigma-t00: Density [sigma-t, Kg/m^3 ]
# name 17 = svCM: Sound Velocity [Chen-Millero, m/s]
# name 18 = avgsvCM: Average Sound Velocity [Chen-Millero, m/s], minP = 1, minS = 5
# name 19 = flag: flag
# span 0 =         50,       2817       
# span 1 =      7.000,     89.000       
# span 2 =     8.3430,     8.3516       
# span 3 =     8.3431,     8.3516       
# span 4 =   3.669504,   3.673914       
# span 5 =   3.669796,   3.674166       
# span 6 =     2.6531,     2.6837       
# span 7 =      -0.02,      81.19       
# span 8 =     0.0826,     0.0973       
# span 9 = 5.1403e-02, 3.7201e-01       
# span 10 = 0.0000e+00, 0.0000e+00      
# span 11 =      2.059,    117.353      
# span 12 =  38.733739,  38.735074      
# span 13 =    6.31428,    6.35867      
# span 14 =    35.1718,    35.1738      
# span 15 =    35.1744,    35.1768      
# span 16 =    27.3556,    27.3584      
# span 17 =    1484.09,    1485.46      
# span 18 =    1484.09,    1484.73      
# span 19 = 0.0000e+00, 0.0000e+00      
# interval = decibars: 1                
# start_time = Feb 07 2020 17:36:33 [System UTC, header]
# bad_flag = -9.990e-29
*END*
         50      7.000     8.3430     8.3431   3.669565   3.669852     2.6837      -0.02     0.0871 3.3140e-01 0.0000e+00      2.059  38.733739    6.34992    35.1738    35.1768    27.3584    1484.09    1484.09 0.0000e+00
        613      8.000     8.3431     8.3432   3.669504   3.669796     2.6832       9.35     0.0843 3.7201e-01 0.0000e+00     25.505  38.734010    6.34326    35.1726    35.1756    27.3574    1484.10    1484.09 0.0000e+00
        637      9.000     8.3431     8.3432   3.669552   3.669837     2.6826       9.06     0.0848 3.4430e-01 0.0000e+00     26.484  38.734022    6.34417    35.1726    35.1756    27.3575    1484.12    1484.09 0.0000e+00
        654     10.000     8.3432     8.3432   3.669612   3.669874     2.6825       8.81     0.0860 2.1314e-01 0.0000e+00     27.218  38.734030    6.34343    35.1727    35.1755    27.3575    1484.13    1484.10 0.0000e+00
        671     11.000     8.3434     8.3434   3.669690   3.669953     2.6815       8.66     0.0880 1.8012e-01 0.0000e+00     27.918  38.734038    6.33895    35.1728    35.1756    27.3576    1484.15    1484.10 0.0000e+00
        687     12.000     8.3437     8.3440   3.669773   3.670040     2.6807       8.75     0.0904 1.3783e-01 0.0000e+00     28.601  38.734046    6.34174    35.1729    35.1755    27.3576    1484.17    1484.11 0.0000e+00
        713     13.000     8.3437     8.3437   3.669802   3.670065     2.6812       8.61     0.0928 1.0718e-01 0.0000e+00     29.669  38.734059    6.34542    35.1727    35.1755    27.3575    1484.19    1484.11 0.0000e+00
        747     14.000     8.3435     8.3436   3.669844   3.670104     2.6795       8.69     0.0895 9.0134e-02 0.0000e+00     31.095  38.734075    6.32905    35.1729    35.1756    27.3576    1484.20    1484.12 0.0000e+00
        770     15.000     8.3441     8.3442   3.669943   3.670201     2.6772       8.62     0.0882 6.0932e-02 0.0000e+00     32.023  38.734086    6.33365    35.1729    35.1755    27.3575    1484.22    1484.13 0.0000e+00
        787     16.000     8.3439     8.3440   3.669965   3.670232     2.6783      68.14     0.0866 5.4112e-02 0.0000e+00     32.768  38.734094    6.34783    35.1728    35.1756    27.3575    1484.24    1484.13 0.0000e+00
        803     17.000     8.3436     8.3437   3.669970   3.670240     2.6795      81.19     0.0848 5.1403e-02 0.0000e+00     33.430  38.734102    6.34939    35.1727    35.1755    27.3574    1484.25    1484.14 0.0000e+00
        818     18.000     8.3447     8.3447   3.670126   3.670387     2.6796      80.14     0.0876 5.1427e-02 0.0000e+00     34.062  38.734109    6.34220    35.1727    35.1755    27.3573    1484.27    1484.15 0.0000e+00
        834     19.000     8.3437     8.3438   3.670083   3.670335     2.6786      79.39     0.0905 5.1533e-02 0.0000e+00     34.708  38.734117    6.33831    35.1728    35.1754    27.3575    1484.28    1484.15 0.0000e+00
        851     20.000     8.3437     8.3437   3.670116   3.670361     2.6782      78.39     0.0885 5.1445e-02 0.0000e+00     35.429  38.734125    6.34511    35.1727    35.1753    27.3574    1484.30    1484.16 0.0000e+00
        872     21.000     8.3436     8.3437   3.670157   3.670405     2.6793      76.90     0.0865 5.1451e-02 0.0000e+00     36.298  38.734135    6.34960    35.1727    35.1753    27.3575    1484.32    1484.17 0.0000e+00
        894     22.000     8.3440     8.3438   3.670251   3.670469     2.6791      75.53     0.0836 5.1432e-02 0.0000e+00     37.211  38.734146    6.34975    35.1728    35.1753    27.3575    1484.33    1484.18 0.0000e+00
        916     23.000     8.3439     8.3438   3.670270   3.670512     2.6806      74.35     0.0839 5.1431e-02 0.0000e+00     38.119  38.734156    6.35827    35.1726    35.1753    27.3574    1484.35    1484.18 0.0000e+00
        942     24.000     8.3444     8.3443   3.670374   3.670601     2.6806      73.27     0.0844 5.1438e-02 0.0000e+00     39.206  38.734169    6.35143    35.1728    35.1753    27.3574    1484.37    1484.19 0.0000e+00
        970     25.000     8.3449     8.3447   3.670467   3.670685     2.6809      72.30     0.0847 5.1440e-02 0.0000e+00     40.364  38.734182    6.35867    35.1728    35.1753    27.3573    1484.39    1484.20 0.0000e+00
        993     26.000     8.3451     8.3450   3.670527   3.670770     2.6813      71.47     0.0836 5.1440e-02 0.0000e+00     41.328  38.734194    6.35328    35.1727    35.1754    27.3572    1484.40    1484.21 0.0000e+00
       1012     27.000     8.3450     8.3452   3.670562   3.670820     2.6801      70.73     0.0840 5.1442e-02 0.0000e+00     42.120  38.734203    6.34581    35.1727    35.1752    27.3572    1484.42    1484.22 0.0000e+00
       1029     28.000     8.3449     8.3450   3.670591   3.670850     2.6791      70.01     0.0851 5.1427e-02 0.0000e+00     42.825  38.734211    6.34083    35.1726    35.1753    27.3572    1484.44    1484.22 0.0000e+00
       1045     29.000     8.3451     8.3451   3.670666   3.670913     2.6774      69.10     0.0834 5.1455e-02 0.0000e+00     43.495  38.734219    6.33154    35.1727    35.1754    27.3572    1484.45    1484.23 0.0000e+00
       1061     30.000     8.3450     8.3450   3.670705   3.670945     2.6747      68.23     0.0833 5.1434e-02 0.0000e+00     44.175  38.734227    6.32856    35.1728    35.1753    27.3573    1484.47    1484.24 0.0000e+00
       1081     31.000     8.3451     8.3451   3.670768   3.671006     2.6741      67.07     0.0846 5.1442e-02 0.0000e+00     45.018  38.734236    6.33959    35.1728    35.1754    27.3573    1484.49    1484.25 0.0000e+00
       1113     32.000     8.3453     8.3453   3.670821   3.671054     2.6751      65.72     0.0876 5.1442e-02 0.0000e+00     46.336  38.734252    6.34557    35.1727    35.1752    27.3572    1484.50    1484.25 0.0000e+00
       1143     33.000     8.3457     8.3457   3.670904   3.671147     2.6753      64.82     0.0839 5.1430e-02 0.0000e+00     47.567  38.734266    6.34666    35.1727    35.1753    27.3571    1484.52    1484.26 0.0000e+00
       1161     34.000     8.3459     8.3460   3.670972   3.671222     2.6757      63.94     0.0843 5.1436e-02 0.0000e+00     48.341  38.734275    6.35045    35.1728    35.1753    27.3571    1484.54    1484.27 0.0000e+00
       1177     35.000     8.3458     8.3455   3.671001   3.671221     2.6764      63.06     0.0839 5.1447e-02 0.0000e+00     48.987  38.734282    6.34936    35.1727    35.1753    27.3571    1484.55    1484.28 0.0000e+00
       1191     36.000     8.3457     8.3457   3.671038   3.671285     2.6757      62.12     0.0826 5.1449e-02 0.0000e+00     49.601  38.734289    6.34349    35.1727    35.1753    27.3571    1484.57    1484.29 0.0000e+00
       1206     37.000     8.3457     8.3458   3.671087   3.671332     2.6753      61.12     0.0832 5.1447e-02 0.0000e+00     50.213  38.734296    6.33767    35.1727    35.1752    27.3571    1484.59    1484.30 0.0000e+00
       1221     38.000     8.3462     8.3462   3.671179   3.671423     2.6734      60.12     0.0838 5.1454e-02 0.0000e+00     50.839  38.734304    6.32852    35.1727    35.1753    27.3571    1484.61    1484.30 0.0000e+00
       1242     39.000     8.3462     8.3461   3.671216   3.671449     2.6711      58.81     0.0879 5.1430e-02 0.0000e+00     51.699  38.734314    6.32901    35.1726    35.1752    27.3570    1484.62    1484.31 0.0000e+00
       1264     40.000     8.3463     8.3463   3.671289   3.671514     2.6705      57.62     0.0887 5.1449e-02 0.0000e+00     52.611  38.734324    6.33415    35.1728    35.1752    27.3571    1484.64    1484.32 0.0000e+00
       1282     41.000     8.3463     8.3464   3.671334   3.671562     2.6703      56.37     0.0881 5.1450e-02 0.0000e+00     53.361  38.734333    6.33464    35.1728    35.1751    27.3571    1484.66    1484.33 0.0000e+00
       1299     42.000     8.3464     8.3465   3.671390   3.671636     2.6700      55.48     0.0872 5.1466e-02 0.0000e+00     54.085  38.734341    6.33242    35.1728    35.1753    27.3571    1484.67    1484.34 0.0000e+00
       1322     43.000     8.3467     8.3469   3.671456   3.671694     2.6694      54.57     0.0882 5.1443e-02 0.0000e+00     55.057  38.734353    6.33575    35.1727    35.1751    27.3570    1484.69    1484.34 0.0000e+00
       1360     44.000     8.3468     8.3471   3.671506   3.671751     2.6703      53.40     0.0915 5.1439e-02 0.0000e+00     56.635  38.734371    6.34112    35.1727    35.1750    27.3569    1484.71    1484.35 0.0000e+00
       1394     45.000     8.3469     8.3468   3.671554   3.671786     2.6705      52.53     0.0899 5.1428e-02 0.0000e+00     58.061  38.734387    6.34027    35.1726    35.1752    27.3569    1484.72    1484.36 0.0000e+00
       1417     46.000     8.3472     8.3473   3.671645   3.671869     2.6704      51.63     0.0843 5.1440e-02 0.0000e+00     58.987  38.734398    6.34013    35.1728    35.1751    27.3569    1484.74    1484.37 0.0000e+00
       1434     47.000     8.3481     8.3480   3.671757   3.671983     2.6705      50.87     0.0830 5.1427e-02 0.0000e+00     59.718  38.734406    6.33780    35.1726    35.1751    27.3567    1484.76    1484.38 0.0000e+00
       1450     48.000     8.3480     8.3479   3.671793   3.672027     2.6694      49.99     0.0855 5.1437e-02 0.0000e+00     60.371  38.734414    6.33105    35.1726    35.1752    27.3567    1484.78    1484.39 0.0000e+00
       1465     49.000     8.3481     8.3481   3.671856   3.672088     2.6686      49.01     0.0883 5.1437e-02 0.0000e+00     61.003  38.734421    6.32499    35.1727    35.1751    27.3567    1484.79    1484.39 0.0000e+00
       1481     50.000     8.3479     8.3479   3.671883   3.672122     2.6663      48.18     0.0893 5.1452e-02 0.0000e+00     61.660  38.734429    6.31712    35.1727    35.1752    27.3568    1484.81    1484.40 0.0000e+00
       1501     51.000     8.3477     8.3477   3.671910   3.672144     2.6644      47.02     0.0880 5.1468e-02 0.0000e+00     62.481  38.734438    6.32218    35.1727    35.1752    27.3568    1484.82    1484.41 0.0000e+00
       1524     52.000     8.3478     8.3478   3.671971   3.672201     2.6649      45.87     0.0885 5.1425e-02 0.0000e+00     63.450  38.734450    6.33487    35.1727    35.1752    27.3568    1484.84    1484.42 0.0000e+00
       1546     53.000     8.3480     8.3480   3.672037   3.672266     2.6662      44.73     0.0908 5.1455e-02 0.0000e+00     64.369  38.734460    6.34030    35.1727    35.1752    27.3568    1484.86    1484.43 0.0000e+00
       1566     54.000     8.3480     8.3479   3.672087   3.672305     2.6668      43.83     0.0944 5.1454e-02 0.0000e+00     65.190  38.734470    6.34029    35.1728    35.1752    27.3568    1484.88    1484.44 0.0000e+00
       1584     55.000     8.3480     8.3480   3.672131   3.672359     2.6675      42.84     0.0950 5.1434e-02 0.0000e+00     65.971  38.734479    6.34076    35.1728    35.1752    27.3568    1484.89    1484.44 0.0000e+00
       1604     56.000     8.3482     8.3482   3.672194   3.672422     2.6673      41.85     0.0971 5.1459e-02 0.0000e+00     66.775  38.734488    6.34107    35.1727    35.1752    27.3568    1484.91    1484.45 0.0000e+00
       1625     57.000     8.3481     8.3481   3.672232   3.672469     2.6679      40.75     0.0971 5.1431e-02 0.0000e+00     67.685  38.734499    6.34421    35.1728    35.1753    27.3568    1484.93    1484.46 0.0000e+00
       1649     58.000     8.3483     8.3484   3.672300   3.672524     2.6679      39.67     0.0954 5.1431e-02 0.0000e+00     68.656  38.734510    6.34055    35.1728    35.1751    27.3568    1484.94    1484.47 0.0000e+00
       1671     59.000     8.3485     8.3485   3.672355   3.672572     2.6671      38.65     0.0925 5.1432e-02 0.0000e+00     69.578  38.734521    6.33561    35.1727    35.1750    27.3567    1484.96    1484.48 0.0000e+00
       1690     60.000     8.3489     8.3487   3.672432   3.672652     2.6661      37.76     0.0888 5.1426e-02 0.0000e+00     70.394  38.734530    6.32814    35.1726    35.1752    27.3566    1484.98    1484.49 0.0000e+00
       1709     61.000     8.3493     8.3493   3.672526   3.672752     2.6638      36.84     0.0896 5.1434e-02 0.0000e+00     71.159  38.734539    6.32130    35.1728    35.1752    27.3566    1485.00    1484.49 0.0000e+00
       1728     62.000     8.3492     8.3490   3.672553   3.672767     2.6627      35.78     0.0930 5.1432e-02 0.0000e+00     71.948  38.734548    6.32579    35.1727    35.1751    27.3565    1485.01    1484.50 0.0000e+00
       1753     63.000     8.3491     8.3491   3.672598   3.672809     2.6621      34.69     0.0929 5.1450e-02 0.0000e+00     73.000  38.734560    6.32603    35.1727    35.1750    27.3566    1485.03    1484.51 0.0000e+00
       1788     64.000     8.3494     8.3494   3.672655   3.672878     2.6612      33.49     0.0928 5.1435e-02 0.0000e+00     74.443  38.734577    6.32944    35.1726    35.1749    27.3564    1485.04    1484.52 0.0000e+00
       1816     65.000     8.3496     8.3495   3.672721   3.672951     2.6624      32.62     0.0929 5.1437e-02 0.0000e+00     75.633  38.734591    6.33815    35.1726    35.1751    27.3564    1485.06    1484.53 0.0000e+00
       1835     66.000     8.3493     8.3493   3.672756   3.672967     2.6633      31.93     0.0933 5.1452e-02 0.0000e+00     76.433  38.734600    6.34012    35.1728    35.1750    27.3566    1485.08    1484.54 0.0000e+00
       1851     67.000     8.3498     8.3498   3.672835   3.673062     2.6637      31.22     0.0951 5.1447e-02 0.0000e+00     77.100  38.734608    6.33438    35.1726    35.1750    27.3564    1485.10    1484.54 0.0000e+00
       1866     68.000     8.3501     8.3501   3.672912   3.673139     2.6626      30.36     0.0973 5.1447e-02 0.0000e+00     77.723  38.734615    6.32401    35.1727    35.1751    27.3564    1485.11    1484.55 0.0000e+00
       1882     69.000     8.3498     8.3497   3.672931   3.673162     2.6608      29.33     0.0967 5.1426e-02 0.0000e+00     78.377  38.734622    6.31686    35.1727    35.1752    27.3565    1485.13    1484.56 0.0000e+00
       1901     70.000     8.3495     8.3493   3.672952   3.673164     2.6588      28.10     0.0922 5.1437e-02 0.0000e+00     79.186  38.734632    6.31846    35.1727    35.1752    27.3565    1485.14    1484.57 0.0000e+00
       1927     71.000     8.3497     8.3496   3.673008   3.673223     2.6583      26.89     0.0935 5.1435e-02 0.0000e+00     80.230  38.734644    6.32484    35.1726    35.1750    27.3564    1485.16    1484.58 0.0000e+00
       1952     72.000     8.3497     8.3496   3.673067   3.673275     2.6588      25.80     0.0942 5.1429e-02 0.0000e+00     81.277  38.734656    6.33249    35.1728    35.1751    27.3566    1485.18    1484.59 0.0000e+00
       1979     73.000     8.3494     8.3493   3.673077   3.673303     2.6603      24.69     0.0933 5.1436e-02 0.0000e+00     82.396  38.734669    6.34120    35.1727    35.1752    27.3565    1485.19    1484.59 0.0000e+00
       2002     74.000     8.3496     8.3496   3.673147   3.673358     2.6617      23.78     0.0903 5.1444e-02 0.0000e+00     83.364  38.734680    6.34043    35.1727    35.1750    27.3566    1485.21    1484.60 0.0000e+00
       2023     75.000     8.3498     8.3500   3.673210   3.673450     2.6616      22.74     0.0871 5.1446e-02 0.0000e+00     84.255  38.734690    6.33835    35.1727    35.1751    27.3565    1485.23    1484.61 0.0000e+00
       2044     76.000     8.3502     8.3502   3.673294   3.673529     2.6617      21.84     0.0909 5.1440e-02 0.0000e+00     85.122  38.734701    6.33470    35.1727    35.1752    27.3565    1485.25    1484.62 0.0000e+00
       2063     77.000     8.3509     8.3509   3.673394   3.673623     2.6601      20.84     0.0922 5.1434e-02 0.0000e+00     85.917  38.734710    6.32796    35.1726    35.1751    27.3563    1485.26    1484.63 0.0000e+00
       2080     78.000     8.3513     8.3514   3.673466   3.673706     2.6597      20.02     0.0919 5.1427e-02 0.0000e+00     86.622  38.734718    6.33026    35.1725    35.1750    27.3561    1485.28    1484.64 0.0000e+00
