IBTS/IBTS_CruiseNotebook/Data/CTD/sta0010.cnv
* Sea-Bird SBE 9 Data File:
* FileName = C:\Seabird\CTDData\sta0010.hex
* Software Version Seasave V 7.21f
* Temperature SN = 2491
* Conductivity SN = 2694
* Number of Bytes Per Scan = 40
* Number of Voltage Words = 5
* Number of Scans Averaged by the Deck Unit = 1
* NMEA Latitude = 61 12.60 N
* NMEA Longitude = 001 47.82 E
* NMEA UTC (Time) = Feb 11 2020 00:35:10
* NMEA baud rate = 4800
** Ship: 10 F/F "G. O. Sars"
** Station: 0010
** Echodepth: 149
** Log: 7789.50
** Wind-Dir Force: 24 28
** Air-temp (dry): 4.2
** Weather Sky:
** Sea Ice:
# nquan = 20                                
# nvalues = 132                         
# units = specified
# name 0 = scan: Scan Count
# name 1 = prDM: Pressure, Digiquartz [db]
# name 2 = t068C: Temperature [ITS-68, deg C]
# name 3 = t168C: Temperature, 2 [ITS-68, deg C]
# name 4 = c0S/m: Conductivity [S/m]
# name 5 = c1S/m: Conductivity, 2 [S/m]
# name 6 = sbeox0V: Oxygen raw, SBE 43 [V]
# name 7 = altM: Altimeter [m]
# name 8 = flC: Fluorescence, Chelsea Aqua 3 Chl Con [ug/l]
# name 9 = par: PAR/Irradiance, Biospherical/Licor
# name 10 = spar: SPAR/Surface Irradiance
# name 11 = timeS: Time, Elapsed [seconds]
# name 12 = timeJ: Julian Days
# name 13 = sbeox0ML/L: Oxygen, SBE 43 [ml/l], WS = 2
# name 14 = sal00: Salinity, Practical [PSU]
# name 15 = sal11: Salinity, Practical, 2 [PSU]
# name 16 = sigma-t00: Density [sigma-t, Kg/m^3 ]
# name 17 = svCM: Sound Velocity [Chen-Millero, m/s]
# name 18 = avgsvCM: Average Sound Velocity [Chen-Millero, m/s], minP = 1, minS = 5
# name 19 = flag: flag
# span 0 =        -91,       4062       
# span 1 =      5.000,    136.000       
# span 2 =     8.8117,     8.8372       
# span 3 =     8.8119,     8.8372       
# span 4 =   3.724329,   3.732697       
# span 5 =   3.724616,   3.732877       
# span 6 =     2.6265,     2.6686       
# span 7 =      13.34,     117.37       
# span 8 =     0.0618,     0.0784       
# span 9 = 5.1417e-02, 5.5943e-01       
# span 10 = -3.046e-02, 1.9478e+00      
# span 11 =     -3.826,    169.194      
# span 12 =  42.024400,  42.026403      
# span 13 =    6.17751,    6.23988      
# span 14 =    35.2870,    35.2885      
# span 15 =    35.2897,    35.2906      
# span 16 =    27.3702,    27.3744      
# span 17 =    1485.94,    1488.18      
# span 18 =    1485.94,    1487.03      
# span 19 = 0.0000e+00, 0.0000e+00      
# interval = decibars: 1                
# start_time = Feb 11 2020 00:35:12 [System UTC, header]
# bad_flag = -9.990e-29
*END*
[from data line 73]
       2615     78.000     8.8265     8.8264   3.729099   3.729272     2.6448      71.71     0.0723 5.1466e-02 1.8523e+00    108.903  42.025705    6.21379    35.2884    35.2903    27.3723    1487.19    1486.54 0.0000e+00
       2639     79.000     8.8265     8.8262   3.729131   3.729294     2.6439      70.22     0.0746 5.1461e-02 1.6448e+00    109.920  42.025717    6.21114    35.2882    35.2902    27.3722    1487.21    1486.55 0.0000e+00
       2668     80.000     8.8266     8.8269   3.729208   3.729410     2.6435      69.07     0.0729 5.1451e-02 -3.046e-02    111.126  42.025731    6.21699    35.2884    35.2903    27.3724    1487.22    1486.55 0.0000e+00
       2687     81.000     8.8277     8.8275   3.729351   3.729503     2.6442      68.23     0.0692 5.1435e-02 7.6132e-06    111.927  42.025740    6.21744    35.2884    35.2902    27.3721    1487.24    1486.56 0.0000e+00
       2704     82.000     8.8283     8.8283   3.729452   3.729626     2.6436      67.40     0.0712 5.1455e-02 1.3780e-01    112.616  42.025748    6.21221    35.2884    35.2902    27.3720    1487.26    1486.57 0.0000e+00
       2719     83.000     8.8289     8.8295   3.729557   3.729790     2.6432      66.40     0.0707 5.1436e-02 -9.990e-29    113.265  42.025755    6.20769    35.2884    35.2903    27.3719    1487.28    1486.58 0.0000e+00
       2736     84.000     8.8297     8.8299   3.729672   3.729872     2.6414      65.38     0.0702 5.1455e-02 -9.990e-29    113.968  42.025763    6.20397    35.2883    35.2902    27.3718    1487.30    1486.59 0.0000e+00
       2761     85.000     8.8297     8.8300   3.729703   3.729921     2.6413      64.19     0.0729 5.1450e-02 -9.990e-29    115.010  42.025776    6.21253    35.2882    35.2902    27.3716    1487.32    1486.60 0.0000e+00
       2799     86.000     8.8281     8.8291   3.729609   3.729880     2.6412      63.09     0.0744 5.1455e-02 -9.990e-29    116.573  42.025794    6.21135    35.2883    35.2902    27.3720    1487.33    1486.61 0.0000e+00
       2832     87.000     8.8276     8.8282   3.729614   3.729838     2.6411      62.08     0.0738 5.1467e-02 -9.990e-29    117.953  42.025810    6.21314    35.2884    35.2901    27.3721    1487.34    1486.61 0.0000e+00
       2856     88.000     8.8277     8.8278   3.729672   3.729849     2.6411      61.20     0.0747 5.1452e-02 -9.990e-29    118.938  42.025821    6.21279    35.2884    35.2902    27.3721    1487.36    1486.62 0.0000e+00
       2874     89.000     8.8291     8.8302   3.729847   3.730120     2.6407      60.31     0.0738 5.1469e-02 -9.990e-29    119.714  42.025830    6.21442    35.2884    35.2901    27.3719    1487.38    1486.63 0.0000e+00
       2891     90.000     8.8283     8.8288   3.729817   3.730037     2.6414      59.38     0.0730 5.1472e-02 -9.990e-29    120.412  42.025838    6.21886    35.2884    35.2902    27.3720    1487.39    1486.64 0.0000e+00
       2906     91.000     8.8303     8.8308   3.730055   3.730276     2.6416      58.45     0.0729 5.1417e-02 2.4697e-01    121.057  42.025845    6.21367    35.2884    35.2902    27.3717    1487.42    1486.65 0.0000e+00
       2921     92.000     8.8319     8.8321   3.730233   3.730433     2.6404      57.48     0.0727 5.1472e-02 1.2450e-03    121.684  42.025853    6.20581    35.2882    35.2901    27.3713    1487.44    1486.66 0.0000e+00
       2936     93.000     8.8324     8.8324   3.730333   3.730508     2.6395      56.49     0.0735 5.1439e-02 6.6845e-12    122.302  42.025860    6.20132    35.2883    35.2901    27.3713    1487.46    1486.67 0.0000e+00
       2951     94.000     8.8327     8.8330   3.730400   3.730599     2.6377      55.53     0.0758 5.1470e-02 5.0534e-02    122.902  42.025867    6.19671    35.2882    35.2900    27.3712    1487.48    1486.67 0.0000e+00
       2965     95.000     8.8333     8.8335   3.730501   3.730697     2.6365      54.60     0.0774 5.1456e-02 1.9230e+00    123.508  42.025874    6.19922    35.2882    35.2901    27.3711    1487.49    1486.68 0.0000e+00
       2980     96.000     8.8338     8.8338   3.730585   3.730770     2.6362      53.58     0.0773 5.1445e-02 1.9413e+00    124.130  42.025881    6.20746    35.2881    35.2900    27.3709    1487.51    1486.69 0.0000e+00
       3008     97.000     8.8334     8.8336   3.730600   3.730790     2.6380      52.11     0.0751 5.1454e-02 1.2131e+00    125.283  42.025894    6.21714    35.2882    35.2900    27.3711    1487.53    1486.70 0.0000e+00
       3061     98.000     8.8335     8.8336   3.730649   3.730837     2.6384      50.76     0.0747 5.1448e-02 -9.990e-29    127.519  42.025920    6.20650    35.2881    35.2900    27.3710    1487.54    1486.71 0.0000e+00
       3089     99.000     8.8337     8.8338   3.730714   3.730908     2.6371      50.16     0.0729 5.1481e-02 -9.990e-29    128.660  42.025934    6.20929    35.2881    35.2901    27.3710    1487.56    1486.72 0.0000e+00
       3107    100.000     8.8340     8.8341   3.730803   3.730980     2.6371      49.42     0.0737 5.1460e-02 -9.990e-29    129.428  42.025942    6.21182    35.2883    35.2900    27.3710    1487.58    1486.73 0.0000e+00
       3123    101.000     8.8342     8.8342   3.730854   3.731039     2.6374      48.56     0.0757 5.1472e-02 -9.990e-29    130.094  42.025950    6.21404    35.2881    35.2901    27.3709    1487.60    1486.73 0.0000e+00
       3138    102.000     8.8344     8.8345   3.730919   3.731092     2.6375      47.69     0.0748 5.1470e-02 -9.990e-29    130.724  42.025957    6.21401    35.2881    35.2899    27.3709    1487.61    1486.74 0.0000e+00
       3153    103.000     8.8345     8.8345   3.730966   3.731154     2.6375      46.76     0.0759 5.1466e-02 -9.990e-29    131.342  42.025965    6.21016    35.2880    35.2900    27.3708    1487.63    1486.75 0.0000e+00
       3168    104.000     8.8346     8.8346   3.731026   3.731212     2.6368      45.78     0.0761 5.1505e-02 -9.990e-29    131.962  42.025972    6.19846    35.2881    35.2901    27.3708    1487.65    1486.76 0.0000e+00
       3193    105.000     8.8341     8.8343   3.731031   3.731214     2.6316      44.42     0.0743 5.1458e-02 1.4952e+00    133.019  42.025984    6.17751    35.2882    35.2899    27.3709    1487.66    1486.77 0.0000e+00
       3229    106.000     8.8344     8.8347   3.731109   3.731297     2.6280      43.17     0.0776 5.1449e-02 3.7236e-01    134.500  42.026001    6.19393    35.2882    35.2899    27.3709    1487.68    1486.78 0.0000e+00
       3253    107.000     8.8347     8.8349   3.731179   3.731378     2.6303      42.28     0.0745 5.1467e-02 1.5955e+00    135.483  42.026013    6.20568    35.2882    35.2901    27.3709    1487.70    1486.79 0.0000e+00
       3271    108.000     8.8348     8.8350   3.731236   3.731438     2.6314      41.40     0.0736 5.1469e-02 1.9478e+00    136.258  42.026021    6.20635    35.2882    35.2901    27.3709    1487.71    1486.79 0.0000e+00
       3288    109.000     8.8351     8.8352   3.731305   3.731497     2.6319      40.49     0.0753 5.1454e-02 1.9438e+00    136.944  42.026030    6.20736    35.2881    35.2901    27.3708    1487.73    1486.80 0.0000e+00
       3303    110.000     8.8353     8.8354   3.731375   3.731558     2.6325      39.57     0.0758 5.1454e-02 1.9438e+00    137.597  42.026037    6.20657    35.2882    35.2900    27.3708    1487.75    1486.81 0.0000e+00
       3319    111.000     8.8354     8.8354   3.731426   3.731604     2.6323      38.60     0.0738 5.1459e-02 -9.990e-29    138.232  42.026044    6.20272    35.2882    35.2900    27.3707    1487.77    1486.82 0.0000e+00
       3334    112.000     8.8355     8.8356   3.731477   3.731666     2.6318      37.64     0.0708 5.1463e-02 -9.990e-29    138.856  42.026052    6.20415    35.2881    35.2900    27.3707    1487.78    1486.83 0.0000e+00
       3349    113.000     8.8350     8.8352   3.731473   3.731673     2.6321      36.63     0.0698 5.1470e-02 -9.990e-29    139.479  42.026059    6.20932    35.2881    35.2900    27.3707    1487.80    1486.84 0.0000e+00
       3363    114.000     8.8345     8.8345   3.731475   3.731647     2.6325      35.65     0.0715 5.1456e-02 -9.990e-29    140.098  42.026066    6.21010    35.2881    35.2899    27.3708    1487.81    1486.85 0.0000e+00
       3379    115.000     8.8345     8.8344   3.731517   3.731691     2.6325      34.65     0.0734 5.1472e-02 -9.990e-29    140.731  42.026073    6.20599    35.2881    35.2900    27.3708    1487.83    1486.85 0.0000e+00
       3397    116.000     8.8343     8.8344   3.731546   3.731732     2.6314      33.53     0.0712 5.1460e-02 -9.990e-29    141.514  42.026082    6.20358    35.2881    35.2900    27.3709    1487.84    1486.86 0.0000e+00
       3485    117.000     8.8347     8.8350   3.731619   3.731821     2.6318      32.00     0.0742 5.1469e-02 -9.990e-29    145.175  42.026125    6.21186    35.2880    35.2898    27.3707    1487.86    1486.87 0.0000e+00
       3511    118.000     8.8355     8.8355   3.731729   3.731937     2.6324      31.42     0.0760 5.1425e-02 -9.990e-29    146.250  42.026137    6.21361    35.2879    35.2901    27.3705    1487.88    1486.88 0.0000e+00
       3528    119.000     8.8357     8.8358   3.731802   3.732007     2.6326      30.63     0.0762 5.1500e-02 -9.990e-29    146.938  42.026145    6.21380    35.2880    35.2900    27.3705    1487.90    1486.89 0.0000e+00
       3543    120.000     8.8359     8.8361   3.731862   3.732080     2.6327      29.75     0.0739 5.1495e-02 -9.990e-29    147.588  42.026153    6.21117    35.2879    35.2900    27.3705    1487.91    1486.90 0.0000e+00
       3558    121.000     8.8362     8.8363   3.731942   3.732134     2.6322      28.82     0.0697 5.1466e-02 -9.990e-29    148.220  42.026160    6.20379    35.2880    35.2899    27.3705    1487.93    1486.91 0.0000e+00
       3573    122.000     8.8363     8.8364   3.732014   3.732194     2.6304      27.84     0.0689 5.1447e-02 -9.990e-29    148.841  42.026167    6.19626    35.2882    35.2900    27.3706    1487.95    1486.91 0.0000e+00
       3588    123.000     8.8364     8.8366   3.732057   3.732266     2.6292      26.85     0.0696 5.1447e-02 -9.990e-29    149.452  42.026174    6.19534    35.2881    35.2901    27.3705    1487.97    1486.92 0.0000e+00
       3603    124.000     8.8368     8.8370   3.732147   3.732339     2.6278      25.84     0.0716 5.1439e-02 -9.990e-29    150.068  42.026181    6.19447    35.2881    35.2899    27.3705    1487.98    1486.93 0.0000e+00
       3617    125.000     8.8372     8.8372   3.732210   3.732394     2.6273      24.83     0.0740 5.1447e-02 -9.990e-29    150.679  42.026188    6.19759    35.2879    35.2898    27.3702    1488.00    1486.94 0.0000e+00
       3632    126.000     8.8367     8.8367   3.732221   3.732407     2.6270      23.81     0.0749 5.1452e-02 -9.990e-29    151.300  42.026196    6.19915    35.2880    35.2900    27.3704    1488.02    1486.95 0.0000e+00
       3654    127.000     8.8365     8.8367   3.732241   3.732434     2.6265      22.56     0.0738 5.1462e-02 -9.990e-29    152.190  42.026206    6.20127    35.2880    35.2898    27.3704    1488.03    1486.96 0.0000e+00
       3675    128.000     8.8366     8.8368   3.732309   3.732496     2.6272      21.52     0.0744 5.1454e-02 -9.990e-29    153.069  42.026216    6.21063    35.2881    35.2899    27.3705    1488.05    1486.97 0.0000e+00
       3694    129.000     8.8367     8.8367   3.732357   3.732536     2.6285      20.57     0.0736 5.1471e-02 1.9438e+00    153.867  42.026225    6.21349    35.2880    35.2899    27.3704    1488.07    1486.97 0.0000e+00
       3715    130.000     8.8366     8.8366   3.732388   3.732561     2.6284      19.55     0.0757 5.1476e-02 1.9438e+00    154.751  42.026236    6.20602    35.2880    35.2898    27.3704    1488.08    1486.98 0.0000e+00
       3745    131.000     8.8361     8.8361   3.732382   3.732568     2.6278      18.38     0.0734 5.1468e-02 1.9438e+00    156.016  42.026250    6.20973    35.2879    35.2899    27.3704    1488.10    1486.99 0.0000e+00
       3777    132.000     8.8361     8.8362   3.732433   3.732626     2.6290      17.41     0.0744 5.1458e-02 1.9438e+00    157.346  42.026266    6.21463    35.2880    35.2899    27.3705    1488.11    1487.00 0.0000e+00
       3799    133.000     8.8354     8.8355   3.732419   3.732614     2.6286      16.62     0.0749 5.1480e-02 1.9438e+00    158.230  42.026276    6.20751    35.2881    35.2900    27.3707    1488.13    1487.01 0.0000e+00
       3816    134.000     8.8362     8.8361   3.732538   3.732722     2.6278      15.79     0.0758 5.1453e-02 -9.990e-29    158.946  42.026284    6.20767    35.2880    35.2901    27.3705    1488.15    1487.02 0.0000e+00
       3907    135.000     8.8365     8.8363   3.732618   3.732776     2.6277      14.57     0.0746 5.1476e-02 -9.990e-29    162.743  42.026328    6.21206    35.2881    35.2900    27.3705    1488.16    1487.03 0.0000e+00
       4062    136.000     8.8369     8.8371   3.732697   3.732877     2.6272      13.34     0.0753 5.1462e-02 -9.990e-29    169.194  42.026403    6.21058    35.2881    35.2898    27.3704    1488.18    1487.03 0.0000e+00
