IBTS/IBTS_CruiseNotebook/Data/CTD/sta0011.cnv
* Sea-Bird SBE 9 Data File:
* FileName = C:\Seabird\CTDData\sta0011.hex
* Software Version Seasave V 7.21f
* Temperature SN = 2491
* Conductivity SN = 2694
* Number of Bytes Per Scan = 40
* Number of Voltage Words = 5
* Number of Scans Averaged by the Deck Unit = 1
* NMEA Latitude = 61 05.94 N
* NMEA Longitude = 002 11.17 E
* NMEA UTC (Time) = Feb 11 2020 02:37:24
* NMEA baud rate = 4800
** Ship: 10 F/F "G. O. Sars"
** Station: 0011
** Echodepth: 137
** Log: 7803.80
** Wind-Dir Force: 25 24
** Air-temp (dry): 4.6
** Weather Sky:
** Sea Ice:
# nquan = 20                                
# nvalues = 129                         
# units = specified
# name 0 = scan: Scan Count
# name 1 = prDM: Pressure, Digiquartz [db]
# name 2 = t068C: Temperature [ITS-68, deg C]
# name 3 = t168C: Temperature, 2 [ITS-68, deg C]
# name 4 = c0S/m: Conductivity [S/m]
# name 5 = c1S/m: Conductivity, 2 [S/m]
# name 6 = sbeox0V: Oxygen raw, SBE 43 [V]
# name 7 = altM: Altimeter [m]
# name 8 = flC: Fluorescence, Chelsea Aqua 3 Chl Con [ug/l]
# name 9 = par: PAR/Irradiance, Biospherical/Licor
# name 10 = spar: SPAR/Surface Irradiance
# name 11 = timeS: Time, Elapsed [seconds]
# name 12 = timeJ: Julian Days
# name 13 = sbeox0ML/L: Oxygen, SBE 43 [ml/l], WS = 2
# name 14 = sal00: Salinity, Practical [PSU]
# name 15 = sal11: Salinity, Practical, 2 [PSU]
# name 16 = sigma-t00: Density [sigma-t, Kg/m^3 ]
# name 17 = svCM: Sound Velocity [Chen-Millero, m/s]
# name 18 = avgsvCM: Average Sound Velocity [Chen-Millero, m/s], minP = 1, minS = 5
# name 19 = flag: flag
# span 0 =         43,       3821       
# span 1 =      5.000,    133.000       
# span 2 =     8.7331,     8.7568       
# span 3 =     8.7332,     8.7569       
# span 4 =   3.715002,   3.723448       
# span 5 =   3.715209,   3.723643       
# span 6 =     2.6230,     2.6623       
# span 7 =       4.75,      98.93       
# span 8 =     0.0549,     0.0712       
# span 9 = 5.1426e-02, 6.6859e-01       
# span 10 = -1.849e-02, 1.9612e+00      
# span 11 =      1.760,    159.166      
# span 12 =  42.109349,  42.111171      
# span 13 =    6.19174,    6.24048      
# span 14 =    35.2679,    35.2719      
# span 15 =    35.2699,    35.2736      
# span 16 =    27.3703,    27.3723      
# span 17 =    1485.62,    1487.82      
# span 18 =    1485.62,    1486.70      
# span 19 = 0.0000e+00, 0.0000e+00      
# interval = decibars: 1                
# start_time = Feb 11 2020 02:37:26 [System UTC, header]
# bad_flag = -9.990e-29
*END*
         43      5.000     8.7331     8.7332   3.715002   3.715209     2.6560      21.80     0.0638 6.6859e-01 -9.990e-29      1.760  42.109349    6.20644    35.2679    35.2699    27.3711    1485.62    1485.62 0.0000e+00
        559      6.000     8.7372     8.7375   3.715563   3.715843     2.6593      77.37     0.0606 5.5590e-01 -9.990e-29     23.247  42.109598    6.21410    35.2692    35.2719    27.3715    1485.65    1485.62 0.0000e+00
        794      7.000     8.7395     8.7396   3.715940   3.716157     2.6581      98.54     0.0615 5.0137e-01 -9.990e-29     33.062  42.109711    6.19932    35.2704    35.2726    27.3721    1485.68    1485.63 0.0000e+00
        814      8.000     8.7405     8.7407   3.716116   3.716326     2.6563      98.87     0.0640 3.6487e-01 -9.990e-29     33.879  42.109721    6.20041    35.2708    35.2728    27.3722    1485.70    1485.64 0.0000e+00
        829      9.000     8.7408     8.7409   3.716201   3.716412     2.6563      98.86     0.0617 3.1029e-01 -9.990e-29     34.515  42.109728    6.20909    35.2709    35.2730    27.3723    1485.72    1485.65 0.0000e+00
        859     10.000     8.7406     8.7408   3.716204   3.716423     2.6563      98.86     0.0628 2.4230e-01 -9.990e-29     35.729  42.109742    6.20902    35.2707    35.2728    27.3721    1485.73    1485.66 0.0000e+00
        912     11.000     8.7407     8.7407   3.716268   3.716471     2.6576      98.87     0.0611 1.4830e-01 -9.990e-29     37.979  42.109768    6.21896    35.2708    35.2729    27.3722    1485.75    1485.67 0.0000e+00
        936     12.000     8.7406     8.7408   3.716317   3.716522     2.6582      98.86     0.0629 1.0145e-01 -9.990e-29     38.969  42.109780    6.21498    35.2709    35.2729    27.3723    1485.77    1485.67 0.0000e+00
        954     13.000     8.7407     8.7409   3.716366   3.716574     2.6574      98.86     0.0646 7.6190e-02 -9.990e-29     39.694  42.109788    6.20798    35.2708    35.2728    27.3722    1485.78    1485.68 0.0000e+00
        969     14.000     8.7409     8.7409   3.716431   3.716608     2.6562      98.86     0.0622 6.5913e-02 -9.990e-29     40.351  42.109796    6.20684    35.2708    35.2727    27.3722    1485.80    1485.69 0.0000e+00
        984     15.000     8.7407     8.7408   3.716433   3.716620     2.6562      98.86     0.0598 8.2131e-02 -9.990e-29     40.960  42.109803    6.21130    35.2706    35.2724    27.3720    1485.81    1485.70 0.0000e+00
        998     16.000     8.7409     8.7409   3.716519   3.716680     2.6559      98.86     0.0566 6.7745e-02 -9.990e-29     41.551  42.109810    6.21359    35.2708    35.2725    27.3722    1485.83    1485.71 0.0000e+00
       1012     17.000     8.7409     8.7410   3.716546   3.716749     2.6563      98.76     0.0550 7.0351e-02 -9.990e-29     42.110  42.109816    6.21749    35.2706    35.2726    27.3720    1485.85    1485.72 0.0000e+00
       1024     18.000     8.7405     8.7405   3.716528   3.716701     2.6567      98.63     0.0552 6.1061e-02 -9.990e-29     42.645  42.109822    6.21992    35.2703    35.2721    27.3719    1485.86    1485.72 0.0000e+00
       1037     19.000     8.7408     8.7409   3.716608   3.716805     2.6569      98.65     0.0549 6.1114e-02 -9.990e-29     43.177  42.109828    6.21948    35.2704    35.2723    27.3719    1485.88    1485.73 0.0000e+00
       1071     20.000     8.7410     8.7412   3.716677   3.716891     2.6569      98.77     0.0568 5.2390e-02 -9.990e-29     44.596  42.109845    6.22143    35.2704    35.2725    27.3719    1485.90    1485.74 0.0000e+00
       1122     21.000     8.7414     8.7413   3.716768   3.716967     2.6596      98.87     0.0588 5.1431e-02 -9.990e-29     46.726  42.109870    6.23894    35.2705    35.2727    27.3719    1485.92    1485.75 0.0000e+00
       1151     22.000     8.7410     8.7411   3.716802   3.716999     2.6623      98.86     0.0615 5.1454e-02 -9.990e-29     47.899  42.109883    6.24048    35.2708    35.2727    27.3721    1485.93    1485.76 0.0000e+00
       1171     23.000     8.7412     8.7412   3.716853   3.717062     2.6616      98.87     0.0617 5.1442e-02 -9.990e-29     48.748  42.109893    6.22947    35.2706    35.2728    27.3720    1485.95    1485.77 0.0000e+00
       1188     24.000     8.7413     8.7414   3.716911   3.717113     2.6609      98.87     0.0634 5.1435e-02 -9.990e-29     49.462  42.109901    6.22809    35.2706    35.2727    27.3720    1485.97    1485.77 0.0000e+00
       1203     25.000     8.7414     8.7416   3.716980   3.717171     2.6604      98.49     0.0640 5.1439e-02 -9.990e-29     50.099  42.109908    6.22442    35.2708    35.2726    27.3721    1485.98    1485.78 0.0000e+00
       1218     26.000     8.7416     8.7417   3.717051   3.717234     2.6589      98.16     0.0654 5.1447e-02 -9.990e-29     50.707  42.109916    6.21674    35.2709    35.2727    27.3721    1486.00    1485.79 0.0000e+00
       1232     27.000     8.7417     8.7419   3.717116   3.717303     2.6572      98.85     0.0656 5.1474e-02 -9.990e-29     51.287  42.109922    6.21348    35.2710    35.2727    27.3722    1486.02    1485.80 0.0000e+00
       1245     28.000     8.7417     8.7418   3.717165   3.717347     2.6561      98.86     0.0636 5.1449e-02 -9.990e-29     51.850  42.109929    6.21608    35.2710    35.2728    27.3722    1486.03    1485.81 0.0000e+00
       1259     29.000     8.7419     8.7420   3.717221   3.717420     2.6558      98.87     0.0621 5.1473e-02 -9.990e-29     52.399  42.109935    6.21822    35.2709    35.2729    27.3721    1486.05    1485.82 0.0000e+00
       1271     30.000     8.7421     8.7423   3.717287   3.717479     2.6558      98.72     0.0616 5.1490e-02 -9.990e-29     52.931  42.109941    6.21869    35.2709    35.2727    27.3721    1486.07    1485.82 0.0000e+00
       1285     31.000     8.7422     8.7423   3.717347   3.717558     2.6543      89.04     0.0618 5.1476e-02 -9.990e-29     53.483  42.109948    6.21586    35.2710    35.2731    27.3721    1486.08    1485.83 0.0000e+00
       1319     32.000     8.7421     8.7422   3.717373   3.717566     2.6543      98.30     0.0603 5.1453e-02 3.3752e-01     54.918  42.109964    6.22066    35.2709    35.2728    27.3720    1486.10    1485.84 0.0000e+00
       1372     33.000     8.7423     8.7423   3.717443   3.717633     2.6560      96.71     0.0623 5.1451e-02 1.5370e+00     57.124  42.109990    6.23455    35.2709    35.2729    27.3720    1486.12    1485.85 0.0000e+00
       1397     34.000     8.7426     8.7426   3.717516   3.717724     2.6570      98.93     0.0619 5.1444e-02 1.9600e+00     58.184  42.110002    6.22870    35.2709    35.2731    27.3720    1486.13    1485.86 0.0000e+00
       1417     35.000     8.7428     8.7429   3.717595   3.717796     2.6563      97.43     0.0651 5.1471e-02 -9.990e-29     59.002  42.110012    6.22098    35.2711    35.2731    27.3721    1486.15    1485.87 0.0000e+00
       1435     36.000     8.7429     8.7430   3.717647   3.717834     2.6547      95.67     0.0643 5.1478e-02 -9.990e-29     59.737  42.110020    6.21584    35.2710    35.2729    27.3720    1486.17    1485.87 0.0000e+00
       1451     37.000     8.7431     8.7435   3.717696   3.717927     2.6537      97.94     0.0613 5.1463e-02 -9.990e-29     60.429  42.110028    6.21430    35.2709    35.2729    27.3719    1486.19    1485.88 0.0000e+00
       1467     38.000     8.7435     8.7437   3.717787   3.717995     2.6526      98.83     0.0629 5.1457e-02 -9.990e-29     61.092  42.110036    6.21107    35.2709    35.2729    27.3719    1486.20    1485.89 0.0000e+00
       1482     39.000     8.7435     8.7438   3.717813   3.718027     2.6514      98.72     0.0644 5.1454e-02 -9.990e-29     61.727  42.110043    6.21132    35.2707    35.2727    27.3717    1486.22    1485.90 0.0000e+00
       1498     40.000     8.7431     8.7434   3.717836   3.718036     2.6509      98.22     0.0631 5.1447e-02 1.9438e+00     62.362  42.110051    6.21522    35.2709    35.2727    27.3719    1486.24    1485.91 0.0000e+00
       1515     41.000     8.7430     8.7428   3.717892   3.718065     2.6510      97.20     0.0613 5.1447e-02 1.9438e+00     63.083  42.110059    6.21955    35.2711    35.2731    27.3721    1486.25    1485.92 0.0000e+00
       1540     42.000     8.7431     8.7433   3.717963   3.718158     2.6515      96.01     0.0621 5.1452e-02 1.3120e+00     64.120  42.110071    6.22315    35.2713    35.2731    27.3722    1486.27    1485.92 0.0000e+00
       1572     43.000     8.7437     8.7438   3.718054   3.718247     2.6521      94.51     0.0664 5.1445e-02 -1.849e-02     65.456  42.110086    6.22477    35.2711    35.2731    27.3720    1486.29    1485.93 0.0000e+00
       1601     44.000     8.7440     8.7447   3.718134   3.718380     2.6528      93.29     0.0672 5.1466e-02 2.1371e-02     66.674  42.110100    6.22818    35.2712    35.2731    27.3720    1486.30    1485.94 0.0000e+00
       1626     45.000     8.7453     8.7452   3.718286   3.718465     2.6528      92.22     0.0675 5.1464e-02 7.8440e-01     67.702  42.110112    6.22339    35.2710    35.2730    27.3717    1486.33    1485.95 0.0000e+00
       1646     46.000     8.7451     8.7450   3.718331   3.718506     2.6521      91.24     0.0675 5.1466e-02 1.4150e+00     68.543  42.110122    6.22254    35.2712    35.2732    27.3718    1486.34    1485.96 0.0000e+00
       1663     47.000     8.7462     8.7460   3.718464   3.718627     2.6521      90.29     0.0665 5.1463e-02 1.9612e+00     69.252  42.110130    6.22002    35.2710    35.2730    27.3715    1486.36    1485.97 0.0000e+00
       1678     48.000     8.7450     8.7454   3.718409   3.718632     2.6507      89.25     0.0651 5.1447e-02 1.9438e+00     69.891  42.110138    6.21037    35.2712    35.2731    27.3718    1486.37    1485.98 0.0000e+00
       1693     49.000     8.7436     8.7435   3.718320   3.718503     2.6490      88.43     0.0648 5.1481e-02 1.9438e+00     70.494  42.110145    6.20455    35.2711    35.2732    27.3720    1486.39    1485.98 0.0000e+00
       1707     50.000     8.7436     8.7437   3.718385   3.718556     2.6475      87.07     0.0639 5.1469e-02 1.9438e+00     71.080  42.110151    6.20321    35.2713    35.2731    27.3722    1486.40    1485.99 0.0000e+00
       1721     51.000     8.7447     8.7449   3.718529   3.718714     2.6461      85.78     0.0639 5.1459e-02 -9.990e-29     71.658  42.110158    6.20223    35.2713    35.2730    27.3720    1486.42    1486.00 0.0000e+00
       1735     52.000     8.7444     8.7448   3.718547   3.718767     2.6453      85.16     0.0671 5.1459e-02 -9.990e-29     72.235  42.110165    6.20422    35.2713    35.2732    27.3720    1486.44    1486.01 0.0000e+00
       1752     53.000     8.7442     8.7444   3.718561   3.718764     2.6448      84.18     0.0667 5.1459e-02 -9.990e-29     72.971  42.110173    6.21004    35.2712    35.2731    27.3719    1486.45    1486.02 0.0000e+00
       1816     54.000     8.7445     8.7447   3.718631   3.718824     2.6453      82.93     0.0676 5.1437e-02 -9.990e-29     75.623  42.110204    6.21525    35.2711    35.2730    27.3719    1486.47    1486.03 0.0000e+00
       1855     55.000     8.7448     8.7448   3.718696   3.718886     2.6475      82.44     0.0673 5.1470e-02 -9.990e-29     77.256  42.110223    6.22271    35.2710    35.2730    27.3717    1486.49    1486.03 0.0000e+00
       1879     56.000     8.7446     8.7447   3.718706   3.718906     2.6472      81.83     0.0678 5.1459e-02 -9.990e-29     78.262  42.110234    6.21519    35.2708    35.2729    27.3716    1486.50    1486.04 0.0000e+00
       1898     57.000     8.7451     8.7450   3.718806   3.718980     2.6463      81.03     0.0643 5.1452e-02 1.9438e+00     79.057  42.110244    6.21305    35.2709    35.2729    27.3716    1486.52    1486.05 0.0000e+00
       1915     58.000     8.7471     8.7469   3.719085   3.719211     2.6461      80.12     0.0633 5.1454e-02 1.9438e+00     79.730  42.110252    6.21343    35.2714    35.2729    27.3717    1486.55    1486.06 0.0000e+00
       1930     59.000     8.7509     8.7505   3.719513   3.719636     2.6457      79.37     0.0644 5.1466e-02 1.9438e+00     80.375  42.110259    6.20775    35.2716    35.2733    27.3712    1486.58    1486.07 0.0000e+00
       1945     60.000     8.7515     8.7515   3.719619   3.719790     2.6442      78.18     0.0655 5.1447e-02 1.9438e+00     80.999  42.110266    6.19871    35.2717    35.2735    27.3712    1486.60    1486.08 0.0000e+00
       1960     61.000     8.7520     8.7520   3.719720   3.719895     2.6422      76.87     0.0647 5.1447e-02 1.9438e+00     81.624  42.110273    6.19440    35.2718    35.2736    27.3712    1486.61    1486.09 0.0000e+00
       1975     62.000     8.7526     8.7527   3.719822   3.720001     2.6409      75.94     0.0666 5.1457e-02 1.9438e+00     82.249  42.110281    6.19596    35.2718    35.2736    27.3711    1486.63    1486.09 0.0000e+00
       1990     63.000     8.7522     8.7524   3.719824   3.720024     2.6401      74.95     0.0664 5.1466e-02 1.9438e+00     82.868  42.110288    6.20060    35.2717    35.2736    27.3711    1486.65    1486.10 0.0000e+00
       2014     64.000     8.7520     8.7521   3.719856   3.720028     2.6406      73.70     0.0656 5.1462e-02 1.9438e+00     83.888  42.110300    6.20766    35.2718    35.2735    27.3712    1486.66    1486.11 0.0000e+00
       2062     65.000     8.7521     8.7521   3.719903   3.720077     2.6423      71.97     0.0643 5.1454e-02 -9.990e-29     85.858  42.110322    6.21501    35.2717    35.2735    27.3711    1486.68    1486.12 0.0000e+00
       2081     66.000     8.7518     8.7518   3.719918   3.720107     2.6430      71.32     0.0647 5.1458e-02 -9.990e-29     86.660  42.110332    6.21856    35.2716    35.2736    27.3711    1486.70    1486.13 0.0000e+00
       2097     67.000     8.7516     8.7517   3.719943   3.720132     2.6436      70.52     0.0629 5.1436e-02 -9.990e-29     87.351  42.110340    6.21853    35.2716    35.2735    27.3711    1486.71    1486.14 0.0000e+00
       2113     68.000     8.7516     8.7516   3.719991   3.720164     2.6436      69.56     0.0630 5.1456e-02 -9.990e-29     87.994  42.110347    6.21549    35.2716    35.2735    27.3711    1486.73    1486.15 0.0000e+00
       2128     69.000     8.7519     8.7519   3.720068   3.720253     2.6434      68.56     0.0655 5.1457e-02 -9.990e-29     88.619  42.110354    6.21221    35.2717    35.2736    27.3711    1486.75    1486.16 0.0000e+00
       2143     70.000     8.7526     8.7527   3.720185   3.720358     2.6423      67.74     0.0657 5.1447e-02 -9.990e-29     89.237  42.110362    6.20652    35.2717    35.2735    27.3710    1486.76    1486.16 0.0000e+00
       2157     71.000     8.7524     8.7528   3.720205   3.720420     2.6413      66.75     0.0660 5.1480e-02 -9.990e-29     89.845  42.110369    6.20171    35.2717    35.2735    27.3710    1486.78    1486.17 0.0000e+00
       2172     72.000     8.7525     8.7527   3.720267   3.720464     2.6401      65.68     0.0658 5.1437e-02 -9.990e-29     90.461  42.110376    6.19475    35.2717    35.2736    27.3711    1486.80    1486.18 0.0000e+00
       2200     73.000     8.7524     8.7525   3.720295   3.720476     2.6374      64.02     0.0637 5.1456e-02 -9.990e-29     91.626  42.110389    6.19969    35.2716    35.2735    27.3710    1486.81    1486.19 0.0000e+00
       2242     74.000     8.7524     8.7524   3.720335   3.720506     2.6396      63.09     0.0620 5.1462e-02 -9.990e-29     93.393  42.110410    6.22025    35.2716    35.2734    27.3710    1486.83    1486.20 0.0000e+00
       2265     75.000     8.7524     8.7524   3.720389   3.720567     2.6409      62.12     0.0657 5.1448e-02 -9.990e-29     94.337  42.110421    6.21824    35.2717    35.2736    27.3710    1486.85    1486.21 0.0000e+00
       2283     76.000     8.7528     8.7530   3.720489   3.720668     2.6412      61.34     0.0644 5.1452e-02 -9.990e-29     95.091  42.110429    6.21130    35.2718    35.2735    27.3711    1486.86    1486.22 0.0000e+00
