IBTS/IBTS_CruiseNotebook/Data/CTD/sta0033.cnv
* Sea-Bird SBE 9 Data File:
* FileName = C:\Seabird\CTDData\sta0033.hex
* Software Version Seasave V 7.21f
* Temperature SN = 2491
* Conductivity SN = 2694
* Number of Bytes Per Scan = 40
* Number of Voltage Words = 5
* Number of Scans Averaged by the Deck Unit = 1
* NMEA Latitude = 60 44.36 N
* NMEA Longitude = 001 15.47 E
* NMEA UTC (Time) = Feb 14 2020 07:03:41
* NMEA baud rate = 4800
** Ship: 10 F/F "G. O. Sars"
** Station: 0033
** Echodepth: 145
** Log: 8294.97
** Wind-Dir Force: 11 11
** Air-temp (dry): 5.3
** Weather Sky:
** Sea Ice:
# nquan = 20                                
# nvalues = 130                         
# units = specified
# name 0 = scan: Scan Count
# name 1 = prDM: Pressure, Digiquartz [db]
# name 2 = t068C: Temperature [ITS-68, deg C]
# name 3 = t168C: Temperature, 2 [ITS-68, deg C]
# name 4 = c0S/m: Conductivity [S/m]
# name 5 = c1S/m: Conductivity, 2 [S/m]
# name 6 = sbeox0V: Oxygen raw, SBE 43 [V]
# name 7 = altM: Altimeter [m]
# name 8 = flC: Fluorescence, Chelsea Aqua 3 Chl Con [ug/l]
# name 9 = par: PAR/Irradiance, Biospherical/Licor
# name 10 = spar: SPAR/Surface Irradiance
# name 11 = timeS: Time, Elapsed [seconds]
# name 12 = timeJ: Julian Days
# name 13 = sbeox0ML/L: Oxygen, SBE 43 [ml/l], WS = 2
# name 14 = sal00: Salinity, Practical [PSU]
# name 15 = sal11: Salinity, Practical, 2 [PSU]
# name 16 = sigma-t00: Density [sigma-t, Kg/m^3 ]
# name 17 = svCM: Sound Velocity [Chen-Millero, m/s]
# name 18 = avgsvCM: Average Sound Velocity [Chen-Millero, m/s], minP = 1, minS = 5
# name 19 = flag: flag
# span 0 =          3,       3368       
# span 1 =      5.000,    134.000       
# span 2 =     8.4063,     8.4298       
# span 3 =     8.4063,     8.4298       
# span 4 =   3.678658,   3.686151       
# span 5 =   3.678733,   3.686258       
# span 6 =     2.6109,     2.6514       
# span 7 =      12.38,     100.68       
# span 8 =     0.0740,     0.0896       
# span 9 = 5.1413e-02, 5.6223e-02       
# span 10 = 1.9438e+00, 1.9438e+00      
# span 11 =      0.094,    140.276      
# span 12 =  45.294260,  45.295883      
# span 13 =    6.21826,    6.25374      
# span 14 =    35.2018,    35.2031      
# span 15 =    35.2030,    35.2044      
# span 16 =    27.3671,    27.3714      
# span 17 =    1484.37,    1486.53      
# span 18 =    1484.37,    1485.40      
# span 19 = 0.0000e+00, 0.0000e+00      
# interval = decibars: 1                
# start_time = Feb 14 2020 07:03:44 [System UTC, header]
# bad_flag = -9.990e-29
*END*
          3      5.000     8.4193     8.4187   3.679327   3.679438     2.6480      48.58     0.0759 5.6223e-02 1.9438e+00      0.094  45.294260    6.23130    35.2026    35.2044    27.3692    1484.37    1484.37 0.0000e+00
        175      6.000     8.4163     8.4159   3.679095   3.679215     2.6480      80.43     0.0804 5.1413e-02 1.9438e+00      7.232  45.294343    6.22448    35.2026    35.2043    27.3697    1484.38    1484.37 0.0000e+00
        597      7.000     8.4120     8.4116   3.678764   3.678853     2.6512      99.37     0.0825 5.1446e-02 -9.990e-29     24.826  45.294547    6.24148    35.2029    35.2043    27.3706    1484.38    1484.37 0.0000e+00
        604      8.000     8.4108     8.4110   3.678701   3.678834     2.6509      98.87     0.0820 5.1452e-02 -9.990e-29     25.129  45.294550    6.23908    35.2029    35.2042    27.3708    1484.39    1484.38 0.0000e+00
        621      9.000     8.4104     8.4103   3.678720   3.678820     2.6501      98.86     0.0816 5.1450e-02 -9.990e-29     25.830  45.294558    6.23551    35.2031    35.2042    27.3709    1484.41    1484.38 0.0000e+00
        644     10.000     8.4095     8.4091   3.678658   3.678733     2.6484      76.74     0.0800 5.1439e-02 -9.990e-29     26.776  45.294569    6.22756    35.2028    35.2040    27.3709    1484.42    1484.38 0.0000e+00
        674     11.000     8.4092     8.4093   3.678672   3.678805     2.6481      68.42     0.0769 5.1453e-02 -9.990e-29     28.022  45.294584    6.24835    35.2028    35.2041    27.3709    1484.43    1484.39 0.0000e+00
        700     12.000     8.4100     8.4093   3.678789   3.678848     2.6509      99.98     0.0773 5.1448e-02 -9.990e-29     29.145  45.294597    6.25149    35.2027    35.2041    27.3707    1484.45    1484.39 0.0000e+00
        722     13.000     8.4091     8.4092   3.678755   3.678882     2.6511      98.87     0.0805 5.1447e-02 -9.990e-29     30.037  45.294607    6.24932    35.2028    35.2040    27.3709    1484.47    1484.40 0.0000e+00
        741     14.000     8.4089     8.4089   3.678794   3.678905     2.6513      98.87     0.0770 5.1441e-02 -9.990e-29     30.831  45.294616    6.24707    35.2029    35.2041    27.3710    1484.48    1484.41 0.0000e+00
        760     15.000     8.4083     8.4078   3.678780   3.678842     2.6507      98.86     0.0808 5.1454e-02 -9.990e-29     31.632  45.294625    6.24421    35.2029    35.2040    27.3711    1484.50    1484.41 0.0000e+00
        781     16.000     8.4068     8.4064   3.678674   3.678754     2.6502      98.87     0.0820 5.1453e-02 -9.990e-29     32.492  45.294635    6.25017    35.2028    35.2040    27.3713    1484.51    1484.42 0.0000e+00
        801     17.000     8.4063     8.4063   3.678686   3.678793     2.6514      98.86     0.0849 5.1472e-02 -9.990e-29     33.350  45.294645    6.25374    35.2029    35.2040    27.3714    1484.52    1484.42 0.0000e+00
        820     18.000     8.4074     8.4067   3.678804   3.678871     2.6506      98.86     0.0869 5.1425e-02 -9.990e-29     34.128  45.294654    6.24372    35.2026    35.2040    27.3710    1484.54    1484.43 0.0000e+00
        837     19.000     8.4076     8.4072   3.678883   3.678946     2.6496      98.87     0.0866 5.1452e-02 -9.990e-29     34.835  45.294662    6.24074    35.2027    35.2038    27.3711    1484.56    1484.44 0.0000e+00
        853     20.000     8.4080     8.4078   3.678955   3.679041     2.6486      98.87     0.0855 5.1472e-02 -9.990e-29     35.507  45.294670    6.23868    35.2026    35.2037    27.3709    1484.58    1484.44 0.0000e+00
        870     21.000     8.4078     8.4080   3.678989   3.679110     2.6476      98.86     0.0826 5.1459e-02 -9.990e-29     36.190  45.294678    6.23867    35.2027    35.2038    27.3710    1484.59    1484.45 0.0000e+00
        894     22.000     8.4087     8.4087   3.679083   3.679190     2.6472      98.86     0.0807 5.1449e-02 -9.990e-29     37.218  45.294690    6.24281    35.2023    35.2034    27.3706    1484.61    1484.46 0.0000e+00
        932     23.000     8.4097     8.4099   3.679217   3.679341     2.6474      98.86     0.0755 5.1461e-02 -9.990e-29     38.779  45.294708    6.24750    35.2022    35.2033    27.3704    1484.63    1484.47 0.0000e+00
        958     24.000     8.4107     8.4108   3.679352   3.679463     2.6483      98.86     0.0803 5.1445e-02 -9.990e-29     39.865  45.294721    6.24847    35.2022    35.2032    27.3702    1484.65    1484.47 0.0000e+00
        976     25.000     8.4113     8.4114   3.679452   3.679576     2.6476      98.86     0.0797 5.1454e-02 -9.990e-29     40.614  45.294729    6.24244    35.2021    35.2034    27.3701    1484.67    1484.48 0.0000e+00
        992     26.000     8.4109     8.4113   3.679478   3.679618     2.6472      98.87     0.0761 5.1463e-02 -9.990e-29     41.282  45.294737    6.24262    35.2023    35.2034    27.3703    1484.69    1484.49 0.0000e+00
       1009     27.000     8.4107     8.4106   3.679498   3.679598     2.6466      98.86     0.0785 5.1434e-02 -9.990e-29     41.985  45.294745    6.24147    35.2023    35.2034    27.3703    1484.70    1484.50 0.0000e+00
       1031     28.000     8.4101     8.4101   3.679484   3.679597     2.6460      98.86     0.0795 5.1430e-02 -9.990e-29     42.914  45.294756    6.24078    35.2022    35.2034    27.3703    1484.72    1484.51 0.0000e+00
       1057     29.000     8.4101     8.4102   3.679539   3.679657     2.6451      98.87     0.0825 5.1463e-02 -9.990e-29     43.996  45.294768    6.23811    35.2023    35.2035    27.3704    1484.73    1484.51 0.0000e+00
       1080     30.000     8.4097     8.4096   3.679550   3.679641     2.6440      70.16     0.0806 5.1454e-02 -9.990e-29     44.959  45.294780    6.23331    35.2023    35.2034    27.3705    1484.75    1484.52 0.0000e+00
       1098     31.000     8.4101     8.4101   3.679651   3.679734     2.6430      40.30     0.0807 5.1435e-02 -9.990e-29     45.712  45.294788    6.24164    35.2025    35.2034    27.3706    1484.77    1484.53 0.0000e+00
       1114     32.000     8.4107     8.4110   3.679737   3.679874     2.6448      98.83     0.0812 5.1457e-02 -9.990e-29     46.375  45.294796    6.24865    35.2024    35.2035    27.3703    1484.78    1484.54 0.0000e+00
       1129     33.000     8.4093     8.4099   3.679658   3.679811     2.6443      98.86     0.0823 5.1466e-02 -9.990e-29     47.004  45.294803    6.23876    35.2024    35.2035    27.3706    1484.80    1484.54 0.0000e+00
       1144     34.000     8.4100     8.4099   3.679775   3.679861     2.6435      98.86     0.0848 5.1466e-02 -9.990e-29     47.629  45.294811    6.23114    35.2025    35.2035    27.3706    1484.82    1484.55 0.0000e+00
       1163     35.000     8.4103     8.4105   3.679853   3.679960     2.6416      46.87     0.0816 5.1454e-02 -9.990e-29     48.405  45.294820    6.23451    35.2025    35.2035    27.3705    1484.83    1484.56 0.0000e+00
       1202     36.000     8.4101     8.4101   3.679866   3.679964     2.6434     100.48     0.0819 5.1439e-02 -9.990e-29     50.023  45.294838    6.24492    35.2024    35.2034    27.3705    1484.85    1484.57 0.0000e+00
       1239     37.000     8.4091     8.4091   3.679815   3.679922     2.6418      43.48     0.0786 5.1458e-02 -9.990e-29     51.589  45.294856    6.23932    35.2024    35.2035    27.3706    1484.86    1484.58 0.0000e+00
       1261     38.000     8.4090     8.4090   3.679868   3.679959     2.6432     100.68     0.0787 5.1448e-02 -9.990e-29     52.490  45.294867    6.24601    35.2025    35.2035    27.3707    1484.88    1484.58 0.0000e+00
       1278     39.000     8.4100     8.4100   3.680002   3.680098     2.6423      98.86     0.0799 5.1452e-02 -9.990e-29     53.221  45.294875    6.23360    35.2025    35.2035    27.3705    1484.90    1484.59 0.0000e+00
       1295     40.000     8.4102     8.4098   3.680066   3.680136     2.6410      77.45     0.0792 5.1461e-02 -9.990e-29     53.905  45.294883    6.22260    35.2025    35.2036    27.3705    1484.91    1484.60 0.0000e+00
       1311     41.000     8.4117     8.4120   3.680269   3.680364     2.6373      27.04     0.0757 5.1445e-02 -9.990e-29     54.591  45.294891    6.22094    35.2026    35.2034    27.3704    1484.94    1484.61 0.0000e+00
       1327     42.000     8.4131     8.4132   3.680435   3.680527     2.6387      99.19     0.0751 5.1437e-02 -9.990e-29     55.252  45.294899    6.23793    35.2025    35.2034    27.3701    1484.96    1484.62 0.0000e+00
       1343     43.000     8.4128     8.4132   3.680452   3.680577     2.6387      98.86     0.0747 5.1464e-02 -9.990e-29     55.911  45.294906    6.23703    35.2025    35.2034    27.3701    1484.97    1484.63 0.0000e+00
       1359     44.000     8.4124     8.4125   3.680453   3.680550     2.6391      98.86     0.0757 5.1461e-02 -9.990e-29     56.579  45.294914    6.23562    35.2024    35.2034    27.3701    1484.99    1484.63 0.0000e+00
       1377     45.000     8.4123     8.4123   3.680497   3.680585     2.6383      32.42     0.0740 5.1440e-02 -9.990e-29     57.344  45.294923    6.24149    35.2025    35.2035    27.3702    1485.00    1484.64 0.0000e+00
       1403     46.000     8.4129     8.4127   3.680583   3.680664     2.6411      95.68     0.0748 5.1447e-02 -9.990e-29     58.398  45.294935    6.25068    35.2023    35.2034    27.3700    1485.02    1484.65 0.0000e+00
       1436     47.000     8.4121     8.4120   3.680556   3.680644     2.6413      98.53     0.0776 5.1469e-02 -9.990e-29     59.781  45.294951    6.24380    35.2024    35.2034    27.3701    1485.04    1484.66 0.0000e+00
       1463     48.000     8.4125     8.4125   3.680639   3.680735     2.6402      97.73     0.0817 5.1460e-02 -9.990e-29     60.922  45.294964    6.23677    35.2024    35.2034    27.3701    1485.05    1484.67 0.0000e+00
       1484     49.000     8.4127     8.4129   3.680697   3.680822     2.6392      96.94     0.0805 5.1458e-02 -9.990e-29     61.784  45.294974    6.24195    35.2023    35.2034    27.3700    1485.07    1484.67 0.0000e+00
       1502     50.000     8.4141     8.4148   3.680884   3.681040     2.6401      96.26     0.0823 5.1450e-02 -9.990e-29     62.529  45.294983    6.25018    35.2024    35.2034    27.3698    1485.09    1484.68 0.0000e+00
       1519     51.000     8.4151     8.4154   3.681023   3.681138     2.6410      97.20     0.0798 5.1442e-02 -9.990e-29     63.264  45.294991    6.24817    35.2024    35.2033    27.3697    1485.11    1484.69 0.0000e+00
       1539     52.000     8.4148     8.4144   3.681040   3.681088     2.6401      95.43     0.0768 5.1447e-02 -9.990e-29     64.065  45.295001    6.24130    35.2024    35.2033    27.3697    1485.13    1484.70 0.0000e+00
       1560     53.000     8.4138     8.4138   3.680985   3.681081     2.6393      93.69     0.0780 5.1437e-02 -9.990e-29     64.957  45.295011    6.23837    35.2023    35.2033    27.3698    1485.14    1484.71 0.0000e+00
       1585     54.000     8.4146     8.4149   3.681109   3.681225     2.6380      92.57     0.0776 5.1461e-02 -9.990e-29     65.988  45.295023    6.23693    35.2024    35.2033    27.3697    1485.16    1484.72 0.0000e+00
       1613     55.000     8.4154     8.4156   3.681231   3.681335     2.6379      91.17     0.0803 5.1470e-02 -9.990e-29     67.160  45.295037    6.24484    35.2024    35.2033    27.3696    1485.18    1484.73 0.0000e+00
       1638     56.000     8.4164     8.4163   3.681359   3.681443     2.6385      90.08     0.0807 5.1459e-02 -9.990e-29     68.196  45.295049    6.24070    35.2022    35.2032    27.3694    1485.20    1484.73 0.0000e+00
       1657     57.000     8.4156     8.4161   3.681349   3.681490     2.6372      89.12     0.0810 5.1442e-02 -9.990e-29     68.992  45.295058    6.23379    35.2024    35.2034    27.3696    1485.21    1484.74 0.0000e+00
       1673     58.000     8.4185     8.4187   3.681651   3.681771     2.6360      88.21     0.0802 5.1486e-02 -9.990e-29     69.671  45.295066    6.23435    35.2023    35.2034    27.3691    1485.24    1484.75 0.0000e+00
       1688     59.000     8.4174     8.4186   3.681605   3.681808     2.6362      87.30     0.0828 5.1456e-02 -9.990e-29     70.302  45.295073    6.23772    35.2024    35.2034    27.3693    1485.25    1484.76 0.0000e+00
       1703     60.000     8.4166     8.4173   3.681587   3.681734     2.6358      86.71     0.0856 5.1457e-02 -9.990e-29     70.917  45.295080    6.23620    35.2025    35.2034    27.3695    1485.27    1484.77 0.0000e+00
       1718     61.000     8.4161     8.4161   3.681581   3.681688     2.6353      85.65     0.0852 5.1459e-02 -9.990e-29     71.522  45.295087    6.23562    35.2025    35.2036    27.3696    1485.28    1484.78 0.0000e+00
       1733     62.000     8.4151     8.4149   3.681536   3.681611     2.6350      84.41     0.0831 5.1449e-02 -9.990e-29     72.175  45.295095    6.23677    35.2025    35.2035    27.3698    1485.29    1484.78 0.0000e+00
       1760     63.000     8.4140     8.4142   3.681464   3.681569     2.6348      82.83     0.0813 5.1463e-02 -9.990e-29     73.296  45.295108    6.23957    35.2023    35.2033    27.3698    1485.31    1484.79 0.0000e+00
       1796     64.000     8.4137     8.4139   3.681488   3.681602     2.6349      81.51     0.0825 5.1453e-02 -9.990e-29     74.782  45.295125    6.23549    35.2024    35.2034    27.3699    1485.32    1484.80 0.0000e+00
       1825     65.000     8.4134     8.4146   3.681515   3.681702     2.6322      80.68     0.0816 5.1463e-02 -9.990e-29     76.005  45.295139    6.22245    35.2025    35.2033    27.3700    1485.34    1484.81 0.0000e+00
       1849     66.000     8.4147     8.4153   3.681682   3.681822     2.6309      79.83     0.0794 5.1456e-02 -9.990e-29     77.011  45.295151    6.22312    35.2025    35.2034    27.3698    1485.36    1484.82 0.0000e+00
       1871     67.000     8.4137     8.4137   3.681622   3.681731     2.6294      79.04     0.0801 5.1476e-02 -9.990e-29     77.911  45.295161    6.22139    35.2024    35.2035    27.3699    1485.37    1484.83 0.0000e+00
       1890     68.000     8.4146     8.4155   3.681785   3.681941     2.6292      78.21     0.0823 5.1471e-02 -9.990e-29     78.714  45.295170    6.22907    35.2027    35.2035    27.3700    1485.39    1484.83 0.0000e+00
       1908     69.000     8.4165     8.4163   3.681989   3.682065     2.6300      77.22     0.0822 5.1418e-02 -9.990e-29     79.459  45.295179    6.23307    35.2025    35.2035    27.3696    1485.41    1484.84 0.0000e+00
       1925     70.000     8.4159     8.4163   3.681973   3.682106     2.6302      76.27     0.0824 5.1458e-02 -9.990e-29     80.181  45.295187    6.22913    35.2025    35.2035    27.3696    1485.43    1484.85 0.0000e+00
       1943     71.000     8.4155     8.4159   3.681999   3.682128     2.6293      75.31     0.0788 5.1444e-02 -9.990e-29     80.906  45.295196    6.22593    35.2027    35.2036    27.3698    1485.44    1484.86 0.0000e+00
       1961     72.000     8.4198     8.4206   3.682453   3.682603     2.6292      74.30     0.0755 5.1458e-02 -9.990e-29     81.646  45.295204    6.22929    35.2027    35.2035    27.3692    1485.48    1484.87 0.0000e+00
       1980     73.000     8.4226     8.4228   3.682731   3.682842     2.6294      73.24     0.0771 5.1469e-02 -9.990e-29     82.438  45.295213    6.23464    35.2024    35.2034    27.3685    1485.50    1484.88 0.0000e+00
       2001     74.000     8.4218     8.4220   3.682705   3.682819     2.6303      72.18     0.0795 5.1456e-02 -9.990e-29     83.327  45.295224    6.23358    35.2024    35.2034    27.3687    1485.52    1484.89 0.0000e+00
       2024     75.000     8.4232     8.4230   3.682898   3.682972     2.6294      71.05     0.0821 5.1450e-02 -9.990e-29     84.293  45.295235    6.22700    35.2026    35.2036    27.3686    1485.54    1484.89 0.0000e+00
       2047     76.000     8.4240     8.4241   3.683007   3.683109     2.6288      69.97     0.0843 5.1431e-02 -9.990e-29     85.255  45.295246    6.23013    35.2025    35.2034    27.3684    1485.56    1484.90 0.0000e+00
