IBTS/IBTS_CruiseNotebook/Data/CTD/sta0022.cnv
* Sea-Bird SBE 9 Data File:
* FileName = C:\Seabird\CTDData\sta0022.hex
* Software Version Seasave V 7.21f
* Temperature SN = 2491
* Conductivity SN = 2694
* Number of Bytes Per Scan = 40
* Number of Voltage Words = 5
* Number of Scans Averaged by the Deck Unit = 1
* NMEA Latitude = 61 36.87 N
* NMEA Longitude = 000 23.55 E
* NMEA UTC (Time) = Feb 13 2020 02:07:47
* NMEA baud rate = 4800
** Ship: 10 F/F "G. O. Sars"
** Station: 0022
** Echodepth: 202
** Log: 8108.7
** Wind-Dir Force: 30 10
** Air-temp (dry): 2.4
** Weather Sky:
** Sea Ice:
# nquan = 20                                
# nvalues = 187                         
# units = specified
# name 0 = scan: Scan Count
# name 1 = prDM: Pressure, Digiquartz [db]
# name 2 = t068C: Temperature [ITS-68, deg C]
# name 3 = t168C: Temperature, 2 [ITS-68, deg C]
# name 4 = c0S/m: Conductivity [S/m]
# name 5 = c1S/m: Conductivity, 2 [S/m]
# name 6 = sbeox0V: Oxygen raw, SBE 43 [V]
# name 7 = altM: Altimeter [m]
# name 8 = flC: Fluorescence, Chelsea Aqua 3 Chl Con [ug/l]
# name 9 = par: PAR/Irradiance, Biospherical/Licor
# name 10 = spar: SPAR/Surface Irradiance
# name 11 = timeS: Time, Elapsed [seconds]
# name 12 = timeJ: Julian Days
# name 13 = sbeox0ML/L: Oxygen, SBE 43 [ml/l], WS = 2
# name 14 = sal00: Salinity, Practical [PSU]
# name 15 = sal11: Salinity, Practical, 2 [PSU]
# name 16 = sigma-t00: Density [sigma-t, Kg/m^3 ]
# name 17 = svCM: Sound Velocity [Chen-Millero, m/s]
# name 18 = avgsvCM: Average Sound Velocity [Chen-Millero, m/s], minP = 1, minS = 5
# name 19 = flag: flag
# span 0 =       -116,       4791       
# span 1 =      5.000,    191.000       
# span 2 =     8.8586,     8.8816       
# span 3 =     8.8544,     8.8817       
# span 4 =   3.726769,   3.737448       
# span 5 =   3.726564,   3.737594       
# span 6 =     2.5801,     2.6391       
# span 7 =      12.99,      99.29       
# span 8 =     0.0436,     0.0569       
# span 9 = 5.1427e-02, 8.7198e-01       
# span 10 = 1.2189e-01, 1.9835e+00      
# span 11 =     -4.874,    199.596      
# span 12 =  44.088717,  44.091083      
# span 13 =    6.10175,    6.14765      
# span 14 =    35.2668,    35.2678      
# span 15 =    35.2685,    35.2691      
# span 16 =    27.3470,    27.3505      
# span 17 =    1486.08,    1489.23      
# span 18 =    1486.08,    1487.62      
# span 19 = 0.0000e+00, 0.0000e+00      
# interval = decibars: 1                
# start_time = Feb 13 2020 02:07:50 [System UTC, header]
# bad_flag = -9.990e-29
*END*
       -116      5.000     8.8586     8.8544   3.726769   3.726564     2.6325      89.96     0.0502 8.7198e-01 -9.990e-29     -4.874  44.088717    6.11695    35.2671    35.2691    27.3505    1486.08    1486.08 0.0000e+00
        767      6.000     8.8624     8.8623   3.727159   3.727303     2.6373      99.29     0.0468 6.0839e-01 1.6053e+00     31.934  44.089143    6.13397    35.2669    35.2685    27.3498    1486.11    1486.09 0.0000e+00
        910      7.000     8.8625     8.8625   3.727230   3.727373     2.6388      98.87     0.0457 4.7650e-01 -9.990e-29     37.878  44.089212    6.14009    35.2671    35.2686    27.3499    1486.13    1486.09 0.0000e+00
        927      8.000     8.8626     8.8626   3.727291   3.727435     2.6391      98.86     0.0442 4.1523e-01 -9.990e-29     38.582  44.089220    6.13964    35.2672    35.2687    27.3499    1486.15    1486.10 0.0000e+00
        943      9.000     8.8628     8.8628   3.727356   3.727493     2.6386      98.86     0.0446 2.9310e-01 -9.990e-29     39.253  44.089227    6.13449    35.2672    35.2686    27.3499    1486.16    1486.11 0.0000e+00
        959     10.000     8.8630     8.8631   3.727420   3.727572     2.6374      98.86     0.0446 3.1557e-01 -9.990e-29     39.925  44.089235    6.12980    35.2671    35.2686    27.3498    1486.18    1486.11 0.0000e+00
        976     11.000     8.8629     8.8631   3.727478   3.727624     2.6363      98.86     0.0460 2.4416e-01 -9.990e-29     40.610  44.089243    6.13045    35.2674    35.2687    27.3500    1486.20    1486.12 0.0000e+00
        991     12.000     8.8631     8.8631   3.727539   3.727678     2.6361      98.87     0.0491 1.5289e-01 -9.990e-29     41.268  44.089251    6.13512    35.2673    35.2688    27.3500    1486.21    1486.13 0.0000e+00
       1007     13.000     8.8632     8.8632   3.727595   3.727732     2.6363      98.86     0.0478 1.7416e-01 -9.990e-29     41.897  44.089258    6.13873    35.2673    35.2688    27.3500    1486.23    1486.14 0.0000e+00
       1028     14.000     8.8629     8.8629   3.727606   3.727735     2.6366      98.86     0.0494 1.4961e-01 -9.990e-29     42.781  44.089268    6.13705    35.2673    35.2686    27.3500    1486.25    1486.14 0.0000e+00
       1057     15.000     8.8633     8.8635   3.727697   3.727834     2.6355      98.86     0.0522 1.2031e-01 -9.990e-29     43.983  44.089282    6.13123    35.2673    35.2686    27.3500    1486.26    1486.15 0.0000e+00
       1080     16.000     8.8637     8.8636   3.727771   3.727909     2.6350      98.86     0.0473 1.0567e-01 -9.990e-29     44.950  44.089293    6.13453    35.2672    35.2688    27.3498    1486.28    1486.16 0.0000e+00
       1097     17.000     8.8637     8.8636   3.727830   3.727961     2.6350      98.87     0.0451 7.8878e-02 -9.990e-29     45.683  44.089302    6.13738    35.2674    35.2689    27.3499    1486.30    1486.17 0.0000e+00
       1113     18.000     8.8635     8.8633   3.727876   3.727993     2.6353      98.86     0.0457 6.9805e-02 -9.990e-29     46.344  44.089309    6.13778    35.2676    35.2690    27.3501    1486.31    1486.18 0.0000e+00
       1129     19.000     8.8636     8.8636   3.727927   3.728058     2.6354      98.86     0.0463 8.4035e-02 -9.990e-29     46.980  44.089317    6.13002    35.2675    35.2689    27.3501    1486.33    1486.18 0.0000e+00
       1145     20.000     8.8637     8.8637   3.727973   3.728100     2.6329      98.86     0.0461 6.8891e-02 -9.990e-29     47.649  44.089325    6.11880    35.2674    35.2688    27.3500    1486.35    1486.19 0.0000e+00
       1171     21.000     8.8636     8.8635   3.727994   3.728122     2.6317      98.86     0.0444 6.0155e-02 -9.990e-29     48.742  44.089337    6.13178    35.2673    35.2687    27.3499    1486.36    1486.20 0.0000e+00
       1211     22.000     8.8633     8.8634   3.728021   3.728157     2.6348      98.86     0.0465 5.8080e-02 -9.990e-29     50.421  44.089357    6.14672    35.2674    35.2687    27.3500    1486.38    1486.21 0.0000e+00
       1242     23.000     8.8633     8.8633   3.728080   3.728210     2.6350      98.86     0.0473 5.2638e-02 -9.990e-29     51.702  44.089372    6.13739    35.2675    35.2689    27.3501    1486.40    1486.22 0.0000e+00
       1263     24.000     8.8636     8.8636   3.728154   3.728287     2.6340      98.86     0.0443 5.1444e-02 -9.990e-29     52.602  44.089382    6.13222    35.2675    35.2689    27.3500    1486.41    1486.23 0.0000e+00
       1281     25.000     8.8638     8.8639   3.728220   3.728353     2.6330      98.86     0.0463 5.1478e-02 -9.990e-29     53.347  44.089391    6.13127    35.2675    35.2688    27.3500    1486.43    1486.23 0.0000e+00
       1298     26.000     8.8646     8.8650   3.728326   3.728480     2.6325      98.86     0.0456 5.1454e-02 -9.990e-29     54.032  44.089399    6.13117    35.2674    35.2686    27.3498    1486.45    1486.24 0.0000e+00
       1314     27.000     8.8642     8.8644   3.728345   3.728481     2.6320      98.87     0.0438 5.1482e-02 -9.990e-29     54.701  44.089406    6.12719    35.2675    35.2687    27.3499    1486.46    1486.25 0.0000e+00
       1330     28.000     8.8643     8.8643   3.728401   3.728523     2.6303      98.86     0.0436 5.1452e-02 -9.990e-29     55.368  44.089414    6.12081    35.2675    35.2688    27.3499    1486.48    1486.26 0.0000e+00
       1347     29.000     8.8649     8.8648   3.728485   3.728604     2.6291      98.87     0.0446 5.1469e-02 -9.990e-29     56.066  44.089422    6.12053    35.2673    35.2687    27.3497    1486.50    1486.27 0.0000e+00
       1365     30.000     8.8652     8.8652   3.728554   3.728680     2.6282      98.87     0.0455 5.1462e-02 -9.990e-29     56.844  44.089431    6.12736    35.2672    35.2686    27.3496    1486.52    1486.27 0.0000e+00
       1386     31.000     8.8656     8.8656   3.728636   3.728767     2.6295      98.78     0.0441 5.1459e-02 -9.990e-29     57.692  44.089441    6.13560    35.2672    35.2686    27.3495    1486.53    1486.28 0.0000e+00
       1408     32.000     8.8663     8.8663   3.728735   3.728864     2.6297      98.17     0.0441 5.1451e-02 7.5719e-01     58.604  44.089452    6.13515    35.2671    35.2685    27.3493    1486.55    1486.29 0.0000e+00
       1431     33.000     8.8662     8.8660   3.728772   3.728895     2.6309      98.87     0.0468 5.1448e-02 1.9627e+00     59.579  44.089463    6.14567    35.2671    35.2686    27.3493    1486.57    1486.30 0.0000e+00
       1454     34.000     8.8657     8.8658   3.728780   3.728913     2.6331      98.86     0.0479 5.1488e-02 1.9438e+00     60.557  44.089474    6.14765    35.2672    35.2685    27.3495    1486.58    1486.31 0.0000e+00
       1477     35.000     8.8659     8.8658   3.728851   3.728967     2.6321      98.87     0.0464 5.1443e-02 1.0072e+00     61.507  44.089485    6.13488    35.2673    35.2686    27.3495    1486.60    1486.32 0.0000e+00
       1499     36.000     8.8656     8.8655   3.728872   3.728993     2.6312      98.86     0.0448 5.1454e-02 1.9479e+00     62.400  44.089495    6.13440    35.2673    35.2687    27.3496    1486.62    1486.33 0.0000e+00
       1519     37.000     8.8654     8.8654   3.728908   3.729039     2.6302      98.86     0.0440 5.1459e-02 -9.990e-29     63.250  44.089505    6.12987    35.2674    35.2688    27.3497    1486.63    1486.33 0.0000e+00
       1542     38.000     8.8658     8.8656   3.728973   3.729091     2.6286      93.17     0.0463 5.1463e-02 -9.990e-29     64.210  44.089516    6.13292    35.2672    35.2686    27.3494    1486.65    1486.34 0.0000e+00
       1572     39.000     8.8658     8.8657   3.729023   3.729133     2.6296      98.47     0.0491 5.1473e-02 -9.990e-29     65.458  44.089531    6.13507    35.2672    35.2685    27.3495    1486.67    1486.35 0.0000e+00
       1600     40.000     8.8658     8.8658   3.729082   3.729200     2.6278      98.88     0.0489 5.1449e-02 -9.990e-29     66.629  44.089544    6.12947    35.2674    35.2686    27.3496    1486.68    1486.36 0.0000e+00
       1621     41.000     8.8661     8.8662   3.729151   3.729287     2.6280      98.87     0.0483 5.1464e-02 -9.990e-29     67.487  44.089554    6.13224    35.2673    35.2687    27.3495    1486.70    1486.37 0.0000e+00
       1638     42.000     8.8663     8.8662   3.729211   3.729330     2.6270      98.50     0.0502 5.1454e-02 -9.990e-29     68.195  44.089563    6.13074    35.2673    35.2686    27.3494    1486.72    1486.38 0.0000e+00
       1654     43.000     8.8663     8.8662   3.729272   3.729384     2.6276      98.64     0.0518 5.1463e-02 -9.990e-29     68.862  44.089570    6.13484    35.2674    35.2687    27.3496    1486.74    1486.38 0.0000e+00
       1669     44.000     8.8664     8.8662   3.729321   3.729436     2.6274      98.40     0.0473 5.1472e-02 -9.990e-29     69.512  44.089578    6.13041    35.2674    35.2688    27.3495    1486.75    1486.39 0.0000e+00
       1686     45.000     8.8663     8.8663   3.729355   3.729480     2.6263      98.63     0.0456 5.1459e-02 -9.990e-29     70.196  44.089586    6.12651    35.2674    35.2687    27.3495    1486.77    1486.40 0.0000e+00
       1709     46.000     8.8662     8.8664   3.729396   3.729525     2.6259      98.35     0.0449 5.1456e-02 1.9438e+00     71.148  44.089597    6.13650    35.2674    35.2686    27.3495    1486.78    1486.41 0.0000e+00
       1737     47.000     8.8667     8.8667   3.729479   3.729596     2.6277      98.84     0.0455 5.1477e-02 1.1377e+00     72.313  44.089610    6.14207    35.2673    35.2685    27.3494    1486.80    1486.42 0.0000e+00
       1760     48.000     8.8670     8.8669   3.729555   3.729677     2.6280      98.86     0.0488 5.1466e-02 1.9426e+00     73.292  44.089621    6.14379    35.2673    35.2687    27.3493    1486.82    1486.43 0.0000e+00
       1779     49.000     8.8671     8.8670   3.729621   3.729743     2.6289      98.60     0.0484 5.1450e-02 7.6008e-01     74.102  44.089631    6.14200    35.2674    35.2688    27.3494    1486.84    1486.43 0.0000e+00
       1798     50.000     8.8673     8.8673   3.729683   3.729792     2.6278      98.31     0.0499 5.1458e-02 1.9429e+00     74.855  44.089640    6.13196    35.2674    35.2686    27.3494    1486.85    1486.44 0.0000e+00
       1818     51.000     8.8673     8.8672   3.729723   3.729838     2.6260      98.30     0.0485 5.1468e-02 -9.990e-29     75.704  44.089649    6.12615    35.2673    35.2687    27.3493    1486.87    1486.45 0.0000e+00
       1842     52.000     8.8671     8.8671   3.729756   3.729869     2.6246      95.14     0.0497 5.1485e-02 -9.990e-29     76.699  44.089661    6.13448    35.2674    35.2686    27.3494    1486.89    1486.46 0.0000e+00
       1865     53.000     8.8673     8.8673   3.729809   3.729942     2.6262      98.85     0.0448 5.1470e-02 -9.990e-29     77.678  44.089672    6.14357    35.2673    35.2687    27.3493    1486.90    1486.47 0.0000e+00
       1885     54.000     8.8674     8.8675   3.729880   3.730002     2.6264      92.88     0.0466 5.1448e-02 -9.990e-29     78.508  44.089682    6.14033    35.2675    35.2686    27.3494    1486.92    1486.48 0.0000e+00
       1903     55.000     8.8676     8.8676   3.729941   3.730061     2.6266      98.31     0.0451 5.1454e-02 1.9438e+00     79.231  44.089690    6.13630    35.2674    35.2687    27.3493    1486.94    1486.48 0.0000e+00
       1919     56.000     8.8676     8.8676   3.729986   3.730109     2.6252      98.32     0.0467 5.1466e-02 1.9438e+00     79.930  44.089698    6.12589    35.2674    35.2687    27.3493    1486.95    1486.49 0.0000e+00
       1938     57.000     8.8676     8.8676   3.730032   3.730144     2.6229      98.21     0.0506 5.1447e-02 1.9438e+00     80.709  44.089707    6.12126    35.2674    35.2686    27.3493    1486.97    1486.50 0.0000e+00
       1962     58.000     8.8676     8.8676   3.730076   3.730195     2.6217      98.16     0.0529 5.1455e-02 1.9438e+00     81.694  44.089719    6.12497    35.2674    35.2686    27.3493    1486.99    1486.51 0.0000e+00
       1991     59.000     8.8678     8.8679   3.730138   3.730269     2.6211      98.27     0.0477 5.1455e-02 1.9438e+00     82.920  44.089733    6.12975    35.2674    35.2686    27.3492    1487.00    1486.52 0.0000e+00
       2019     60.000     8.8678     8.8680   3.730191   3.730322     2.6223      98.51     0.0491 5.1460e-02 -9.990e-29     84.074  44.089746    6.13816    35.2674    35.2686    27.3493    1487.02    1486.53 0.0000e+00
       2042     61.000     8.8675     8.8675   3.730222   3.730346     2.6231      98.86     0.0468 5.1491e-02 -9.990e-29     85.025  44.089757    6.13844    35.2676    35.2689    27.3495    1487.04    1486.53 0.0000e+00
       2063     62.000     8.8677     8.8677   3.730283   3.730412     2.6233      98.66     0.0467 5.1473e-02 -9.990e-29     85.904  44.089767    6.13601    35.2675    35.2689    27.3494    1487.05    1486.54 0.0000e+00
       2084     63.000     8.8677     8.8677   3.730326   3.730444     2.6230      98.50     0.0482 5.1473e-02 -9.990e-29     86.786  44.089778    6.13289    35.2675    35.2688    27.3494    1487.07    1486.55 0.0000e+00
       2106     64.000     8.8676     8.8676   3.730375   3.730490     2.6217      98.50     0.0482 5.1451e-02 -9.990e-29     87.689  44.089788    6.12635    35.2677    35.2689    27.3495    1487.09    1486.56 0.0000e+00
       2126     65.000     8.8682     8.8683   3.730466   3.730601     2.6204      98.48     0.0455 5.1449e-02 -9.990e-29     88.543  44.089798    6.12355    35.2675    35.2689    27.3493    1487.10    1486.57 0.0000e+00
       2145     66.000     8.8685     8.8684   3.730523   3.730658     2.6193      94.27     0.0459 5.1443e-02 -9.990e-29     89.313  44.089807    6.12468    35.2674    35.2689    27.3491    1487.12    1486.58 0.0000e+00
       2162     67.000     8.8683     8.8683   3.730572   3.730695     2.6193      96.01     0.0479 5.1466e-02 -9.990e-29     90.025  44.089815    6.12756    35.2676    35.2689    27.3493    1487.14    1486.58 0.0000e+00
       2179     68.000     8.8683     8.8684   3.730616   3.730743     2.6189      98.76     0.0507 5.1457e-02 -9.990e-29     90.765  44.089824    6.12844    35.2676    35.2688    27.3493    1487.15    1486.59 0.0000e+00
       2200     69.000     8.8683     8.8682   3.730649   3.730769     2.6193      98.86     0.0491 5.1450e-02 1.9435e+00     91.642  44.089834    6.13102    35.2674    35.2688    27.3492    1487.17    1486.60 0.0000e+00
       2225     70.000     8.8684     8.8683   3.730711   3.730827     2.6185      90.43     0.0512 5.1461e-02 1.0345e+00     92.666  44.089846    6.12516    35.2675    35.2688    27.3493    1487.19    1486.61 0.0000e+00
       2247     71.000     8.8687     8.8686   3.730782   3.730908     2.6181      99.07     0.0539 5.1472e-02 1.5466e+00     93.564  44.089856    6.12786    35.2675    35.2689    27.3492    1487.20    1486.62 0.0000e+00
       2264     72.000     8.8689     8.8688   3.730841   3.730975     2.6180      98.86     0.0540 5.1472e-02 1.0870e+00     94.281  44.089864    6.12659    35.2674    35.2689    27.3491    1487.22    1486.63 0.0000e+00
       2279     73.000     8.8690     8.8690   3.730915   3.731026     2.6180      98.86     0.0519 5.1456e-02 1.9532e+00     94.924  44.089872    6.11539    35.2676    35.2688    27.3493    1487.24    1486.63 0.0000e+00
       2294     74.000     8.8690     8.8691   3.730968   3.731075     2.6136      78.79     0.0489 5.1463e-02 1.9438e+00     95.559  44.089879    6.10516    35.2677    35.2687    27.3493    1487.26    1486.64 0.0000e+00
       2310     75.000     8.8693     8.8694   3.731026   3.731156     2.6144      98.79     0.0496 5.1459e-02 1.9438e+00     96.191  44.089887    6.12119    35.2675    35.2688    27.3491    1487.27    1486.65 0.0000e+00
       2352     76.000     8.8691     8.8692   3.731045   3.731182     2.6151      98.85     0.0491 5.1469e-02 1.5592e+00     97.976  44.089907    6.12412    35.2674    35.2688    27.3491    1487.29    1486.66 0.0000e+00
