IBTS/IBTS_CruiseNotebook/Data/CTD/sta0017.cnv
* Sea-Bird SBE 9 Data File:
* FileName = C:\Seabird\CTDData\sta0017.hex
* Software Version Seasave V 7.21f
* Temperature SN = 2491
* Conductivity SN = 2694
* Number of Bytes Per Scan = 40
* Number of Voltage Words = 5
* Number of Scans Averaged by the Deck Unit = 1
* NMEA Latitude = 61 47.47 N
* NMEA Longitude = 001 10.84 E
* NMEA UTC (Time) = Feb 11 2020 20:22:29
* NMEA baud rate = 4800
** Ship: 10 F/F "G. O. Sars"
** Station: 0017
** Echodepth: 187
** Log: 7910.0
** Wind-Dir Force: 32 23
** Air-temp (dry): 5.0
** Weather Sky:
** Sea Ice:
# nquan = 20                                
# nvalues = 179                         
# units = specified
# name 0 = scan: Scan Count
# name 1 = prDM: Pressure, Digiquartz [db]
# name 2 = t068C: Temperature [ITS-68, deg C]
# name 3 = t168C: Temperature, 2 [ITS-68, deg C]
# name 4 = c0S/m: Conductivity [S/m]
# name 5 = c1S/m: Conductivity, 2 [S/m]
# name 6 = sbeox0V: Oxygen raw, SBE 43 [V]
# name 7 = altM: Altimeter [m]
# name 8 = flC: Fluorescence, Chelsea Aqua 3 Chl Con [ug/l]
# name 9 = par: PAR/Irradiance, Biospherical/Licor
# name 10 = spar: SPAR/Surface Irradiance
# name 11 = timeS: Time, Elapsed [seconds]
# name 12 = timeJ: Julian Days
# name 13 = sbeox0ML/L: Oxygen, SBE 43 [ml/l], WS = 2
# name 14 = sal00: Salinity, Practical [PSU]
# name 15 = sal11: Salinity, Practical, 2 [PSU]
# name 16 = sigma-t00: Density [sigma-t, Kg/m^3 ]
# name 17 = svCM: Sound Velocity [Chen-Millero, m/s]
# name 18 = avgsvCM: Average Sound Velocity [Chen-Millero, m/s], minP = 1, minS = 5
# name 19 = flag: flag
# span 0 =          6,       5516       
# span 1 =      3.000,    181.000       
# span 2 =     8.9245,     8.9471       
# span 3 =     8.9251,     8.9471       
# span 4 =   3.733882,   3.742629       
# span 5 =   3.734165,   3.742755       
# span 6 =     2.5663,     2.6407       
# span 7 =       1.16,      99.37       
# span 8 =     0.0354,     0.0551       
# span 9 = 5.1417e-02, 1.2186e+00       
# span 10 = -4.876e-02, 2.0277e+00      
# span 11 =      0.213,    229.811      
# span 12 =  42.848972,  42.851630      
# span 13 =    6.04253,    6.14623      
# span 14 =    35.2722,    35.2771      
# span 15 =    35.2731,    35.2788      
# span 16 =    27.3428,    27.3472      
# span 17 =    1486.31,    1489.27      
# span 18 =    1486.31,    1487.80      
# span 19 = 0.0000e+00, 0.0000e+00      
# interval = decibars: 1                
# start_time = Feb 11 2020 20:22:31 [System UTC, header]
# bad_flag = -9.990e-29
*END*
[from data line 145]
       4245    148.000     8.9426     8.9434   3.741999   3.742174     2.5832      40.42     0.0452 5.1491e-02 -9.990e-29    176.815  42.851016    6.06482    35.2752    35.2762    27.3434    1488.75    1487.54 0.0000e+00
       4260    149.000     8.9430     8.9433   3.742069   3.742216     2.5822      39.02     0.0435 5.1472e-02 -9.990e-29    177.462  42.851024    6.06858    35.2750    35.2763    27.3432    1488.77    1487.54 0.0000e+00
       4287    150.000     8.9426     8.9428   3.742079   3.742198     2.5815      37.88     0.0435 5.1457e-02 -9.990e-29    178.591  42.851037    6.07230    35.2751    35.2761    27.3433    1488.79    1487.55 0.0000e+00
       4320    151.000     8.9417     8.9418   3.742037   3.742144     2.5829      36.72     0.0437 5.1475e-02 -9.990e-29    179.967  42.851053    6.08902    35.2750    35.2761    27.3434    1488.80    1487.56 0.0000e+00
       4353    152.000     8.9408     8.9417   3.741986   3.742166     2.5847      35.93     0.0447 5.1453e-02 -9.990e-29    181.318  42.851068    6.08323    35.2749    35.2759    27.3434    1488.81    1487.57 0.0000e+00
       4396    153.000     8.9395     8.9399   3.741891   3.742016     2.5836      34.88     0.0455 5.1450e-02 -9.990e-29    183.105  42.851089    6.08002    35.2747    35.2756    27.3435    1488.82    1487.58 0.0000e+00
       4465    154.000     8.9379     8.9383   3.741760   3.741890     2.5806      33.83     0.0482 5.1461e-02 -9.990e-29    186.017  42.851123    6.06518    35.2745    35.2754    27.3436    1488.83    1487.59 0.0000e+00
       4489    155.000     8.9382     8.9386   3.741822   3.741968     2.5795      33.43     0.0444 5.1452e-02 -9.990e-29    187.019  42.851134    6.07407    35.2743    35.2755    27.3434    1488.85    1487.59 0.0000e+00
       4508    156.000     8.9373     8.9376   3.741787   3.741900     2.5808      32.63     0.0447 5.1458e-02 -9.990e-29    187.780  42.851143    6.08415    35.2744    35.2753    27.3436    1488.86    1487.60 0.0000e+00
       4524    157.000     8.9371     8.9380   3.741803   3.741981     2.5815      31.75     0.0447 5.1437e-02 -9.990e-29    188.461  42.851151    6.08647    35.2743    35.2752    27.3435    1488.88    1487.61 0.0000e+00
       4539    158.000     8.9367     8.9375   3.741800   3.741978     2.5825      30.87     0.0442 5.1436e-02 -9.990e-29    189.103  42.851158    6.08647    35.2742    35.2752    27.3435    1488.89    1487.62 0.0000e+00
       4555    159.000     8.9370     8.9374   3.741871   3.742011     2.5825      29.92     0.0435 5.1466e-02 -9.990e-29    189.741  42.851166    6.07895    35.2741    35.2752    27.3434    1488.91    1487.63 0.0000e+00
       4570    160.000     8.9378     8.9381   3.742002   3.742141     2.5811      28.93     0.0438 5.1447e-02 -9.990e-29    190.376  42.851173    6.06888    35.2742    35.2754    27.3434    1488.93    1487.63 0.0000e+00
       4585    161.000     8.9363     8.9359   3.741914   3.741942     2.5795      27.92     0.0462 5.1505e-02 -9.990e-29    191.005  42.851181    6.06355    35.2743    35.2750    27.3437    1488.94    1487.64 0.0000e+00
       4600    162.000     8.9319     8.9327   3.741472   3.741630     2.5780      26.90     0.0455 5.1417e-02 -9.990e-29    191.630  42.851188    6.05766    35.2736    35.2744    27.3438    1488.94    1487.65 0.0000e+00
       4615    163.000     8.9303     8.9314   3.741323   3.741523     2.5757      25.87     0.0458 5.1476e-02 -9.990e-29    192.254  42.851195    6.04679    35.2731    35.2741    27.3437    1488.95    1487.66 0.0000e+00
       4630    164.000     8.9288     8.9288   3.741222   3.741278     2.5724      24.82     0.0448 5.1447e-02 -9.990e-29    192.881  42.851202    6.04253    35.2731    35.2737    27.3439    1488.96    1487.67 0.0000e+00
       4645    165.000     8.9275     8.9280   3.741102   3.741238     2.5715      23.77     0.0422 5.1437e-02 -9.990e-29    193.508  42.851210    6.04954    35.2726    35.2735    27.3438    1488.97    1487.67 0.0000e+00
       4660    166.000     8.9273     8.9284   3.741133   3.741314     2.5707      22.71     0.0418 5.1467e-02 -9.990e-29    194.140  42.851217    6.05275    35.2727    35.2735    27.3439    1488.99    1487.68 0.0000e+00
       4675    167.000     8.9272     8.9281   3.741163   3.741330     2.5702      21.67     0.0406 5.1456e-02 -9.990e-29    194.761  42.851224    6.05758    35.2726    35.2735    27.3438    1489.01    1487.69 0.0000e+00
       4690    168.000     8.9264     8.9265   3.741122   3.741206     2.5713      20.64     0.0385 5.1457e-02 -9.990e-29    195.382  42.851231    6.06665    35.2725    35.2733    27.3439    1489.02    1487.70 0.0000e+00
       4705    169.000     8.9265     8.9271   3.741183   3.741321     2.5720      19.63     0.0402 5.1428e-02 1.9438e+00    195.994  42.851238    6.06824    35.2726    35.2734    27.3439    1489.04    1487.71 0.0000e+00
       4719    170.000     8.9252     8.9261   3.741082   3.741262     2.5725      18.63     0.0412 5.1439e-02 1.9349e+00    196.597  42.851245    6.06889    35.2723    35.2733    27.3439    1489.05    1487.71 0.0000e+00
       4733    171.000     8.9245     8.9251   3.741054   3.741191     2.5726      17.65     0.0433 5.1439e-02 5.7578e-01    197.183  42.851252    6.07205    35.2722    35.2731    27.3440    1489.06    1487.72 0.0000e+00
       4762    172.000     8.9259     8.9267   3.741251   3.741415     2.5741      16.44     0.0430 5.1459e-02 1.7644e+00    198.369  42.851266    6.07791    35.2724    35.2734    27.3439    1489.08    1487.73 0.0000e+00
       4963    173.000     8.9257     8.9259   3.741271   3.741371     2.5729      15.22     0.0455 5.1456e-02 1.3601e+00    206.749  42.851363    6.06470    35.2724    35.2732    27.3439    1489.10    1487.74 0.0000e+00
       5036    174.000     8.9259     8.9265   3.741353   3.741499     2.5701      14.25     0.0467 5.1460e-02 1.4348e+00    209.791  42.851398    6.05470    35.2725    35.2735    27.3440    1489.12    1487.75 0.0000e+00
       5067    175.000     8.9286     8.9293   3.741657   3.741843     2.5700      13.28     0.0479 5.1468e-02 1.3399e+00    211.094  42.851413    6.05941    35.2726    35.2738    27.3436    1489.14    1487.75 0.0000e+00
       5231    176.000     8.9285     8.9300   3.741722   3.741963     2.5706      12.60     0.0449 5.1471e-02 2.0277e+00    217.919  42.851492    6.04914    35.2729    35.2739    27.3438    1489.16    1487.76 0.0000e+00
       5380    177.000     8.9332     8.9339   3.742221   3.742406     2.5710      12.06     0.0458 5.1463e-02 1.9438e+00    224.108  42.851564    6.04672    35.2730    35.2742    27.3432    1489.19    1487.77 0.0000e+00
       5396    178.000     8.9350     8.9352   3.742455   3.742604     2.5686      11.08     0.0477 5.1466e-02 1.9438e+00    224.786  42.851572    6.04456    35.2732    35.2746    27.3430    1489.22    1487.78 0.0000e+00
       5411    179.000     8.9356     8.9360   3.742584   3.742735     2.5677      10.08     0.0466 5.1466e-02 1.9438e+00    225.421  42.851579    6.04897    35.2735    35.2747    27.3432    1489.24    1487.79 0.0000e+00
       5441    180.000     8.9351     8.9358   3.742584   3.742755     2.5663       8.76     0.0461 5.1458e-02 1.6290e+00    226.647  42.851593    6.05263    35.2735    35.2746    27.3432    1489.25    1487.79 0.0000e+00
       5516    181.000     8.9351     8.9351   3.742629   3.742727     2.5675       6.92     0.0471 5.1459e-02 1.7099e+00    229.811  42.851630    6.06926    35.2735    35.2745    27.3432    1489.27    1487.80 0.0000e+00
