IBTS/IBTS_CruiseNotebook/Data/CTD/sta0026.cnv
* Sea-Bird SBE 9 Data File:
* FileName = C:\Seabird\CTDData\sta0026.hex
* Software Version Seasave V 7.21f
* Temperature SN = 2491
* Conductivity SN = 2694
* Number of Bytes Per Scan = 40
* Number of Voltage Words = 5
* Number of Scans Averaged by the Deck Unit = 1
* NMEA Latitude = 60 50.70 N
* NMEA Longitude = 000 47.68 E
* NMEA UTC (Time) = Feb 13 2020 16:11:03
* NMEA baud rate = 4800
** Ship: 10 F/F "G. O. Sars"
** Station: 0026
** Echodepth: 146
** Log: 8206.33
** Wind-Dir Force: 25 13
** Air-temp (dry): 5.2
** Weather Sky:
** Sea Ice:
# nquan = 20                                
# nvalues = 136                         
# units = specified
# name 0 = scan: Scan Count
# name 1 = prDM: Pressure, Digiquartz [db]
# name 2 = t068C: Temperature [ITS-68, deg C]
# name 3 = t168C: Temperature, 2 [ITS-68, deg C]
# name 4 = c0S/m: Conductivity [S/m]
# name 5 = c1S/m: Conductivity, 2 [S/m]
# name 6 = sbeox0V: Oxygen raw, SBE 43 [V]
# name 7 = altM: Altimeter [m]
# name 8 = flC: Fluorescence, Chelsea Aqua 3 Chl Con [ug/l]
# name 9 = par: PAR/Irradiance, Biospherical/Licor
# name 10 = spar: SPAR/Surface Irradiance
# name 11 = timeS: Time, Elapsed [seconds]
# name 12 = timeJ: Julian Days
# name 13 = sbeox0ML/L: Oxygen, SBE 43 [ml/l], WS = 2
# name 14 = sal00: Salinity, Practical [PSU]
# name 15 = sal11: Salinity, Practical, 2 [PSU]
# name 16 = sigma-t00: Density [sigma-t, Kg/m^3 ]
# name 17 = svCM: Sound Velocity [Chen-Millero, m/s]
# name 18 = avgsvCM: Average Sound Velocity [Chen-Millero, m/s], minP = 1, minS = 5
# name 19 = flag: flag
# span 0 =        181,       3355       
# span 1 =      3.000,    138.000       
# span 2 =     8.8758,     8.9052       
# span 3 =     8.8758,     8.9094       
# span 4 =   3.732796,   3.738343       
# span 5 =   3.733049,   3.738503       
# span 6 =     2.6115,     2.6459       
# span 7 =       1.10,     100.40       
# span 8 =     0.0751,     0.1052       
# span 9 = 5.1426e-02, 1.2645e+01       
# span 10 = 2.7209e+01, 3.1114e+01      
# span 11 =      7.495,    139.745      
# span 12 =  44.674462,  44.675992      
# span 13 =    6.11490,    6.18196      
# span 14 =    35.2882,    35.3028      
# span 15 =    35.2899,    35.3044      
# span 16 =    27.3598,    27.3755      
# span 17 =    1486.25,    1488.40      
# span 18 =    1486.25,    1487.29      
# span 19 = 0.0000e+00, 0.0000e+00      
# interval = decibars: 1                
# start_time = Feb 13 2020 16:11:06 [System UTC, header]
# bad_flag = -9.990e-29
*END*
        181      3.000     8.9049     8.9094   3.733170   3.733795     2.6379       1.15     0.0963 1.2645e+01 -9.990e-29      7.495  44.674462    6.11825    35.2894    35.2915    27.3606    1486.25    1486.25 0.0000e+00
        214      4.000     8.9052     8.9055   3.733237   3.733492     2.6357       1.10     0.0972 1.0161e+01 -9.990e-29      8.875  44.674478    6.11490    35.2893    35.2917    27.3605    1486.26    1486.25 0.0000e+00
        352      5.000     8.9022     8.9038   3.732970   3.733376     2.6355       8.60     0.0956 9.1318e+00 -9.990e-29     14.613  44.674544    6.12058    35.2890    35.2917    27.3607    1486.27    1486.25 0.0000e+00
        522      6.000     8.8999     8.9010   3.732803   3.733139     2.6360       8.47     0.0958 7.6530e+00 -9.990e-29     21.715  44.674626    6.12016    35.2891    35.2915    27.3611    1486.28    1486.26 0.0000e+00
        540      7.000     8.8993     8.8996   3.732796   3.733049     2.6350       8.43     0.0956 6.5417e+00 -9.990e-29     22.476  44.674635    6.12442    35.2891    35.2915    27.3612    1486.29    1486.26 0.0000e+00
        554      8.000     8.8996     8.8997   3.732870   3.733104     2.6364      79.05     0.1001 5.7864e+00 -9.990e-29     23.059  44.674642    6.13258    35.2891    35.2915    27.3612    1486.31    1486.27 0.0000e+00
        568      9.000     8.8988     8.8990   3.732843   3.733068     2.6376      98.54     0.1003 5.1908e+00 -9.990e-29     23.616  44.674648    6.13014    35.2892    35.2913    27.3613    1486.32    1486.27 0.0000e+00
        585     10.000     8.8990     8.8988   3.732872   3.733079     2.6359      42.98     0.0989 4.8011e+00 -9.990e-29     24.328  44.674657    6.13062    35.2888    35.2912    27.3610    1486.34    1486.28 0.0000e+00
        620     11.000     8.8990     8.8988   3.732930   3.733125     2.6385      70.00     0.1007 4.4576e+00 3.0828e+01     25.795  44.674674    6.14275    35.2889    35.2912    27.3611    1486.36    1486.29 0.0000e+00
        661     12.000     8.8990     8.8990   3.732973   3.733190     2.6413      58.65     0.0997 4.3365e+00 2.9441e+01     27.486  44.674693    6.15554    35.2889    35.2912    27.3611    1486.37    1486.30 0.0000e+00
        690     13.000     8.8984     8.8998   3.732964   3.733309     2.6444     100.40     0.1009 4.1352e+00 2.9149e+01     28.714  44.674707    6.16309    35.2889    35.2911    27.3612    1486.39    1486.30 0.0000e+00
        709     14.000     8.9023     8.9020   3.733407   3.733582     2.6452      98.86     0.0997 3.8986e+00 2.9734e+01     29.519  44.674717    6.15483    35.2892    35.2913    27.3608    1486.42    1486.31 0.0000e+00
        725     15.000     8.9016     8.9022   3.733381   3.733648     2.6439      31.63     0.0996 3.6664e+00 2.8874e+01     30.151  44.674724    6.15360    35.2891    35.2913    27.3609    1486.43    1486.32 0.0000e+00
        739     16.000     8.9026     8.9026   3.733529   3.733739     2.6446      61.17     0.1035 3.4326e+00 3.0578e+01     30.740  44.674731    6.15903    35.2892    35.2914    27.3608    1486.45    1486.33 0.0000e+00
        753     17.000     8.9026     8.9030   3.733564   3.733781     2.6457      99.75     0.1052 3.1388e+00 3.1114e+01     31.326  44.674738    6.15510    35.2891    35.2910    27.3607    1486.47    1486.34 0.0000e+00
        767     18.000     8.9020     8.9023   3.733530   3.733764     2.6430      54.46     0.1006 2.7926e+00 3.1101e+01     31.920  44.674744    6.14345    35.2889    35.2910    27.3606    1486.48    1486.34 0.0000e+00
        781     19.000     8.9021     8.9021   3.733588   3.733781     2.6428      68.36     0.0988 2.4640e+00 3.1101e+01     32.513  44.674751    6.14605    35.2889    35.2909    27.3606    1486.50    1486.35 0.0000e+00
        796     20.000     8.9027     8.9028   3.733692   3.733900     2.6415      32.85     0.0979 2.2299e+00 3.0973e+01     33.117  44.674758    6.14880    35.2889    35.2910    27.3605    1486.52    1486.36 0.0000e+00
        811     21.000     8.9023     8.9024   3.733692   3.733877     2.6420      62.61     0.0996 2.0800e+00 3.0978e+01     33.753  44.674766    6.15317    35.2888    35.2907    27.3605    1486.53    1486.37 0.0000e+00
        841     22.000     8.9017     8.9016   3.733684   3.733863     2.6416      74.72     0.0994 1.9735e+00 2.9673e+01     35.009  44.674780    6.15485    35.2888    35.2908    27.3606    1486.55    1486.38 0.0000e+00
        884     23.000     8.9013     8.9014   3.733729   3.733914     2.6437     100.18     0.1000 1.9338e+00 2.9130e+01     36.801  44.674801    6.16167    35.2892    35.2911    27.3610    1486.56    1486.38 0.0000e+00
        910     24.000     8.9016     8.9018   3.733796   3.733997     2.6430      61.00     0.0998 1.8515e+00 2.9157e+01     37.880  44.674813    6.16081    35.2892    35.2911    27.3609    1486.58    1486.39 0.0000e+00
        930     25.000     8.9014     8.9018   3.733827   3.734042     2.6450      83.18     0.1031 1.7360e+00 -9.990e-29     38.714  44.674823    6.17417    35.2892    35.2911    27.3610    1486.60    1486.40 0.0000e+00
        947     26.000     8.9018     8.9018   3.733901   3.734078     2.6459      99.18     0.1039 1.6297e+00 -9.990e-29     39.431  44.674831    6.15998    35.2891    35.2910    27.3608    1486.61    1486.41 0.0000e+00
        964     27.000     8.9028     8.9026   3.734021   3.734179     2.6421      37.54     0.0987 1.5281e+00 -9.990e-29     40.130  44.674839    6.14737    35.2889    35.2907    27.3605    1486.63    1486.42 0.0000e+00
        981     28.000     8.9025     8.9025   3.734016   3.734198     2.6428      96.51     0.1025 1.4287e+00 -9.990e-29     40.847  44.674848    6.15835    35.2886    35.2906    27.3604    1486.65    1486.43 0.0000e+00
        999     29.000     8.9020     8.9018   3.734045   3.734211     2.6420      98.83     0.1043 1.3224e+00 -9.990e-29     41.592  44.674856    6.15500    35.2890    35.2909    27.3607    1486.66    1486.43 0.0000e+00
       1018     30.000     8.9022     8.9018   3.734102   3.734258     2.6415      98.12     0.0994 1.2225e+00 -9.990e-29     42.391  44.674866    6.15145    35.2889    35.2909    27.3606    1486.68    1486.44 0.0000e+00
       1039     31.000     8.9018     8.9014   3.734123   3.734274     2.6400      47.68     0.0970 1.1302e+00 -9.990e-29     43.269  44.674876    6.15831    35.2890    35.2910    27.3608    1486.70    1486.45 0.0000e+00
       1062     32.000     8.9029     8.9029   3.734240   3.734430     2.6421      98.72     0.0980 1.0574e+00 -9.990e-29     44.227  44.674887    6.16774    35.2887    35.2907    27.3603    1486.72    1486.46 0.0000e+00
       1087     33.000     8.9032     8.9033   3.734324   3.734513     2.6425      98.86     0.1004 9.9660e-01 -9.990e-29     45.243  44.674899    6.16072    35.2888    35.2907    27.3604    1486.73    1486.47 0.0000e+00
       1111     34.000     8.9033     8.9033   3.734382   3.734569     2.6412      50.07     0.0973 9.3362e-01 -9.990e-29     46.249  44.674910    6.16582    35.2888    35.2908    27.3604    1486.75    1486.47 0.0000e+00
       1134     35.000     8.9031     8.9031   3.734388   3.734560     2.6441      99.48     0.0974 8.8859e-01 -9.990e-29     47.199  44.674921    6.18044    35.2886    35.2904    27.3602    1486.77    1486.48 0.0000e+00
       1155     36.000     8.9031     8.9031   3.734410   3.734584     2.6449      98.87     0.0951 8.4482e-01 -9.990e-29     48.088  44.674932    6.16968    35.2883    35.2902    27.3600    1486.78    1486.49 0.0000e+00
       1175     37.000     8.9033     8.9035   3.734474   3.734660     2.6431      57.31     0.0917 8.0234e-01 -9.990e-29     48.903  44.674941    6.16442    35.2883    35.2901    27.3600    1486.80    1486.50 0.0000e+00
       1193     38.000     8.9035     8.9034   3.734525   3.734704     2.6438      78.31     0.0918 7.5921e-01 2.9157e+01     49.651  44.674950    6.17598    35.2882    35.2902    27.3598    1486.82    1486.51 0.0000e+00
       1210     39.000     8.9031     8.9032   3.734542   3.734736     2.6446      98.78     0.0913 7.1830e-01 2.9157e+01     50.372  44.674958    6.16536    35.2883    35.2902    27.3600    1486.83    1486.52 0.0000e+00
       1228     40.000     8.9035     8.9034   3.734626   3.734806     2.6407      40.59     0.0904 6.7029e-01 2.9157e+01     51.126  44.674967    6.15673    35.2883    35.2903    27.3599    1486.85    1486.52 0.0000e+00
       1248     41.000     8.9032     8.9033   3.734648   3.734837     2.6425      97.85     0.0952 6.2215e-01 2.9157e+01     51.965  44.674976    6.17371    35.2883    35.2902    27.3600    1486.86    1486.53 0.0000e+00
       1270     42.000     8.9034     8.9034   3.734706   3.734886     2.6423      98.86     0.0960 5.8265e-01 2.9157e+01     52.880  44.674987    6.16724    35.2883    35.2902    27.3599    1486.88    1486.54 0.0000e+00
       1293     43.000     8.9034     8.9035   3.734762   3.734940     2.6411      61.84     0.0970 5.4289e-01 2.9157e+01     53.843  44.674998    6.16649    35.2884    35.2901    27.3600    1486.90    1486.55 0.0000e+00
       1321     44.000     8.9033     8.9033   3.734789   3.734978     2.6430      90.50     0.0925 4.9993e-01 -9.990e-29     54.983  44.675011    6.18077    35.2883    35.2903    27.3599    1486.91    1486.56 0.0000e+00
       1353     45.000     8.9030     8.9028   3.734825   3.734983     2.6435      99.06     0.0865 4.6664e-01 -9.990e-29     56.346  44.675027    6.17554    35.2885    35.2903    27.3601    1486.93    1486.57 0.0000e+00
       1381     46.000     8.9037     8.9038   3.734934   3.735096     2.6432      98.86     0.0923 4.3553e-01 -9.990e-29     57.511  44.675041    6.17256    35.2884    35.2900    27.3600    1486.95    1486.57 0.0000e+00
       1402     47.000     8.9031     8.9033   3.734924   3.735109     2.6425      98.86     0.0941 4.1427e-01 -9.990e-29     58.395  44.675051    6.16952    35.2884    35.2902    27.3601    1486.96    1486.58 0.0000e+00
       1420     48.000     8.9033     8.9033   3.734987   3.735157     2.6416      98.75     0.0959 3.9218e-01 -9.990e-29     59.144  44.675059    6.16758    35.2884    35.2902    27.3601    1486.98    1486.59 0.0000e+00
       1437     49.000     8.9031     8.9031   3.735037   3.735202     2.6411      98.17     0.0953 3.7788e-01 -9.990e-29     59.849  44.675068    6.16575    35.2887    35.2904    27.3603    1487.00    1486.60 0.0000e+00
       1454     50.000     8.9036     8.9037   3.735113   3.735284     2.6397      97.54     0.0930 3.6313e-01 -9.990e-29     60.533  44.675076    6.16115    35.2885    35.2902    27.3601    1487.01    1486.61 0.0000e+00
       1470     51.000     8.9037     8.9037   3.735160   3.735327     2.6388      96.67     0.0926 3.4113e-01 -9.990e-29     61.197  44.675083    6.16268    35.2884    35.2902    27.3600    1487.03    1486.62 0.0000e+00
       1486     52.000     8.9030     8.9025   3.735139   3.735258     2.6387      95.55     0.0966 3.2466e-01 -9.990e-29     61.869  44.675091    6.16734    35.2884    35.2902    27.3601    1487.04    1486.62 0.0000e+00
       1502     53.000     8.9026     8.9026   3.735143   3.735291     2.6388      94.47     0.0980 3.0478e-01 -9.990e-29     62.523  44.675099    6.16782    35.2884    35.2899    27.3601    1487.06    1486.63 0.0000e+00
       1517     54.000     8.9032     8.9012   3.735257   3.735270     2.6386      93.58     0.0942 2.8494e-01 -9.990e-29     63.178  44.675106    6.16464    35.2885    35.2906    27.3601    1487.08    1486.64 0.0000e+00
       1535     55.000     8.8997     8.8993   3.735007   3.735142     2.6374      92.30     0.0936 2.6083e-01 -9.990e-29     63.912  44.675115    6.16313    35.2888    35.2907    27.3610    1487.08    1486.65 0.0000e+00
       1564     56.000     8.8983     8.8984   3.734955   3.735117     2.6373      90.83     0.0983 2.3728e-01 -9.990e-29     65.122  44.675129    6.16691    35.2892    35.2908    27.3615    1487.09    1486.66 0.0000e+00
       1625     57.000     8.8994     8.8994   3.735079   3.735236     2.6374      89.74     0.0954 2.2415e-01 -9.990e-29     67.671  44.675158    6.16986    35.2889    35.2906    27.3611    1487.11    1486.66 0.0000e+00
       1650     58.000     8.9003     8.9003   3.735187   3.735345     2.6380      89.02     0.0977 2.1366e-01 -9.990e-29     68.726  44.675170    6.17323    35.2887    35.2904    27.3608    1487.13    1486.67 0.0000e+00
       1668     59.000     8.8996     8.8997   3.735197   3.735360     2.6384      88.23     0.0921 2.0279e-01 -9.990e-29     69.454  44.675179    6.16910    35.2890    35.2906    27.3611    1487.15    1486.68 0.0000e+00
       1683     60.000     8.9006     8.9005   3.735308   3.735462     2.6371      87.51     0.0904 1.8962e-01 -9.990e-29     70.102  44.675186    6.16010    35.2887    35.2904    27.3607    1487.17    1486.69 0.0000e+00
       1698     61.000     8.9017     8.9015   3.735434   3.735577     2.6357      86.56     0.0926 1.8214e-01 -9.990e-29     70.722  44.675193    6.15821    35.2885    35.2902    27.3603    1487.19    1486.70 0.0000e+00
       1713     62.000     8.9006     8.9007   3.735408   3.735578     2.6350      85.98     0.0930 1.6768e-01 -9.990e-29     71.333  44.675201    6.15902    35.2888    35.2905    27.3608    1487.20    1486.70 0.0000e+00
       1727     63.000     8.8993     8.8991   3.735377   3.735527     2.6344      84.94     0.0935 1.6240e-01 -9.990e-29     71.937  44.675207    6.15654    35.2893    35.2911    27.3614    1487.21    1486.71 0.0000e+00
       1742     64.000     8.8989     8.8991   3.735409   3.735578     2.6331      83.80     0.0937 1.5088e-01 -9.990e-29     72.543  44.675215    6.15355    35.2895    35.2911    27.3616    1487.23    1486.72 0.0000e+00
       1757     65.000     8.8987     8.8989   3.735440   3.735616     2.6324      82.91     0.0923 1.4289e-01 -9.990e-29     73.173  44.675222    6.15669    35.2896    35.2912    27.3617    1487.24    1486.73 0.0000e+00
       1778     66.000     8.8979     8.8978   3.735415   3.735564     2.6321      81.46     0.0937 1.3244e-01 -9.990e-29     74.037  44.675232    6.15899    35.2896    35.2913    27.3619    1487.26    1486.74 0.0000e+00
       1808     67.000     8.8946     8.8950   3.735213   3.735397     2.6326      80.13     0.0935 1.2462e-01 -9.990e-29     75.300  44.675247    6.16755    35.2903    35.2919    27.3629    1487.26    1486.74 0.0000e+00
       1844     68.000     8.8937     8.8941   3.735198   3.735374     2.6331      79.00     0.0901 1.1355e-01 -9.990e-29     76.804  44.675264    6.16138    35.2906    35.2920    27.3633    1487.28    1486.75 0.0000e+00
       1876     69.000     8.8973     8.8975   3.735503   3.735672     2.6324      78.13     0.0895 1.1011e-01 -9.990e-29     78.113  44.675279    6.16657    35.2897    35.2913    27.3620    1487.30    1486.76 0.0000e+00
       1901     70.000     8.8884     8.8900   3.734891   3.735183     2.6333      77.14     0.0902 1.0610e-01 -9.990e-29     79.147  44.675291    6.17173    35.2916    35.2931    27.3650    1487.29    1486.77 0.0000e+00
       1920     71.000     8.8867     8.8867   3.734836   3.735017     2.6337      76.25     0.0893 1.0309e-01 -9.990e-29     79.970  44.675301    6.17048    35.2923    35.2942    27.3657    1487.30    1486.78 0.0000e+00
       1938     72.000     8.8874     8.8872   3.734955   3.735105     2.6334      75.35     0.0885 9.8668e-02 -9.990e-29     80.698  44.675309    6.16662    35.2924    35.2941    27.3657    1487.32    1486.78 0.0000e+00
       1953     73.000     8.8868     8.8868   3.734973   3.735130     2.6327      74.55     0.0875 9.3626e-02 -9.990e-29     81.342  44.675316    6.16262    35.2927    35.2943    27.3660    1487.34    1486.79 0.0000e+00
       1968     74.000     8.8878     8.8884   3.735081   3.735277     2.6321      73.68     0.0868 8.7493e-02 -9.990e-29     81.963  44.675324    6.15620    35.2923    35.2938    27.3656    1487.35    1486.80 0.0000e+00
