IBTS/IBTS_CruiseNotebook/Data/CTD/sta0007.cnv
* Sea-Bird SBE 9 Data File:
* FileName = C:\Seabird\CTDData\sta0007.hex
* Software Version Seasave V 7.21f
* Temperature SN = 2491
* Conductivity SN = 2694
* Number of Bytes Per Scan = 40
* Number of Voltage Words = 5
* Number of Scans Averaged by the Deck Unit = 1
* NMEA Latitude = 61 10.80 N
* NMEA Longitude = 001 20.55 E
* NMEA UTC (Time) = Feb 10 2020 17:08:46
* NMEA baud rate = 4800
** Ship: 10 F/F "G. O. Sars"
** Station: 0007
** Echodepth: 148.39
** Log: 7747.30
** Wind-Dir Force: 21 32
** Air-temp (dry): 5.7
** Weather Sky:
** Sea Ice:
# nquan = 20                                
# nvalues = 137                         
# units = specified
# name 0 = scan: Scan Count
# name 1 = prDM: Pressure, Digiquartz [db]
# name 2 = t068C: Temperature [ITS-68, deg C]
# name 3 = t168C: Temperature, 2 [ITS-68, deg C]
# name 4 = c0S/m: Conductivity [S/m]
# name 5 = c1S/m: Conductivity, 2 [S/m]
# name 6 = sbeox0V: Oxygen raw, SBE 43 [V]
# name 7 = altM: Altimeter [m]
# name 8 = flC: Fluorescence, Chelsea Aqua 3 Chl Con [ug/l]
# name 9 = par: PAR/Irradiance, Biospherical/Licor
# name 10 = spar: SPAR/Surface Irradiance
# name 11 = timeS: Time, Elapsed [seconds]
# name 12 = timeJ: Julian Days
# name 13 = sbeox0ML/L: Oxygen, SBE 43 [ml/l], WS = 2
# name 14 = sal00: Salinity, Practical [PSU]
# name 15 = sal11: Salinity, Practical, 2 [PSU]
# name 16 = sigma-t00: Density [sigma-t, Kg/m^3 ]
# name 17 = svCM: Sound Velocity [Chen-Millero, m/s]
# name 18 = avgsvCM: Average Sound Velocity [Chen-Millero, m/s], minP = 1, minS = 5
# name 19 = flag: flag
# span 0 =         72,       3829       
# span 1 =      3.000,    139.000       
# span 2 =     8.9568,     8.9805       
# span 3 =     8.9581,     8.9806       
# span 4 =   3.738921,   3.747406       
# span 5 =   3.739309,   3.747607       
# span 6 =     2.6257,     2.6664       
# span 7 =       8.86,      99.73       
# span 8 =     0.0615,     0.0816       
# span 9 = 5.1389e-02, 1.0592e+00       
# span 10 = 0.0000e+00, 0.0000e+00      
# span 11 =      2.953,    159.516      
# span 12 =  41.714490,  41.716302      
# span 13 =    6.17028,    6.21567      
# span 14 =    35.2983,    35.2992      
# span 15 =    35.3006,    35.3016      
# span 16 =    27.3556,    27.3595      
# span 17 =    1486.45,    1488.77      
# span 18 =    1486.45,    1487.61      
# span 19 = 0.0000e+00, 0.0000e+00      
# interval = decibars: 1                
# start_time = Feb 10 2020 17:08:49 [System UTC, header]
# bad_flag = -9.990e-29
*END*
[from data line 73]
       2113     76.000     8.9731     8.9729   3.743869   3.744035     2.6399      73.14     0.0709 5.1457e-02 0.0000e+00     88.012  41.715475    6.17368    35.2990    35.3009    27.3571    1487.71    1487.08 0.0000e+00
       2128     77.000     8.9729     8.9728   3.743897   3.744079     2.6399      72.22     0.0755 5.1447e-02 0.0000e+00     88.616  41.715482    6.18084    35.2990    35.3010    27.3572    1487.73    1487.09 0.0000e+00
       2142     78.000     8.9727     8.9728   3.743919   3.744116     2.6401      71.11     0.0808 5.1459e-02 0.0000e+00     89.225  41.715489    6.18588    35.2990    35.3009    27.3571    1487.74    1487.10 0.0000e+00
       2157     79.000     8.9729     8.9731   3.743995   3.744177     2.6411      70.28     0.0816 5.1447e-02 0.0000e+00     89.838  41.715496    6.18952    35.2991    35.3008    27.3572    1487.76    1487.10 0.0000e+00
       2191     80.000     8.9732     8.9731   3.744055   3.744234     2.6414      68.51     0.0762 5.1451e-02 0.0000e+00     91.230  41.715512    6.19265    35.2989    35.3009    27.3570    1487.78    1487.11 0.0000e+00
       2253     81.000     8.9724     8.9723   3.744025   3.744217     2.6447      67.05     0.0741 5.1435e-02 0.0000e+00     93.834  41.715542    6.20244    35.2989    35.3011    27.3572    1487.79    1487.12 0.0000e+00
       2329     82.000     8.9726     8.9728   3.744107   3.744302     2.6460      66.16     0.0740 5.1442e-02 0.0000e+00     97.007  41.715579    6.20097    35.2991    35.3010    27.3573    1487.81    1487.13 0.0000e+00
       2346     83.000     8.9729     8.9730   3.744180   3.744370     2.6456      65.59     0.0751 5.1435e-02 0.0000e+00     97.707  41.715587    6.19742    35.2991    35.3010    27.3572    1487.82    1487.14 0.0000e+00
       2363     84.000     8.9733     8.9733   3.744253   3.744446     2.6448      64.82     0.0739 5.1454e-02 0.0000e+00     98.397  41.715595    6.19501    35.2990    35.3010    27.3571    1487.84    1487.15 0.0000e+00
       2378     85.000     8.9733     8.9735   3.744300   3.744511     2.6443      63.91     0.0732 5.1457e-02 0.0000e+00     99.049  41.715602    6.19212    35.2990    35.3010    27.3571    1487.86    1487.15 0.0000e+00
       2393     86.000     8.9732     8.9733   3.744335   3.744539     2.6430      62.88     0.0734 5.1457e-02 0.0000e+00     99.676  41.715610    6.18363    35.2990    35.3010    27.3571    1487.87    1487.16 0.0000e+00
       2408     87.000     8.9733     8.9733   3.744385   3.744588     2.6413      61.92     0.0759 5.1417e-02 0.0000e+00    100.302  41.715617    6.17490    35.2989    35.3011    27.3570    1487.89    1487.17 0.0000e+00
       2423     88.000     8.9736     8.9737   3.744464   3.744676     2.6386      61.07     0.0766 5.1437e-02 0.0000e+00    100.917  41.715624    6.17028    35.2990    35.3011    27.3570    1487.91    1487.18 0.0000e+00
       2438     89.000     8.9737     8.9737   3.744513   3.744721     2.6374      60.16     0.0756 5.1449e-02 0.0000e+00    101.522  41.715631    6.17668    35.2989    35.3011    27.3570    1487.93    1487.19 0.0000e+00
       2452     90.000     8.9738     8.9740   3.744580   3.744783     2.6374      59.13     0.0747 5.1437e-02 0.0000e+00    102.130  41.715638    6.18185    35.2991    35.3010    27.3570    1487.94    1487.20 0.0000e+00
       2467     91.000     8.9741     8.9742   3.744662   3.744839     2.6374      58.29     0.0756 5.1449e-02 0.0000e+00    102.731  41.715645    6.18007    35.2991    35.3009    27.3571    1487.96    1487.20 0.0000e+00
       2481     92.000     8.9741     8.9742   3.744705   3.744904     2.6362      57.19     0.0769 5.1460e-02 0.0000e+00    103.328  41.715652    6.17870    35.2991    35.3011    27.3570    1487.98    1487.21 0.0000e+00
       2495     93.000     8.9745     8.9746   3.744782   3.744972     2.6364      56.32     0.0756 5.1418e-02 0.0000e+00    103.923  41.715659    6.18645    35.2990    35.3009    27.3569    1487.99    1487.22 0.0000e+00
       2510     94.000     8.9745     8.9746   3.744825   3.745022     2.6373      55.32     0.0738 5.1437e-02 0.0000e+00    104.528  41.715666    6.19520    35.2990    35.3010    27.3569    1488.01    1487.23 0.0000e+00
       2528     95.000     8.9740     8.9740   3.744811   3.745010     2.6390      54.10     0.0709 5.1438e-02 0.0000e+00    105.304  41.715675    6.20066    35.2989    35.3010    27.3569    1488.03    1487.24 0.0000e+00
       2554     96.000     8.9740     8.9742   3.744853   3.745073     2.6399      52.84     0.0727 5.1432e-02 0.0000e+00    106.386  41.715687    6.19670    35.2989    35.3010    27.3569    1488.04    1487.25 0.0000e+00
       2587     97.000     8.9747     8.9747   3.744964   3.745159     2.6399      51.51     0.0767 5.1453e-02 0.0000e+00    107.746  41.715703    6.19605    35.2988    35.3009    27.3567    1488.06    1487.25 0.0000e+00
       2616     98.000     8.9749     8.9749   3.745029   3.745226     2.6399      50.48     0.0805 5.1430e-02 0.0000e+00    108.955  41.715717    6.19816    35.2989    35.3009    27.3567    1488.08    1487.26 0.0000e+00
       2635     99.000     8.9751     8.9752   3.745123   3.745312     2.6405      49.68     0.0768 5.1435e-02 0.0000e+00    109.744  41.715726    6.19972    35.2992    35.3010    27.3569    1488.10    1487.27 0.0000e+00
       2651    100.000     8.9747     8.9750   3.745127   3.745354     2.6401      48.91     0.0761 5.1447e-02 0.0000e+00    110.419  41.715734    6.19249    35.2991    35.3012    27.3569    1488.11    1487.28 0.0000e+00
       2666    101.000     8.9754     8.9756   3.745233   3.745447     2.6388      48.06     0.0747 5.1427e-02 0.0000e+00    111.059  41.715741    6.18593    35.2991    35.3011    27.3568    1488.13    1487.29 0.0000e+00
       2681    102.000     8.9759     8.9760   3.745326   3.745529     2.6375      47.00     0.0739 5.1428e-02 0.0000e+00    111.686  41.715749    6.18412    35.2991    35.3011    27.3567    1488.15    1487.30 0.0000e+00
       2696    103.000     8.9759     8.9760   3.745373   3.745570     2.6366      46.04     0.0761 5.1428e-02 0.0000e+00    112.305  41.715756    6.18505    35.2991    35.3010    27.3567    1488.16    1487.31 0.0000e+00
       2711    104.000     8.9757     8.9758   3.745403   3.745592     2.6362      45.06     0.0770 5.1437e-02 0.0000e+00    112.923  41.715763    6.18517    35.2991    35.3010    27.3568    1488.18    1487.31 0.0000e+00
       2726    105.000     8.9764     8.9762   3.745519   3.745685     2.6353      44.06     0.0772 5.1437e-02 0.0000e+00    113.540  41.715770    6.18323    35.2992    35.3011    27.3567    1488.20    1487.32 0.0000e+00
       2741    106.000     8.9761     8.9762   3.745536   3.745729     2.6348      43.06     0.0774 5.1437e-02 0.0000e+00    114.161  41.715777    6.18139    35.2992    35.3011    27.3567    1488.21    1487.33 0.0000e+00
       2756    107.000     8.9766     8.9765   3.745616   3.745801     2.6339      42.08     0.0767 5.1418e-02 0.0000e+00    114.773  41.715785    6.17899    35.2990    35.3011    27.3566    1488.23    1487.34 0.0000e+00
       2770    108.000     8.9767     8.9768   3.745674   3.745866     2.6330      41.12     0.0762 5.1428e-02 0.0000e+00    115.381  41.715791    6.17860    35.2990    35.3010    27.3566    1488.25    1487.35 0.0000e+00
       2785    109.000     8.9765     8.9766   3.745702   3.745894     2.6324      40.12     0.0777 5.1436e-02 0.0000e+00    115.991  41.715799    6.18060    35.2991    35.3010    27.3566    1488.27    1487.36 0.0000e+00
       2820    110.000     8.9769     8.9771   3.745765   3.745984     2.6327      38.54     0.0755 5.1438e-02 0.0000e+00    117.466  41.715816    6.18951    35.2988    35.3010    27.3564    1488.28    1487.36 0.0000e+00
       2862    111.000     8.9773     8.9774   3.745840   3.746053     2.6355      37.48     0.0742 5.1446e-02 0.0000e+00    119.218  41.715836    6.20282    35.2988    35.3009    27.3562    1488.30    1487.37 0.0000e+00
       2887    112.000     8.9769     8.9769   3.745873   3.746065     2.6368      36.69     0.0771 5.1441e-02 0.0000e+00    120.231  41.715848    6.19685    35.2990    35.3010    27.3565    1488.32    1487.38 0.0000e+00
       2905    113.000     8.9781     8.9782   3.746018   3.746216     2.6354      35.85     0.0778 5.1442e-02 0.0000e+00    121.003  41.715856    6.18488    35.2989    35.3009    27.3562    1488.34    1487.39 0.0000e+00
       2922    114.000     8.9786     8.9788   3.746116   3.746319     2.6339      34.96     0.0717 5.1418e-02 0.0000e+00    121.693  41.715865    6.18336    35.2989    35.3009    27.3562    1488.36    1487.40 0.0000e+00
       2937    115.000     8.9789     8.9790   3.746182   3.746376     2.6332      34.05     0.0681 5.1437e-02 0.0000e+00    122.327  41.715872    6.18534    35.2988    35.3008    27.3561    1488.37    1487.41 0.0000e+00
       2952    116.000     8.9789     8.9790   3.746230   3.746421     2.6327      33.12     0.0685 5.1437e-02 0.0000e+00    122.949  41.715879    6.18318    35.2989    35.3008    27.3561    1488.39    1487.41 0.0000e+00
       2966    117.000     8.9789     8.9790   3.746276   3.746472     2.6317      32.17     0.0706 5.1428e-02 0.0000e+00    123.558  41.715886    6.18092    35.2989    35.3008    27.3561    1488.41    1487.42 0.0000e+00
       2981    118.000     8.9789     8.9789   3.746314   3.746504     2.6310      31.18     0.0726 5.1428e-02 0.0000e+00    124.174  41.715893    6.18017    35.2988    35.3008    27.3560    1488.42    1487.43 0.0000e+00
       2996    119.000     8.9787     8.9789   3.746359   3.746548     2.6303      30.18     0.0745 5.1418e-02 0.0000e+00    124.808  41.715900    6.17805    35.2990    35.3008    27.3562    1488.44    1487.44 0.0000e+00
       3017    120.000     8.9786     8.9785   3.746368   3.746567     2.6291      28.97     0.0751 5.1438e-02 0.0000e+00    125.664  41.715910    6.17963    35.2987    35.3009    27.3560    1488.45    1487.45 0.0000e+00
       3057    121.000     8.9787     8.9787   3.746419   3.746614     2.6303      27.50     0.0745 5.1448e-02 0.0000e+00    127.325  41.715930    6.19420    35.2987    35.3007    27.3559    1488.47    1487.46 0.0000e+00
       3088    122.000     8.9788     8.9790   3.746491   3.746702     2.6324      26.73     0.0753 5.1451e-02 0.0000e+00    128.622  41.715945    6.19691    35.2988    35.3009    27.3561    1488.49    1487.47 0.0000e+00
       3106    123.000     8.9791     8.9792   3.746562   3.746765     2.6321      25.95     0.0719 5.1469e-02 0.0000e+00    129.381  41.715953    6.18780    35.2988    35.3008    27.3560    1488.51    1487.47 0.0000e+00
       3122    124.000     8.9791     8.9792   3.746606   3.746802     2.6309      25.10     0.0698 5.1437e-02 0.0000e+00    130.050  41.715961    6.18360    35.2988    35.3008    27.3560    1488.52    1487.48 0.0000e+00
       3138    125.000     8.9794     8.9795   3.746683   3.746878     2.6301      24.19     0.0702 5.1439e-02 0.0000e+00    130.691  41.715969    6.18563    35.2988    35.3008    27.3560    1488.54    1487.49 0.0000e+00
       3152    126.000     8.9795     8.9796   3.746752   3.746938     2.6302      23.27     0.0710 5.1437e-02 0.0000e+00    131.307  41.715976    6.18959    35.2990    35.3008    27.3561    1488.56    1487.50 0.0000e+00
       3167    127.000     8.9794     8.9795   3.746776   3.746973     2.6301      22.29     0.0734 5.1445e-02 0.0000e+00    131.937  41.715983    6.18657    35.2989    35.3008    27.3560    1488.57    1487.51 0.0000e+00
       3184    128.000     8.9795     8.9795   3.746834   3.747030     2.6291      21.22     0.0758 5.1426e-02 0.0000e+00    132.637  41.715991    6.17941    35.2989    35.3009    27.3560    1488.59    1487.52 0.0000e+00
       3204    129.000     8.9795     8.9795   3.746878   3.747073     2.6273      20.08     0.0722 5.1435e-02 0.0000e+00    133.464  41.716001    6.17446    35.2989    35.3009    27.3560    1488.61    1487.52 0.0000e+00
       3233    130.000     8.9795     8.9796   3.746918   3.747119     2.6257      18.84     0.0726 5.1440e-02 0.0000e+00    134.676  41.716015    6.17757    35.2988    35.3008    27.3559    1488.62    1487.53 0.0000e+00
       3273    131.000     8.9798     8.9798   3.746967   3.747168     2.6261      17.63     0.0769 5.1432e-02 0.0000e+00    136.336  41.716034    6.18649    35.2985    35.3007    27.3557    1488.64    1487.54 0.0000e+00
       3397    132.000     8.9799     8.9799   3.747032   3.747222     2.6282      16.42     0.0746 5.1453e-02 0.0000e+00    141.496  41.716094    6.18767    35.2987    35.3006    27.3557    1488.66    1487.55 0.0000e+00
       3438    133.000     8.9801     8.9801   3.747097   3.747304     2.6288      15.70     0.0739 5.1428e-02 0.0000e+00    143.225  41.716114    6.19575    35.2987    35.3008    27.3557    1488.67    1487.56 0.0000e+00
       3458    134.000     8.9802     8.9802   3.747165   3.747374     2.6295      14.94     0.0732 5.1450e-02 0.0000e+00    144.046  41.716123    6.19283    35.2988    35.3010    27.3558    1488.69    1487.57 0.0000e+00
       3477    135.000     8.9803     8.9804   3.747229   3.747423     2.6284      14.04     0.0694 5.1426e-02 0.0000e+00    144.821  41.716132    6.18260    35.2989    35.3008    27.3559    1488.71    1487.58 0.0000e+00
       3494    136.000     8.9805     8.9806   3.747286   3.747496     2.6269      13.16     0.0683 5.1445e-02 0.0000e+00    145.530  41.716140    6.17862    35.2988    35.3009    27.3558    1488.72    1487.58 0.0000e+00
       3509    137.000     8.9805     8.9806   3.747335   3.747534     2.6259      12.23     0.0707 5.1445e-02 0.0000e+00    146.178  41.716148    6.17881    35.2989    35.3008    27.3558    1488.74    1487.59 0.0000e+00
       3618    138.000     8.9804     8.9804   3.747365   3.747556     2.6261      11.11     0.0742 5.1435e-02 0.0000e+00    150.689  41.716200    6.17948    35.2988    35.3008    27.3558    1488.76    1487.60 0.0000e+00
       3829    139.000     8.9805     8.9805   3.747406   3.747607     2.6271       9.85     0.0751 5.1435e-02 0.0000e+00    159.516  41.716302    6.18171    35.2986    35.3008    27.3556    1488.77    1487.61 0.0000e+00
