IBTS/IBTS_CruiseNotebook/Data/CTD/sta0012.cnv
* Sea-Bird SBE 9 Data File:
* FileName = C:\Seabird\CTDData\sta0012.hex
* Software Version Seasave V 7.21f
* Temperature SN = 2491
* Conductivity SN = 2694
* Number of Bytes Per Scan = 40
* Number of Voltage Words = 5
* Number of Scans Averaged by the Deck Unit = 1
* NMEA Latitude = 61 14.92 N
* NMEA Longitude = 002 09.38 E
* NMEA UTC (Time) = Feb 11 2020 04:42:14
* NMEA baud rate = 4800
** Ship: 10 F/F "G. O. Sars"
** Station: 0012
** Echodepth: 194
** Log: 7816.10
** Wind-Dir Force: 27 29
** Air-temp (dry): 5.3
** Weather Sky:
** Sea Ice:
# nquan = 20                                
# nvalues = 184                         
# units = specified
# name 0 = scan: Scan Count
# name 1 = prDM: Pressure, Digiquartz [db]
# name 2 = t068C: Temperature [ITS-68, deg C]
# name 3 = t168C: Temperature, 2 [ITS-68, deg C]
# name 4 = c0S/m: Conductivity [S/m]
# name 5 = c1S/m: Conductivity, 2 [S/m]
# name 6 = sbeox0V: Oxygen raw, SBE 43 [V]
# name 7 = altM: Altimeter [m]
# name 8 = flC: Fluorescence, Chelsea Aqua 3 Chl Con [ug/l]
# name 9 = par: PAR/Irradiance, Biospherical/Licor
# name 10 = spar: SPAR/Surface Irradiance
# name 11 = timeS: Time, Elapsed [seconds]
# name 12 = timeJ: Julian Days
# name 13 = sbeox0ML/L: Oxygen, SBE 43 [ml/l], WS = 2
# name 14 = sal00: Salinity, Practical [PSU]
# name 15 = sal11: Salinity, Practical, 2 [PSU]
# name 16 = sigma-t00: Density [sigma-t, Kg/m^3 ]
# name 17 = svCM: Sound Velocity [Chen-Millero, m/s]
# name 18 = avgsvCM: Average Sound Velocity [Chen-Millero, m/s], minP = 1, minS = 5
# name 19 = flag: flag
# span 0 =        -73,       4353       
# span 1 =      4.000,    187.000       
# span 2 =     8.5013,     8.5737       
# span 3 =     8.5018,     8.5738       
# span 4 =   3.695986,   3.701436       
# span 5 =   3.696165,   3.701585       
# span 6 =     2.5939,     2.6472       
# span 7 =       8.46,      99.42       
# span 8 =     0.0381,     0.0560       
# span 9 = 5.1428e-02, 1.1964e+00       
# span 10 = -6.760e-04, 1.9503e+00      
# span 11 =     -3.091,    181.323      
# span 12 =  42.195983,  42.198117      
# span 13 =    6.18013,    6.23157      
# span 14 =    35.2334,    35.2445      
# span 15 =    35.2352,    35.2466      
# span 16 =    27.3771,    27.3811      
# span 17 =    1484.94,    1487.76      
# span 18 =    1484.95,    1486.37      
# span 19 = 0.0000e+00, 0.0000e+00      
# interval = decibars: 1                
# start_time = Feb 11 2020 04:42:16 [System UTC, header]
# bad_flag = -9.990e-29
*END*
        -73      4.000     8.5666     8.5667   3.696943   3.697247     2.6401      98.91     0.0449 1.1964e+00 1.9438e+00     -3.091  42.195983    6.18347    35.2432    35.2463    27.3780    1484.96    1484.96 0.0000e+00
        325      5.000     8.5580     8.5577   3.696241   3.696452     2.6381      98.70     0.0433 8.8002e-01 1.9438e+00     13.501  42.196175    6.18248    35.2438    35.2464    27.3799    1484.94    1484.95 0.0000e+00
        436      6.000     8.5591     8.5598   3.696432   3.696686     2.6364      15.63     0.0425 6.2875e-01 1.9438e+00     18.123  42.196228    6.18013    35.2443    35.2463    27.3801    1484.96    1484.95 0.0000e+00
        465      7.000     8.5559     8.5572   3.696177   3.696501     2.6392      95.41     0.0420 4.5962e-01 1.9438e+00     19.331  42.196242    6.19711    35.2443    35.2464    27.3806    1484.97    1484.96 0.0000e+00
        500      8.000     8.5532     8.5530   3.695986   3.696165     2.6424      98.86     0.0438 3.4104e-01 1.9438e+00     20.783  42.196259    6.20179    35.2445    35.2466    27.3811    1484.97    1484.96 0.0000e+00
        528      9.000     8.5558     8.5557   3.696276   3.696459     2.6419      98.64     0.0400 3.1114e-01 1.9438e+00     21.943  42.196273    6.18819    35.2444    35.2465    27.3807    1485.00    1484.96 0.0000e+00
        553     10.000     8.5612     8.5604   3.696819   3.696937     2.6406      98.67     0.0420 1.8870e-01 1.9438e+00     23.017  42.196285    6.18819    35.2443    35.2464    27.3798    1485.04    1484.97 0.0000e+00
        585     11.000     8.5636     8.5616   3.697080   3.697091     2.6414      98.66     0.0471 1.6291e-01 1.9438e+00     24.351  42.196300    6.20041    35.2442    35.2463    27.3793    1485.06    1484.98 0.0000e+00
        612     12.000     8.5602     8.5605   3.696829   3.697033     2.6423      98.48     0.0421 1.3954e-01 1.9438e+00     25.463  42.196313    6.19214    35.2445    35.2463    27.3800    1485.06    1484.98 0.0000e+00
        633     13.000     8.5648     8.5639   3.697281   3.697370     2.6404      98.51     0.0410 1.0775e-01 1.9438e+00     26.345  42.196323    6.18396    35.2442    35.2460    27.3791    1485.10    1484.99 0.0000e+00
        654     14.000     8.5683     8.5683   3.697613   3.697807     2.6398      98.45     0.0440 1.2303e-01 1.9438e+00     27.191  42.196333    6.19537    35.2437    35.2458    27.3782    1485.13    1485.00 0.0000e+00
        680     15.000     8.5681     8.5656   3.697629   3.697611     2.6421      98.65     0.0439 1.1288e-01 1.9438e+00     28.272  42.196346    6.20765    35.2436    35.2459    27.3781    1485.14    1485.01 0.0000e+00
        706     16.000     8.5673     8.5653   3.697616   3.697641     2.6435      98.87     0.0409 8.1358e-02 1.9438e+00     29.362  42.196358    6.20419    35.2438    35.2460    27.3784    1485.16    1485.02 0.0000e+00
        726     17.000     8.5687     8.5678   3.697790   3.697897     2.6428      98.87     0.0393 7.9661e-02 1.9438e+00     30.195  42.196368    6.19764    35.2437    35.2458    27.3781    1485.18    1485.03 0.0000e+00
        742     18.000     8.5689     8.5690   3.697892   3.698084     2.6423      98.86     0.0398 6.7551e-02 1.9438e+00     30.879  42.196376    6.20038    35.2441    35.2461    27.3784    1485.19    1485.04 0.0000e+00
        757     19.000     8.5687     8.5688   3.697927   3.698120     2.6428      98.86     0.0402 6.2036e-02 1.9438e+00     31.497  42.196383    6.20074    35.2442    35.2462    27.3785    1485.21    1485.05 0.0000e+00
        771     20.000     8.5692     8.5692   3.698014   3.698201     2.6420      98.86     0.0381 5.6101e-02 1.9438e+00     32.102  42.196390    6.19212    35.2442    35.2461    27.3784    1485.23    1485.06 0.0000e+00
        786     21.000     8.5686     8.5687   3.698017   3.698204     2.6401      98.86     0.0382 5.1517e-02 1.9438e+00     32.708  42.196397    6.18494    35.2443    35.2462    27.3786    1485.24    1485.07 0.0000e+00
        863     22.000     8.5669     8.5671   3.697920   3.698109     2.6435      98.76     0.0422 5.1496e-02 1.9438e+00     35.935  42.196434    6.21392    35.2445    35.2463    27.3790    1485.25    1485.07 0.0000e+00
        909     23.000     8.5671     8.5671   3.697985   3.698156     2.6472      98.58     0.0434 5.1503e-02 1.9438e+00     37.852  42.196457    6.22129    35.2445    35.2463    27.3790    1485.27    1485.08 0.0000e+00
        926     24.000     8.5689     8.5689   3.698175   3.698348     2.6460      98.57     0.0407 5.1481e-02 1.9438e+00     38.527  42.196465    6.20767    35.2442    35.2461    27.3785    1485.29    1485.09 0.0000e+00
        941     25.000     8.5678     8.5678   3.698144   3.698314     2.6447      98.72     0.0410 5.1466e-02 1.9438e+00     39.166  42.196472    6.19870    35.2445    35.2463    27.3789    1485.31    1485.10 0.0000e+00
        956     26.000     8.5683     8.5685   3.698232   3.698419     2.6424      98.86     0.0411 5.1495e-02 1.9438e+00     39.789  42.196479    6.18733    35.2444    35.2462    27.3788    1485.32    1485.11 0.0000e+00
        970     27.000     8.5674     8.5682   3.698193   3.698437     2.6396      98.87     0.0410 5.1491e-02 1.9438e+00     40.387  42.196486    6.18060    35.2444    35.2462    27.3789    1485.34    1485.12 0.0000e+00
        984     28.000     8.5690     8.5696   3.698361   3.698582     2.6377      98.86     0.0418 5.1501e-02 1.9438e+00     40.979  42.196493    6.18269    35.2441    35.2459    27.3784    1485.36    1485.13 0.0000e+00
       1007     29.000     8.5700     8.5702   3.698482   3.698667     2.6368      98.86     0.0426 5.1475e-02 1.9438e+00     41.912  42.196504    6.19418    35.2439    35.2457    27.3781    1485.38    1485.14 0.0000e+00
       1039     30.000     8.5705     8.5705   3.698564   3.698742     2.6386      98.87     0.0426 5.1479e-02 1.9438e+00     43.260  42.196519    6.21149    35.2438    35.2457    27.3779    1485.40    1485.14 0.0000e+00
       1060     31.000     8.5706     8.5705   3.698618   3.698798     2.6407      98.86     0.0417 5.1479e-02 1.9438e+00     44.107  42.196529    6.21332    35.2438    35.2458    27.3779    1485.41    1485.15 0.0000e+00
       1077     32.000     8.5707     8.5708   3.698682   3.698863     2.6410      98.86     0.0418 5.1461e-02 1.9438e+00     44.834  42.196537    6.20591    35.2439    35.2457    27.3780    1485.43    1485.16 0.0000e+00
       1093     33.000     8.5708     8.5710   3.698763   3.698925     2.6399      98.86     0.0414 5.1517e-02 1.9438e+00     45.511  42.196545    6.20369    35.2442    35.2457    27.3782    1485.45    1485.17 0.0000e+00
       1109     34.000     8.5710     8.5711   3.698807   3.698983     2.6402      98.86     0.0423 5.1447e-02 1.9438e+00     46.170  42.196553    6.20782    35.2440    35.2457    27.3780    1485.47    1485.18 0.0000e+00
       1124     35.000     8.5710     8.5709   3.698854   3.699014     2.6405      98.87     0.0431 5.1505e-02 1.9438e+00     46.796  42.196560    6.20364    35.2440    35.2458    27.3780    1485.48    1485.19 0.0000e+00
       1139     36.000     8.5710     8.5708   3.698911   3.699045     2.6389      98.86     0.0447 5.1486e-02 1.9438e+00     47.415  42.196567    6.19545    35.2441    35.2457    27.3781    1485.50    1485.20 0.0000e+00
       1153     37.000     8.5713     8.5712   3.698981   3.699130     2.6378      98.87     0.0441 5.1439e-02 1.9438e+00     48.021  42.196574    6.19805    35.2440    35.2457    27.3780    1485.52    1485.20 0.0000e+00
       1168     38.000     8.5711     8.5711   3.699009   3.699166     2.6376      98.86     0.0440 5.1481e-02 1.9438e+00     48.612  42.196581    6.20202    35.2441    35.2457    27.3780    1485.53    1485.21 0.0000e+00
       1182     39.000     8.5708     8.5707   3.699030   3.699160     2.6380      98.87     0.0441 5.1491e-02 1.9438e+00     49.198  42.196588    6.20396    35.2441    35.2456    27.3781    1485.55    1485.22 0.0000e+00
       1196     40.000     8.5707     8.5707   3.699046   3.699213     2.6374      98.87     0.0425 5.1470e-02 1.9438e+00     49.774  42.196595    6.19948    35.2439    35.2457    27.3779    1485.56    1485.23 0.0000e+00
       1209     41.000     8.5705     8.5706   3.699091   3.699259     2.6369      98.86     0.0431 5.1470e-02 1.2145e+00     50.349  42.196601    6.19838    35.2441    35.2458    27.3781    1485.58    1485.24 0.0000e+00
       1223     42.000     8.5719     8.5718   3.699268   3.699410     2.6361      98.87     0.0433 5.1474e-02 3.6945e-02     50.920  42.196608    6.19845    35.2441    35.2457    27.3779    1485.60    1485.25 0.0000e+00
       1237     43.000     8.5713     8.5714   3.699258   3.699428     2.6361      98.87     0.0424 5.1459e-02 -6.760e-04     51.488  42.196615    6.20259    35.2441    35.2458    27.3780    1485.61    1485.26 0.0000e+00
       1251     44.000     8.5714     8.5716   3.699307   3.699497     2.6362      98.86     0.0439 5.1470e-02 8.4002e-01     52.069  42.196621    6.20401    35.2440    35.2458    27.3779    1485.63    1485.26 0.0000e+00
       1321     45.000     8.5718     8.5719   3.699387   3.699567     2.6393      98.86     0.0468 5.1447e-02 1.6602e+00     55.009  42.196655    6.21836    35.2440    35.2458    27.3778    1485.65    1485.27 0.0000e+00
       1369     46.000     8.5728     8.5729   3.699538   3.699701     2.6411      98.87     0.0465 5.1470e-02 1.9503e+00     57.003  42.196678    6.22057    35.2441    35.2457    27.3778    1485.67    1485.28 0.0000e+00
       1385     47.000     8.5729     8.5731   3.699595   3.699762     2.6410      98.86     0.0479 5.1445e-02 1.9438e+00     57.656  42.196686    6.21799    35.2441    35.2457    27.3778    1485.69    1485.29 0.0000e+00
       1400     48.000     8.5728     8.5730   3.699623   3.699813     2.6407      98.86     0.0455 5.1508e-02 1.9438e+00     58.309  42.196693    6.21560    35.2440    35.2458    27.3777    1485.70    1485.30 0.0000e+00
       1418     49.000     8.5723     8.5724   3.699611   3.699782     2.6398      98.86     0.0462 5.1476e-02 -9.990e-29     59.053  42.196702    6.21252    35.2439    35.2456    27.3777    1485.72    1485.31 0.0000e+00
       1438     50.000     8.5727     8.5727   3.699692   3.699863     2.6389      98.53     0.0462 5.1463e-02 -9.990e-29     59.895  42.196712    6.21047    35.2439    35.2457    27.3776    1485.73    1485.32 0.0000e+00
       1456     51.000     8.5729     8.5731   3.699766   3.699963     2.6381      98.69     0.0463 5.1487e-02 -9.990e-29     60.636  42.196720    6.21171    35.2440    35.2459    27.3777    1485.75    1485.32 0.0000e+00
       1473     52.000     8.5734     8.5733   3.699871   3.700026     2.6382      98.71     0.0484 5.1481e-02 -9.990e-29     61.331  42.196728    6.21265    35.2441    35.2459    27.3777    1485.77    1485.33 0.0000e+00
       1488     53.000     8.5735     8.5738   3.699924   3.700116     2.6374      98.87     0.0499 5.1476e-02 -9.990e-29     61.972  42.196736    6.21123    35.2441    35.2458    27.3777    1485.79    1485.34 0.0000e+00
       1503     54.000     8.5735     8.5738   3.699955   3.700151     2.6374      98.86     0.0503 5.1496e-02 1.9438e+00     62.591  42.196743    6.21323    35.2439    35.2457    27.3775    1485.80    1485.35 0.0000e+00
       1518     55.000     8.5737     8.5738   3.700021   3.700195     2.6373      98.86     0.0514 5.1490e-02 1.9438e+00     63.194  42.196750    6.21132    35.2439    35.2457    27.3775    1485.82    1485.36 0.0000e+00
       1532     56.000     8.5736     8.5737   3.700060   3.700227     2.6363      98.87     0.0484 5.1486e-02 1.9438e+00     63.804  42.196757    6.20721    35.2440    35.2456    27.3776    1485.84    1485.37 0.0000e+00
       1547     57.000     8.5737     8.5736   3.700122   3.700275     2.6358      98.86     0.0444 5.1476e-02 1.9438e+00     64.411  42.196764    6.20511    35.2440    35.2458    27.3776    1485.85    1485.38 0.0000e+00
       1561     58.000     8.5735     8.5733   3.700144   3.700295     2.6348      98.86     0.0441 5.1504e-02 1.9438e+00     65.018  42.196771    6.19922    35.2440    35.2458    27.3776    1485.87    1485.38 0.0000e+00
       1590     59.000     8.5728     8.5727   3.700104   3.700271     2.6319      97.84     0.0454 5.1472e-02 1.9438e+00     66.192  42.196785    6.19526    35.2438    35.2457    27.3775    1485.88    1485.39 0.0000e+00
       1616     60.000     8.5716     8.5716   3.700032   3.700211     2.6318      95.75     0.0456 5.1494e-02 1.9438e+00     67.312  42.196798    6.21199    35.2437    35.2456    27.3777    1485.89    1485.40 0.0000e+00
       1635     61.000     8.5710     8.5710   3.700025   3.700187     2.6338      98.77     0.0463 5.1465e-02 1.9438e+00     68.098  42.196807    6.21877    35.2438    35.2455    27.3778    1485.91    1485.41 0.0000e+00
       1666     62.000     8.5711     8.5712   3.700082   3.700249     2.6337      96.29     0.0470 5.1476e-02 1.9438e+00     69.359  42.196821    6.20741    35.2438    35.2455    27.3778    1485.93    1485.42 0.0000e+00
       1706     63.000     8.5715     8.5714   3.700167   3.700315     2.6331      99.04     0.0484 5.1467e-02 1.9438e+00     71.040  42.196841    6.21108    35.2438    35.2455    27.3778    1485.94    1485.43 0.0000e+00
       1729     64.000     8.5721     8.5722   3.700281   3.700455     2.6334      98.46     0.0493 5.1474e-02 1.9438e+00     71.995  42.196852    6.21522    35.2439    35.2457    27.3778    1485.96    1485.43 0.0000e+00
       1746     65.000     8.5723     8.5723   3.700356   3.700507     2.6340      98.39     0.0507 5.1472e-02 1.9438e+00     72.701  42.196860    6.21657    35.2440    35.2456    27.3778    1485.98    1485.44 0.0000e+00
       1761     66.000     8.5725     8.5725   3.700424   3.700586     2.6343      98.55     0.0514 5.1496e-02 1.9438e+00     73.350  42.196867    6.21545    35.2441    35.2458    27.3778    1486.00    1485.45 0.0000e+00
       1776     67.000     8.5726     8.5725   3.700453   3.700619     2.6340      98.87     0.0493 5.1466e-02 1.9438e+00     73.972  42.196875    6.21504    35.2438    35.2457    27.3776    1486.01    1485.46 0.0000e+00
       1791     68.000     8.5725     8.5725   3.700506   3.700668     2.6340      98.86     0.0469 5.1456e-02 1.9438e+00     74.597  42.196882    6.21456    35.2440    35.2457    27.3777    1486.03    1485.47 0.0000e+00
       1806     69.000     8.5727     8.5728   3.700572   3.700742     2.6339      98.86     0.0469 5.1466e-02 1.9438e+00     75.211  42.196889    6.20866    35.2440    35.2457    27.3777    1486.05    1485.48 0.0000e+00
       1821     70.000     8.5723     8.5724   3.700561   3.700726     2.6321      88.91     0.0445 5.1470e-02 1.9438e+00     75.815  42.196896    6.20108    35.2438    35.2454    27.3776    1486.06    1485.48 0.0000e+00
       1860     71.000     8.5722     8.5719   3.700560   3.700708     2.6303      97.05     0.0484 5.1463e-02 1.9438e+00     77.458  42.196915    6.20410    35.2434    35.2453    27.3773    1486.08    1485.49 0.0000e+00
       1892     72.000     8.5721     8.5722   3.700600   3.700783     2.6295      89.33     0.0510 5.1476e-02 1.9438e+00     78.807  42.196931    6.20997    35.2434    35.2453    27.3774    1486.09    1485.50 0.0000e+00
       1910     73.000     8.5721     8.5722   3.700658   3.700808     2.6313      97.54     0.0560 5.1482e-02 1.9438e+00     79.529  42.196939    6.21675    35.2436    35.2451    27.3775    1486.11    1485.51 0.0000e+00
       1925     74.000     8.5722     8.5722   3.700735   3.700873     2.6309      98.90     0.0555 5.1476e-02 1.9438e+00     80.183  42.196946    6.20797    35.2438    35.2453    27.3776    1486.13    1485.52 0.0000e+00
       1940     75.000     8.5729     8.5729   3.700842   3.701007     2.6302      98.87     0.0532 5.1466e-02 1.9438e+00     80.808  42.196954    6.19994    35.2438    35.2455    27.3775    1486.15    1485.53 0.0000e+00
