IBTS/IBTS_CruiseNotebook/Data/CTD/sta0025.cnv
* Sea-Bird SBE 9 Data File:
* FileName = C:\Seabird\CTDData\sta0025.hex
* Software Version Seasave V 7.21f
* Temperature SN = 2491
* Conductivity SN = 2694
* Number of Bytes Per Scan = 40
* Number of Voltage Words = 5
* Number of Scans Averaged by the Deck Unit = 1
* NMEA Latitude = 61 10.38 N
* NMEA Longitude = 000 37.22 E
* NMEA UTC (Time) = Feb 13 2020 12:28:43
* NMEA baud rate = 4800
** Ship: 10 F/F "G. O. Sars"
** Station: 0025
** Echodepth: 152
** Log: 8184.6
** Wind-Dir Force: 27 10
** Air-temp (dry): 4.4
** Weather Sky:
** Sea Ice:
# nquan = 20                                
# nvalues = 140                         
# units = specified
# name 0 = scan: Scan Count
# name 1 = prDM: Pressure, Digiquartz [db]
# name 2 = t068C: Temperature [ITS-68, deg C]
# name 3 = t168C: Temperature, 2 [ITS-68, deg C]
# name 4 = c0S/m: Conductivity [S/m]
# name 5 = c1S/m: Conductivity, 2 [S/m]
# name 6 = sbeox0V: Oxygen raw, SBE 43 [V]
# name 7 = altM: Altimeter [m]
# name 8 = flC: Fluorescence, Chelsea Aqua 3 Chl Con [ug/l]
# name 9 = par: PAR/Irradiance, Biospherical/Licor
# name 10 = spar: SPAR/Surface Irradiance
# name 11 = timeS: Time, Elapsed [seconds]
# name 12 = timeJ: Julian Days
# name 13 = sbeox0ML/L: Oxygen, SBE 43 [ml/l], WS = 2
# name 14 = sal00: Salinity, Practical [PSU]
# name 15 = sal11: Salinity, Practical, 2 [PSU]
# name 16 = sigma-t00: Density [sigma-t, Kg/m^3 ]
# name 17 = svCM: Sound Velocity [Chen-Millero, m/s]
# name 18 = avgsvCM: Average Sound Velocity [Chen-Millero, m/s], minP = 1, minS = 5
# name 19 = flag: flag
# span 0 =       -258,       3475       
# span 1 =      4.000,    143.000       
# span 2 =     8.9835,     9.0013       
# span 3 =     8.9833,     9.0013       
# span 4 =   3.742110,   3.749706       
# span 5 =   3.742253,   3.749831       
# span 6 =     2.6082,     2.6490       
# span 7 =      10.04,     101.71       
# span 8 =     0.0695,     0.1094       
# span 9 = 5.1434e-02, 5.4708e+01       
# span 10 = 2.5371e+02, 3.2271e+02      
# span 11 =    -10.786,    144.766      
# span 12 =  44.519852,  44.521652      
# span 13 =    6.11347,    6.16599      
# span 14 =    35.3020,    35.3044      
# span 15 =    35.3046,    35.3060      
# span 16 =    27.3562,    27.3596      
# span 17 =    1486.59,    1488.91      
# span 18 =    1486.60,    1487.73      
# span 19 = 0.0000e+00, 0.0000e+00      
# interval = decibars: 1                
# start_time = Feb 13 2020 12:28:46 [System UTC, header]
# bad_flag = -9.990e-29
*END*
[from data line 73]
       2047     77.000     8.9970     8.9969   3.746652   3.746755     2.6240      76.01     0.0789 9.4301e-01 3.0604e+02     85.248  44.520964    6.12604    35.3040    35.3052    27.3572    1487.82    1487.18 0.0000e+00
       2062     78.000     8.9971     8.9971   3.746718   3.746830     2.6240      75.12     0.0810 8.9721e-01 3.0904e+02     85.871  44.520971    6.12602    35.3041    35.3053    27.3573    1487.84    1487.19 0.0000e+00
       2077     79.000     8.9968     8.9967   3.746732   3.746829     2.6229      74.31     0.0813 8.5399e-01 3.0602e+02     86.486  44.520978    6.11790    35.3041    35.3052    27.3573    1487.85    1487.20 0.0000e+00
       2091     80.000     8.9969     8.9969   3.746780   3.746892     2.6207      73.52     0.0798 8.0749e-01 3.0517e+02     87.104  44.520985    6.11425    35.3040    35.3052    27.3572    1487.87    1487.21 0.0000e+00
       2106     81.000     8.9970     8.9970   3.746845   3.746958     2.6204      72.75     0.0769 7.6544e-01 3.0557e+02     87.723  44.520992    6.12286    35.3041    35.3053    27.3573    1487.89    1487.22 0.0000e+00
       2121     82.000     8.9972     8.9970   3.746889   3.747008     2.6208      71.59     0.0745 7.3008e-01 3.0826e+02     88.348  44.520999    6.13071    35.3039    35.3054    27.3571    1487.90    1487.22 0.0000e+00
       2154     83.000     8.9970     8.9968   3.746923   3.747007     2.6224      69.92     0.0745 6.7899e-01 3.1478e+02     89.704  44.521015    6.13560    35.3040    35.3051    27.3572    1487.92    1487.23 0.0000e+00
       2198     84.000     8.9972     8.9972   3.746981   3.747081     2.6238      68.52     0.0776 6.4292e-01 3.2089e+02     91.560  44.521037    6.13861    35.3039    35.3050    27.3571    1487.94    1487.24 0.0000e+00
       2223     85.000     8.9968     8.9968   3.746994   3.747106     2.6241      67.70     0.0798 6.0869e-01 3.2271e+02     92.585  44.521048    6.14208    35.3040    35.3051    27.3572    1487.95    1487.25 0.0000e+00
       2243     86.000     8.9970     8.9971   3.747063   3.747172     2.6256      66.88     0.0785 5.8143e-01 3.1864e+02     93.403  44.521058    6.15017    35.3040    35.3051    27.3572    1487.97    1487.26 0.0000e+00
       2260     87.000     8.9975     8.9976   3.747150   3.747277     2.6263      65.98     0.0779 5.5065e-01 3.1503e+02     94.144  44.521066    6.14869    35.3040    35.3052    27.3571    1487.99    1487.27 0.0000e+00
       2277     88.000     8.9990     8.9989   3.747352   3.747467     2.6265      65.06     0.0793 5.1706e-01 3.0966e+02     94.830  44.521074    6.14377    35.3041    35.3054    27.3569    1488.01    1487.27 0.0000e+00
       2292     89.000     8.9989     8.9989   3.747378   3.747513     2.6259      64.16     0.0783 4.8973e-01 3.0810e+02     95.477  44.521082    6.13316    35.3040    35.3054    27.3569    1488.02    1487.28 0.0000e+00
       2308     90.000     8.9995     8.9996   3.747499   3.747621     2.6233      63.19     0.0783 4.6151e-01 3.1093e+02     96.108  44.521089    6.12155    35.3042    35.3054    27.3569    1488.04    1487.29 0.0000e+00
       2323     91.000     8.9998     8.9999   3.747580   3.747683     2.6211      61.74     0.0783 4.3614e-01 3.1087e+02     96.734  44.521097    6.12153    35.3043    35.3052    27.3569    1488.06    1487.30 0.0000e+00
       2337     92.000     9.0003     9.0001   3.747656   3.747756     2.6204      60.97     0.0787 4.1636e-01 3.0924e+02     97.347  44.521103    6.12871    35.3041    35.3053    27.3567    1488.08    1487.31 0.0000e+00
       2352     93.000     9.0004     9.0005   3.747721   3.747835     2.6206      60.10     0.0787 3.9318e-01 3.0918e+02     97.953  44.521111    6.13506    35.3042    35.3053    27.3568    1488.10    1487.32 0.0000e+00
       2380     94.000     9.0002     9.0003   3.747735   3.747860     2.6216      58.81     0.0762 3.6868e-01 3.0557e+02     99.126  44.521124    6.14182    35.3041    35.3053    27.3567    1488.11    1487.33 0.0000e+00
       2427     95.000     9.0005     9.0005   3.747803   3.747927     2.6239      57.57     0.0749 3.5440e-01 3.0257e+02    101.093  44.521147    6.14922    35.3040    35.3053    27.3566    1488.13    1487.33 0.0000e+00
       2452     96.000     9.0003     9.0001   3.747834   3.747938     2.6242      56.80     0.0745 3.3410e-01 3.0463e+02    102.136  44.521159    6.14549    35.3040    35.3053    27.3567    1488.15    1487.34 0.0000e+00
       2471     97.000     8.9999     8.9995   3.747844   3.747931     2.6241      55.99     0.0751 3.1922e-01 3.0805e+02    102.937  44.521168    6.14637    35.3041    35.3054    27.3568    1488.16    1487.35 0.0000e+00
       2489     98.000     8.9998     8.9996   3.747874   3.747977     2.6241      55.13     0.0756 3.0228e-01 3.1116e+02    103.654  44.521177    6.14506    35.3040    35.3053    27.3567    1488.18    1487.36 0.0000e+00
       2505     99.000     9.0004     9.0003   3.747967   3.748092     2.6236      54.18     0.0721 2.8645e-01 3.1390e+02    104.341  44.521184    6.14082    35.3039    35.3053    27.3565    1488.19    1487.37 0.0000e+00
       2522    100.000     9.0000     9.0000   3.747985   3.748101     2.6225      53.18     0.0706 2.7050e-01 3.1883e+02    105.055  44.521193    6.13743    35.3040    35.3052    27.3567    1488.21    1487.38 0.0000e+00
       2540    101.000     8.9995     8.9996   3.747980   3.748115     2.6216      52.12     0.0730 2.5528e-01 3.1750e+02    105.803  44.521201    6.13406    35.3040    35.3053    27.3567    1488.22    1487.38 0.0000e+00
       2558    102.000     8.9995     8.9997   3.748027   3.748175     2.6200      51.11     0.0718 2.4121e-01 3.1788e+02    106.557  44.521210    6.12843    35.3040    35.3053    27.3568    1488.24    1487.39 0.0000e+00
       2575    103.000     8.9994     8.9997   3.748067   3.748210     2.6186      50.15     0.0718 2.2730e-01 3.1638e+02    107.258  44.521218    6.12937    35.3040    35.3052    27.3568    1488.26    1487.40 0.0000e+00
       2592    104.000     8.9997     8.9997   3.748137   3.748270     2.6184      49.19     0.0718 2.1739e-01 3.1053e+02    107.940  44.521226    6.13276    35.3040    35.3054    27.3567    1488.27    1487.41 0.0000e+00
       2609    105.000     8.9994     8.9994   3.748155   3.748283     2.6179      48.16     0.0722 2.0572e-01 2.9957e+02    108.681  44.521235    6.13367    35.3040    35.3053    27.3568    1488.29    1487.42 0.0000e+00
       2636    106.000     8.9986     8.9989   3.748119   3.748272     2.6182      46.97     0.0736 1.9488e-01 2.9382e+02    109.783  44.521247    6.13920    35.3039    35.3052    27.3569    1488.30    1487.43 0.0000e+00
       2671    107.000     8.9998     8.9998   3.748269   3.748387     2.6191      45.85     0.0695 1.8353e-01 2.8504e+02    111.264  44.521265    6.14162    35.3038    35.3051    27.3566    1488.32    1487.43 0.0000e+00
       2698    108.000     9.0002     9.0002   3.748372   3.748485     2.6194      45.02     0.0750 1.7427e-01 2.8641e+02    112.391  44.521278    6.14220    35.3040    35.3052    27.3567    1488.34    1487.44 0.0000e+00
       2719    109.000     9.0000     9.0000   3.748394   3.748518     2.6191      44.15     0.0770 1.6420e-01 2.9072e+02    113.266  44.521288    6.13322    35.3040    35.3053    27.3567    1488.36    1487.45 0.0000e+00
       2738    110.000     8.9996     8.9997   3.748402   3.748541     2.6170      43.25     0.0741 1.5802e-01 3.0027e+02    114.035  44.521297    6.12782    35.3040    35.3054    27.3567    1488.37    1487.46 0.0000e+00
       2755    111.000     9.0001     9.0002   3.748501   3.748629     2.6166      42.30     0.0742 1.4867e-01 3.0559e+02    114.769  44.521305    6.13198    35.3041    35.3053    27.3567    1488.39    1487.47 0.0000e+00
       2773    112.000     9.0002     9.0002   3.748546   3.748675     2.6160      41.29     0.0767 1.4206e-01 3.0645e+02    115.505  44.521314    6.12852    35.3040    35.3053    27.3566    1488.41    1487.48 0.0000e+00
       2792    113.000     9.0003     9.0003   3.748603   3.748728     2.6147      40.23     0.0756 1.3576e-01 3.1087e+02    116.309  44.521323    6.12635    35.3040    35.3053    27.3566    1488.42    1487.48 0.0000e+00
       2814    114.000     9.0003     9.0003   3.748650   3.748770     2.6142      39.16     0.0736 1.3092e-01 3.1025e+02    117.195  44.521333    6.13132    35.3040    35.3053    27.3566    1488.44    1487.49 0.0000e+00
       2834    115.000     9.0002     9.0003   3.748706   3.748812     2.6147      38.16     0.0736 1.2552e-01 3.0442e+02    118.048  44.521343    6.13643    35.3042    35.3052    27.3568    1488.46    1487.50 0.0000e+00
       2852    116.000     9.0000     9.0001   3.748731   3.748856     2.6152      37.21     0.0708 1.2105e-01 2.9695e+02    118.804  44.521352    6.13750    35.3042    35.3054    27.3568    1488.47    1487.51 0.0000e+00
       2869    117.000     9.0011     9.0013   3.748875   3.749007     2.6152      36.28     0.0716 1.1686e-01 2.8512e+02    119.489  44.521360    6.13369    35.3041    35.3053    27.3566    1488.49    1487.52 0.0000e+00
       2884    118.000     9.0013     9.0012   3.748941   3.749049     2.6146      35.34     0.0743 1.1121e-01 2.8705e+02    120.130  44.521367    6.12801    35.3041    35.3054    27.3566    1488.51    1487.53 0.0000e+00
       2899    119.000     9.0010     9.0011   3.748961   3.749092     2.6134      34.41     0.0768 1.0433e-01 2.8573e+02    120.753  44.521374    6.12059    35.3042    35.3054    27.3567    1488.53    1487.54 0.0000e+00
       2914    120.000     9.0012     9.0011   3.749027   3.749126     2.6116      33.43     0.0746 9.7819e-02 2.8598e+02    121.382  44.521382    6.11347    35.3042    35.3053    27.3566    1488.54    1487.54 0.0000e+00
       2932    121.000     9.0007     9.0006   3.749009   3.749112     2.6094      32.37     0.0726 9.2888e-02 2.8834e+02    122.145  44.521391    6.11562    35.3040    35.3052    27.3566    1488.56    1487.55 0.0000e+00
       2978    122.000     9.0006     9.0006   3.749037   3.749151     2.6109      30.92     0.0717 8.6965e-02 2.9377e+02    124.039  44.521412    6.13347    35.3039    35.3051    27.3565    1488.57    1487.56 0.0000e+00
       3032    123.000     9.0003     9.0006   3.749049   3.749195     2.6130      29.95     0.0732 8.1650e-02 2.9442e+02    126.308  44.521439    6.13780    35.3039    35.3051    27.3565    1488.59    1487.57 0.0000e+00
       3055    124.000     9.0008     9.0009   3.749147   3.749270     2.6136      29.22     0.0734 7.9041e-02 2.9550e+02    127.249  44.521450    6.14010    35.3039    35.3051    27.3565    1488.61    1487.58 0.0000e+00
       3072    125.000     9.0004     9.0003   3.749144   3.749274     2.6137      28.40     0.0759 7.3252e-02 2.9542e+02    127.956  44.521458    6.13343    35.3038    35.3053    27.3565    1488.62    1487.59 0.0000e+00
       3088    126.000     8.9993     8.9997   3.749076   3.749246     2.6125      27.52     0.0756 6.6601e-02 2.9270e+02    128.605  44.521465    6.12603    35.3037    35.3051    27.3566    1488.63    1487.59 0.0000e+00
       3103    127.000     8.9970     8.9970   3.748891   3.749022     2.6112      26.57     0.0737 6.2912e-02 2.9082e+02    129.240  44.521473    6.12592    35.3036    35.3050    27.3568    1488.64    1487.60 0.0000e+00
       3118    128.000     8.9970     8.9971   3.748943   3.749065     2.6107      25.56     0.0727 5.9351e-02 2.8856e+02    129.881  44.521480    6.12750    35.3037    35.3048    27.3569    1488.66    1487.61 0.0000e+00
       3133    129.000     8.9971     8.9972   3.749008   3.749121     2.6102      24.54     0.0706 5.7989e-02 2.8687e+02    130.515  44.521487    6.12521    35.3038    35.3048    27.3570    1488.68    1487.62 0.0000e+00
       3148    130.000     8.9975     8.9976   3.749106   3.749215     2.6091      23.54     0.0710 5.5891e-02 2.8439e+02    131.139  44.521495    6.12166    35.3039    35.3050    27.3570    1488.69    1487.63 0.0000e+00
       3163    131.000     8.9978     8.9978   3.749159   3.749286     2.6082      22.54     0.0716 5.2444e-02 2.8121e+02    131.749  44.521502    6.12365    35.3037    35.3050    27.3568    1488.71    1487.63 0.0000e+00
       3178    132.000     8.9978     8.9979   3.749219   3.749332     2.6082      21.55     0.0715 5.1488e-02 2.7846e+02    132.356  44.521509    6.12778    35.3038    35.3049    27.3569    1488.73    1487.64 0.0000e+00
       3192    133.000     8.9979     8.9980   3.749274   3.749384     2.6082      20.56     0.0733 5.1447e-02 2.7604e+02    132.964  44.521516    6.12901    35.3038    35.3049    27.3569    1488.75    1487.65 0.0000e+00
       3209    134.000     8.9977     8.9979   3.749295   3.749417     2.6083      19.45     0.0737 5.1452e-02 2.7603e+02    133.682  44.521524    6.13267    35.3038    35.3049    27.3569    1488.76    1487.66 0.0000e+00
       3249    135.000     8.9978     8.9977   3.749333   3.749446     2.6090      17.99     0.0781 5.1450e-02 2.7919e+02    135.324  44.521543    6.13438    35.3036    35.3049    27.3567    1488.78    1487.67 0.0000e+00
       3283    136.000     8.9978     8.9979   3.749392   3.749507     2.6101      17.18     0.0764 5.1453e-02 2.8536e+02    136.736  44.521559    6.14505    35.3037    35.3049    27.3568    1488.79    1487.68 0.0000e+00
       3304    137.000     8.9981     8.9982   3.749468   3.749585     2.6116      16.39     0.0743 5.1456e-02 2.8691e+02    137.632  44.521570    6.14591    35.3038    35.3049    27.3568    1488.81    1487.68 0.0000e+00
       3323    138.000     8.9982     8.9983   3.749518   3.749646     2.6115      15.53     0.0748 5.1434e-02 2.8552e+02    138.398  44.521579    6.13883    35.3037    35.3050    27.3568    1488.83    1487.69 0.0000e+00
       3341    139.000     8.9983     8.9982   3.749555   3.749692     2.6106      14.60     0.0751 5.1461e-02 2.8260e+02    139.169  44.521588    6.13510    35.3035    35.3051    27.3566    1488.84    1487.70 0.0000e+00
       3363    140.000     8.9982     8.9983   3.749600   3.749736     2.6097      13.52     0.0752 5.1454e-02 2.7461e+02    140.081  44.521598    6.13424    35.3036    35.3050    27.3567    1488.86    1487.71 0.0000e+00
       3388    141.000     8.9983     8.9984   3.749650   3.749783     2.6091      12.43     0.0743 5.1464e-02 2.7605e+02    141.121  44.521610    6.13789    35.3036    35.3049    27.3566    1488.88    1487.72 0.0000e+00
       3428    142.000     8.9983     8.9983   3.749686   3.749805     2.6097      11.15     0.0749 5.1457e-02 2.7423e+02    142.810  44.521630    6.14048    35.3035    35.3047    27.3565    1488.89    1487.73 0.0000e+00
       3475    143.000     8.9982     8.9982   3.749706   3.749831     2.6092      10.04     0.0736 5.1463e-02 2.7368e+02    144.766  44.521652    6.13747    35.3033    35.3046    27.3564    1488.91    1487.73 0.0000e+00
