IBTS/IBTS_CruiseNotebook/Data/CTD/sta0021.cnv
* Sea-Bird SBE 9 Data File:
* FileName = C:\Seabird\CTDData\sta0021.hex
* Software Version Seasave V 7.21f
* Temperature SN = 2491
* Conductivity SN = 2694
* Number of Bytes Per Scan = 40
* Number of Voltage Words = 5
* Number of Scans Averaged by the Deck Unit = 1
* NMEA Latitude = 61 41.33 N
* NMEA Longitude = 000 38.67 E
* NMEA UTC (Time) = Feb 12 2020 11:42:56
* NMEA baud rate = 4800
** Ship: 10 F/F "G. O. Sars"
** Station: 0021
** Echodepth: 212.83
** Log: 8010.8
** Wind-Dir Force: 30 35
** Air-temp (dry): 2.8
** Weather Sky:
** Sea Ice:
# nquan = 20                                
# nvalues = 194                         
# units = specified
# name 0 = scan: Scan Count
# name 1 = prDM: Pressure, Digiquartz [db]
# name 2 = t068C: Temperature [ITS-68, deg C]
# name 3 = t168C: Temperature, 2 [ITS-68, deg C]
# name 4 = c0S/m: Conductivity [S/m]
# name 5 = c1S/m: Conductivity, 2 [S/m]
# name 6 = sbeox0V: Oxygen raw, SBE 43 [V]
# name 7 = altM: Altimeter [m]
# name 8 = flC: Fluorescence, Chelsea Aqua 3 Chl Con [ug/l]
# name 9 = par: PAR/Irradiance, Biospherical/Licor
# name 10 = spar: SPAR/Surface Irradiance
# name 11 = timeS: Time, Elapsed [seconds]
# name 12 = timeJ: Julian Days
# name 13 = sbeox0ML/L: Oxygen, SBE 43 [ml/l], WS = 2
# name 14 = sal00: Salinity, Practical [PSU]
# name 15 = sal11: Salinity, Practical, 2 [PSU]
# name 16 = sigma-t00: Density [sigma-t, Kg/m^3 ]
# name 17 = svCM: Sound Velocity [Chen-Millero, m/s]
# name 18 = avgsvCM: Average Sound Velocity [Chen-Millero, m/s], minP = 1, minS = 5
# name 19 = flag: flag
# span 0 =        -76,       5527       
# span 1 =      9.000,    202.000       
# span 2 =     8.9315,     8.9590       
# span 3 =     8.9310,     8.9591       
# span 4 =   3.735220,   3.746331       
# span 5 =   3.735319,   3.746460       
# span 6 =     2.5812,     2.6447       
# span 7 =      -1.16,      99.41       
# span 8 =     0.0383,     0.0594       
# span 9 = 5.1442e-02, 3.2921e+01       
# span 10 = 4.8763e+02, 7.8439e+02      
# span 11 =     -3.229,    230.257      
# span 12 =  43.488134,  43.490836      
# span 13 =    6.09571,    6.15413      
# span 14 =    35.2766,    35.2821      
# span 15 =    35.2780,    35.2834      
# span 16 =    27.3437,    27.3491      
# span 17 =    1486.47,    1489.70      
# span 18 =    1486.47,    1488.02      
# span 19 = 0.0000e+00, 0.0000e+00      
# interval = decibars: 1                
# start_time = Feb 12 2020 11:42:58 [System UTC, header]
# bad_flag = -9.990e-29
*END*
        -76      9.000     8.9418     8.9402   3.736071   3.736123     2.6420      -1.16     0.0568 3.2921e+01 5.2966e+02     -3.229  43.488134    6.14600    35.2804    35.2825    27.3476    1486.47    1486.47 0.0000e+00
        352     10.000     8.9376     8.9368   3.735674   3.735795     2.6423       5.97     0.0541 3.0508e+01 4.8763e+02     14.640  43.488341    6.13434    35.2799    35.2819    27.3478    1486.47    1486.47 0.0000e+00
        797     11.000     8.9372     8.9376   3.735677   3.735890     2.6426      73.44     0.0533 2.6090e+01 5.1733e+02     33.182  43.488555    6.14438    35.2798    35.2817    27.3479    1486.49    1486.47 0.0000e+00
        857     12.000     8.9315     8.9310   3.735220   3.735319     2.6439      92.81     0.0537 2.4768e+01 5.1571e+02     35.661  43.488584    6.15413    35.2802    35.2817    27.3491    1486.48    1486.47 0.0000e+00
        926     13.000     8.9327     8.9328   3.735378   3.735532     2.6447      99.38     0.0545 2.6753e+01 5.6643e+02     38.525  43.488617    6.14454    35.2802    35.2817    27.3489    1486.50    1486.47 0.0000e+00
        950     14.000     8.9330     8.9348   3.735457   3.735740     2.6421      46.06     0.0539 2.6011e+01 5.0921e+02     39.533  43.488629    6.13372    35.2802    35.2814    27.3489    1486.52    1486.48 0.0000e+00
        968     15.000     8.9336     8.9344   3.735555   3.735772     2.6416      74.24     0.0565 2.4329e+01 4.9804e+02     40.300  43.488638    6.13821    35.2802    35.2817    27.3487    1486.54    1486.48 0.0000e+00
        986     16.000     8.9348     8.9367   3.735724   3.736007     2.6404      98.58     0.0561 2.1965e+01 5.3078e+02     41.033  43.488646    6.13362    35.2803    35.2814    27.3486    1486.56    1486.49 0.0000e+00
       1007     17.000     8.9434     8.9437   3.736570   3.736715     2.6396      94.18     0.0564 1.9867e+01 5.1172e+02     41.915  43.488656    6.13347    35.2802    35.2814    27.3471    1486.61    1486.49 0.0000e+00
       1099     18.000     8.9445     8.9450   3.736735   3.736938     2.6419      52.20     0.0594 2.0637e+01 5.2628e+02     45.730  43.488701    6.14567    35.2803    35.2820    27.3471    1486.63    1486.50 0.0000e+00
       1167     19.000     8.9440     8.9447   3.736746   3.736952     2.6427      35.88     0.0568 2.1715e+01 5.3182e+02     48.599  43.488734    6.13950    35.2805    35.2819    27.3473    1486.64    1486.51 0.0000e+00
       1188     20.000     8.9446     8.9445   3.736808   3.736934     2.6425      82.63     0.0582 2.1329e+01 5.3399e+02     49.447  43.488744    6.14731    35.2800    35.2814    27.3468    1486.66    1486.52 0.0000e+00
       1222     21.000     8.9444     8.9445   3.736823   3.736957     2.6423      98.96     0.0571 2.1862e+01 5.3937e+02     50.863  43.488760    6.14770    35.2799    35.2812    27.3468    1486.68    1486.52 0.0000e+00
       1256     22.000     8.9445     8.9447   3.736872   3.737045     2.6424      98.86     0.0575 2.4247e+01 5.3349e+02     52.290  43.488776    6.14974    35.2798    35.2815    27.3467    1486.69    1486.53 0.0000e+00
       1276     23.000     8.9449     8.9450   3.736992   3.737125     2.6425      98.86     0.0583 2.4483e+01 5.1074e+02     53.139  43.488786    6.14857    35.2802    35.2815    27.3469    1486.71    1486.54 0.0000e+00
       1296     24.000     8.9454     8.9451   3.737140   3.737225     2.6417      93.88     0.0588 2.1643e+01 5.5142e+02     53.956  43.488796    6.13644    35.2808    35.2820    27.3473    1486.73    1486.55 0.0000e+00
       1411     25.000     8.9472     8.9481   3.737390   3.737606     2.6418      62.72     0.0560 2.1709e+01 5.3815e+02     58.731  43.488851    6.14688    35.2812    35.2825    27.3473    1486.75    1486.56 0.0000e+00
       1466     26.000     8.9475     8.9478   3.737450   3.737610     2.6438      99.41     0.0538 2.0413e+01 5.0551e+02     61.023  43.488878    6.15382    35.2810    35.2824    27.3471    1486.77    1486.56 0.0000e+00
       1480     27.000     8.9495     8.9495   3.737691   3.737823     2.6433      98.86     0.0523 1.8572e+01 5.1803e+02     61.644  43.488885    6.15160    35.2811    35.2825    27.3469    1486.80    1486.57 0.0000e+00
       1496     28.000     8.9496     8.9497   3.737735   3.737882     2.6429      98.86     0.0526 1.7366e+01 5.2366e+02     62.275  43.488892    6.14808    35.2809    35.2824    27.3468    1486.81    1486.58 0.0000e+00
       1511     29.000     8.9480     8.9480   3.737586   3.737724     2.6418      98.87     0.0540 1.6219e+01 5.3874e+02     62.902  43.488899    6.13820    35.2805    35.2819    27.3467    1486.82    1486.59 0.0000e+00
       1525     30.000     8.9501     8.9499   3.737892   3.737990     2.6391      98.87     0.0535 1.5816e+01 5.5165e+02     63.521  43.488906    6.12772    35.2811    35.2824    27.3468    1486.85    1486.60 0.0000e+00
       1558     31.000     8.9498     8.9498   3.737895   3.738020     2.6374      98.86     0.0543 1.7666e+01 5.4826e+02     64.878  43.488922    6.13400    35.2810    35.2823    27.3468    1486.86    1486.61 0.0000e+00
       1621     32.000     8.9496     8.9494   3.737907   3.738023     2.6375      98.86     0.0579 2.0635e+01 5.4044e+02     67.512  43.488953    6.14566    35.2808    35.2823    27.3467    1486.88    1486.61 0.0000e+00
       1642     33.000     8.9492     8.9493   3.737901   3.738055     2.6384      98.86     0.0557 1.9757e+01 5.6605e+02     68.389  43.488963    6.14686    35.2807    35.2822    27.3466    1486.89    1486.62 0.0000e+00
       1661     34.000     8.9489     8.9489   3.737901   3.738043     2.6378      98.86     0.0572 1.8268e+01 5.1177e+02     69.171  43.488972    6.14517    35.2805    35.2820    27.3465    1486.91    1486.63 0.0000e+00
       1678     35.000     8.9497     8.9491   3.738074   3.738112     2.6386      98.86     0.0569 1.6323e+01 5.4522e+02     69.865  43.488980    6.15061    35.2810    35.2820    27.3468    1486.93    1486.64 0.0000e+00
       1693     36.000     8.9509     8.9509   3.738294   3.738406     2.6387      98.86     0.0565 1.4722e+01 5.6365e+02     70.508  43.488987    6.14943    35.2817    35.2829    27.3471    1486.95    1486.65 0.0000e+00
       1708     37.000     8.9509     8.9510   3.738326   3.738457     2.6387      98.86     0.0545 1.3817e+01 5.5695e+02     71.126  43.488995    6.14648    35.2815    35.2828    27.3470    1486.97    1486.66 0.0000e+00
       1723     38.000     8.9510     8.9512   3.738389   3.738531     2.6381      98.86     0.0549 1.3532e+01 5.4265e+02     71.741  43.489002    6.13837    35.2816    35.2829    27.3471    1486.98    1486.67 0.0000e+00
       1738     39.000     8.9510     8.9511   3.738439   3.738590     2.6362      98.87     0.0549 1.3422e+01 5.1390e+02     72.355  43.489009    6.12861    35.2817    35.2832    27.3471    1487.00    1486.67 0.0000e+00
       1752     40.000     8.9507     8.9506   3.738455   3.738570     2.6342      98.86     0.0512 1.3154e+01 5.3904e+02     72.956  43.489016    6.13065    35.2816    35.2830    27.3471    1487.01    1486.68 0.0000e+00
       1766     41.000     8.9506     8.9505   3.738493   3.738607     2.6342      98.86     0.0516 1.2735e+01 5.6359e+02     73.555  43.489023    6.14112    35.2817    35.2830    27.3472    1487.03    1486.69 0.0000e+00
       1781     42.000     8.9509     8.9512   3.738547   3.738699     2.6349      98.86     0.0549 1.2298e+01 5.8330e+02     74.159  43.489030    6.14349    35.2815    35.2828    27.3469    1487.05    1486.70 0.0000e+00
       1816     43.000     8.9510     8.9512   3.738593   3.738731     2.6344      98.86     0.0583 1.2400e+01 5.6741e+02     75.625  43.489047    6.14201    35.2814    35.2826    27.3469    1487.06    1486.71 0.0000e+00
       1871     44.000     8.9511     8.9510   3.738657   3.738766     2.6353      98.86     0.0542 1.2262e+01 5.3602e+02     77.929  43.489073    6.15000    35.2815    35.2827    27.3469    1487.08    1486.72 0.0000e+00
       1894     45.000     8.9522     8.9520   3.738847   3.738940     2.6370      98.86     0.0527 1.1796e+01 5.6133e+02     78.888  43.489084    6.15284    35.2819    35.2831    27.3471    1487.10    1486.73 0.0000e+00
       1913     46.000     8.9522     8.9522   3.738887   3.739022     2.6361      98.86     0.0508 1.1079e+01 5.7158e+02     79.666  43.489093    6.13806    35.2818    35.2832    27.3470    1487.12    1486.73 0.0000e+00
       1929     47.000     8.9523     8.9521   3.738947   3.739066     2.6340      98.86     0.0499 1.0297e+01 5.8380e+02     80.351  43.489101    6.13254    35.2819    35.2833    27.3470    1487.14    1486.74 0.0000e+00
       1945     48.000     8.9500     8.9507   3.738765   3.738961     2.6331      98.86     0.0500 9.6809e+00 5.6359e+02     80.997  43.489109    6.13496    35.2818    35.2831    27.3473    1487.14    1486.75 0.0000e+00
       1960     49.000     8.9497     8.9496   3.738809   3.738913     2.6324      98.86     0.0497 9.1946e+00 5.4270e+02     81.622  43.489116    6.13298    35.2820    35.2832    27.3476    1487.16    1486.76 0.0000e+00
       1975     50.000     8.9507     8.9507   3.738921   3.739080     2.6312      98.86     0.0523 8.7376e+00 5.4895e+02     82.240  43.489123    6.13008    35.2817    35.2834    27.3472    1487.18    1486.77 0.0000e+00
       1989     51.000     8.9510     8.9520   3.738994   3.739226     2.6302      98.87     0.0532 8.3767e+00 5.4524e+02     82.851  43.489130    6.13152    35.2817    35.2832    27.3471    1487.20    1486.78 0.0000e+00
       2006     52.000     8.9515     8.9517   3.739063   3.739222     2.6302      98.86     0.0539 8.2234e+00 5.5540e+02     83.528  43.489138    6.13517    35.2815    35.2829    27.3469    1487.21    1486.78 0.0000e+00
       2025     53.000     8.9512     8.9513   3.739075   3.739204     2.6299      98.86     0.0517 8.2059e+00 6.0310e+02     84.330  43.489147    6.13753    35.2814    35.2827    27.3469    1487.23    1486.79 0.0000e+00
       2044     54.000     8.9506     8.9507   3.739092   3.739216     2.6304      98.86     0.0497 8.0539e+00 5.2891e+02     85.145  43.489157    6.14337    35.2817    35.2829    27.3472    1487.24    1486.80 0.0000e+00
       2065     55.000     8.9508     8.9508   3.739144   3.739285     2.6316      98.86     0.0501 7.8247e+00 5.7177e+02     86.015  43.489167    6.14970    35.2816    35.2831    27.3471    1487.26    1486.81 0.0000e+00
       2088     56.000     8.9515     8.9517   3.739266   3.739413     2.6325      98.86     0.0516 7.6404e+00 5.7432e+02     86.976  43.489178    6.14795    35.2817    35.2830    27.3470    1487.28    1486.82 0.0000e+00
       2113     57.000     8.9530     8.9530   3.739454   3.739591     2.6325      98.86     0.0522 7.4001e+00 5.8710e+02     88.000  43.489190    6.14697    35.2817    35.2831    27.3468    1487.30    1486.83 0.0000e+00
       2138     58.000     8.9527     8.9527   3.739485   3.739621     2.6327      98.86     0.0514 7.0456e+00 5.8751e+02     89.030  43.489202    6.15222    35.2818    35.2833    27.3469    1487.32    1486.83 0.0000e+00
       2168     59.000     8.9525     8.9527   3.739502   3.739652     2.6337      98.86     0.0543 6.7337e+00 5.8177e+02     90.280  43.489216    6.15234    35.2817    35.2831    27.3469    1487.33    1486.84 0.0000e+00
       2206     60.000     8.9509     8.9513   3.739400   3.739571     2.6327      98.86     0.0570 6.4799e+00 5.9374e+02     91.869  43.489235    6.14730    35.2818    35.2832    27.3472    1487.34    1486.85 0.0000e+00
       2231     61.000     8.9508     8.9507   3.739455   3.739582     2.6326      98.86     0.0578 6.1458e+00 5.9016e+02     92.925  43.489247    6.14976    35.2820    35.2834    27.3474    1487.36    1486.86 0.0000e+00
       2249     62.000     8.9509     8.9512   3.739516   3.739673     2.6324      98.86     0.0555 5.7889e+00 5.9420e+02     93.657  43.489255    6.14257    35.2820    35.2834    27.3474    1487.38    1486.87 0.0000e+00
       2264     63.000     8.9521     8.9525   3.739681   3.739828     2.6304      98.87     0.0533 5.4534e+00 5.8961e+02     94.299  43.489263    6.13148    35.2821    35.2832    27.3472    1487.40    1486.88 0.0000e+00
       2279     64.000     8.9528     8.9526   3.739772   3.739887     2.6286      98.86     0.0549 5.1854e+00 5.9148e+02     94.920  43.489270    6.12959    35.2819    35.2833    27.3470    1487.42    1486.89 0.0000e+00
       2294     65.000     8.9526     8.9528   3.739807   3.739936     2.6276      98.86     0.0575 4.9283e+00 5.9171e+02     95.539  43.489277    6.13159    35.2820    35.2831    27.3471    1487.43    1486.89 0.0000e+00
       2309     66.000     8.9534     8.9534   3.739921   3.740038     2.6268      98.87     0.0563 4.7369e+00 5.5516e+02     96.152  43.489284    6.13199    35.2819    35.2831    27.3469    1487.45    1486.90 0.0000e+00
       2323     67.000     8.9532     8.9531   3.739919   3.740048     2.6262      98.86     0.0534 4.5896e+00 5.7762e+02     96.766  43.489291    6.13436    35.2816    35.2830    27.3467    1487.47    1486.91 0.0000e+00
       2339     68.000     8.9524     8.9526   3.739884   3.740028     2.6264      98.86     0.0503 4.4604e+00 5.7132e+02     97.435  43.489299    6.14061    35.2815    35.2828    27.3468    1487.48    1486.92 0.0000e+00
       2393     69.000     8.9529     8.9525   3.739983   3.740050     2.6269      98.86     0.0498 4.4917e+00 5.4982e+02     99.661  43.489325    6.14106    35.2816    35.2827    27.3467    1487.50    1486.93 0.0000e+00
       2414     70.000     8.9526     8.9525   3.739955   3.740082     2.6274      98.86     0.0519 4.3894e+00 6.1204e+02    100.536  43.489335    6.14290    35.2811    35.2825    27.3464    1487.51    1486.94 0.0000e+00
       2430     71.000     8.9501     8.9504   3.739705   3.739878     2.6274      98.86     0.0522 4.2395e+00 5.7610e+02    101.221  43.489343    6.13872    35.2805    35.2820    27.3463    1487.52    1486.94 0.0000e+00
       2446     72.000     8.9502     8.9506   3.739767   3.739949     2.6260      98.87     0.0510 4.0082e+00 5.9900e+02    101.876  43.489350    6.13136    35.2806    35.2821    27.3464    1487.54    1486.95 0.0000e+00
       2461     73.000     8.9493     8.9497   3.739698   3.739887     2.6249      98.87     0.0504 3.7670e+00 6.0289e+02    102.518  43.489358    6.13026    35.2802    35.2818    27.3463    1487.55    1486.96 0.0000e+00
       2482     74.000     8.9500     8.9498   3.739821   3.739943     2.6241      98.86     0.0522 3.6457e+00 5.9942e+02    103.355  43.489368    6.13434    35.2804    35.2818    27.3462    1487.57    1486.97 0.0000e+00
       2508     75.000     8.9504     8.9501   3.739923   3.740021     2.6241      98.86     0.0513 3.5618e+00 6.0390e+02    104.457  43.489380    6.14096    35.2806    35.2819    27.3463    1487.59    1486.98 0.0000e+00
       2528     76.000     8.9509     8.9507   3.740005   3.740124     2.6253      98.86     0.0502 3.4172e+00 6.1075e+02    105.276  43.489390    6.14825    35.2804    35.2819    27.3461    1487.61    1486.98 0.0000e+00
       2544     77.000     8.9481     8.9484   3.739708   3.739893     2.6262      98.86     0.0506 3.2452e+00 6.1003e+02    105.961  43.489398    6.14702    35.2796    35.2813    27.3460    1487.61    1486.99 0.0000e+00
       2559     78.000     8.9521     8.9503   3.740259   3.740135     2.6259      98.86     0.0484 3.0766e+00 6.1028e+02    106.587  43.489405    6.14169    35.2810    35.2814    27.3464    1487.64    1487.00 0.0000e+00
       2574     79.000     8.9531     8.9533   3.740396   3.740556     2.6253      98.86     0.0481 2.9140e+00 6.1338e+02    107.195  43.489412    6.13996    35.2809    35.2824    27.3462    1487.66    1487.01 0.0000e+00
       2588     80.000     8.9463     8.9456   3.739622   3.739700     2.6252      98.86     0.0491 2.7811e+00 5.5046e+02    107.802  43.489419    6.13905    35.2791    35.2806    27.3458    1487.65    1487.02 0.0000e+00
