IBTS/IBTS_CruiseNotebook/Data/CTD/sta0021.cnv
* Sea-Bird SBE 9 Data File:
* FileName = C:\Seabird\CTDData\sta0021.hex
* Software Version Seasave V 7.21f
* Temperature SN = 2491
* Conductivity SN = 2694
* Number of Bytes Per Scan = 40
* Number of Voltage Words = 5
* Number of Scans Averaged by the Deck Unit = 1
* NMEA Latitude = 61 41.33 N
* NMEA Longitude = 000 38.67 E
* NMEA UTC (Time) = Feb 12 2020 11:42:56
* NMEA baud rate = 4800
** Ship: 10 F/F "G. O. Sars"
** Station: 0021
** Echodepth: 212.83
** Log: 8010.8
** Wind-Dir Force: 30 35
** Air-temp (dry): 2.8
** Weather Sky:
** Sea Ice:
# nquan = 20                                
# nvalues = 194                         
# units = specified
# name 0 = scan: Scan Count
# name 1 = prDM: Pressure, Digiquartz [db]
# name 2 = t068C: Temperature [ITS-68, deg C]
# name 3 = t168C: Temperature, 2 [ITS-68, deg C]
# name 4 = c0S/m: Conductivity [S/m]
# name 5 = c1S/m: Conductivity, 2 [S/m]
# name 6 = sbeox0V: Oxygen raw, SBE 43 [V]
# name 7 = altM: Altimeter [m]
# name 8 = flC: Fluorescence, Chelsea Aqua 3 Chl Con [ug/l]
# name 9 = par: PAR/Irradiance, Biospherical/Licor
# name 10 = spar: SPAR/Surface Irradiance
# name 11 = timeS: Time, Elapsed [seconds]
# name 12 = timeJ: Julian Days
# name 13 = sbeox0ML/L: Oxygen, SBE 43 [ml/l], WS = 2
# name 14 = sal00: Salinity, Practical [PSU]
# name 15 = sal11: Salinity, Practical, 2 [PSU]
# name 16 = sigma-t00: Density [sigma-t, Kg/m^3 ]
# name 17 = svCM: Sound Velocity [Chen-Millero, m/s]
# name 18 = avgsvCM: Average Sound Velocity [Chen-Millero, m/s], minP = 1, minS = 5
# name 19 = flag: flag
# span 0 =        -76,       5527       
# span 1 =      9.000,    202.000       
# span 2 =     8.9315,     8.9590       
# span 3 =     8.9310,     8.9591       
# span 4 =   3.735220,   3.746331       
# span 5 =   3.735319,   3.746460       
# span 6 =     2.5812,     2.6447       
# span 7 =      -1.16,      99.41       
# span 8 =     0.0383,     0.0594       
# span 9 = 5.1442e-02, 3.2921e+01       
# span 10 = 4.8763e+02, 7.8439e+02      
# span 11 =     -3.229,    230.257      
# span 12 =  43.488134,  43.490836      
# span 13 =    6.09571,    6.15413      
# span 14 =    35.2766,    35.2821      
# span 15 =    35.2780,    35.2834      
# span 16 =    27.3437,    27.3491      
# span 17 =    1486.47,    1489.70      
# span 18 =    1486.47,    1488.02      
# span 19 = 0.0000e+00, 0.0000e+00      
# interval = decibars: 1                
# start_time = Feb 12 2020 11:42:58 [System UTC, header]
# bad_flag = -9.990e-29
*END*
[from data line 145]
       4137    154.000     8.9525     8.9525   3.743535   3.743673     2.5953      60.35     0.0468 1.8368e-01 6.7779e+02    172.313  43.490166    6.11875    35.2786    35.2801    27.3445    1488.89    1487.62 0.0000e+00
       4150    155.000     8.9526     8.9528   3.743595   3.743737     2.5960      59.29     0.0467 1.7726e-01 6.7803e+02    172.892  43.490172    6.12226    35.2787    35.2800    27.3445    1488.91    1487.63 0.0000e+00
       4165    156.000     8.9532     8.9533   3.743697   3.743835     2.5960      58.39     0.0460 1.6971e-01 6.7490e+02    173.482  43.490179    6.12291    35.2787    35.2800    27.3444    1488.93    1487.64 0.0000e+00
       4180    157.000     8.9526     8.9527   3.743678   3.743825     2.5971      57.32     0.0456 1.6421e-01 6.7430e+02    174.111  43.490187    6.12359    35.2786    35.2800    27.3444    1488.94    1487.65 0.0000e+00
       4271    158.000     8.9528     8.9531   3.743698   3.743888     2.5979      55.23     0.0452 1.5913e-01 6.5812e+02    177.936  43.490231    6.12281    35.2781    35.2798    27.3440    1488.96    1487.66 0.0000e+00
       4293    159.000     8.9529     8.9531   3.743776   3.743947     2.5973      54.81     0.0439 1.5519e-01 6.6176e+02    178.814  43.490241    6.12274    35.2784    35.2800    27.3442    1488.98    1487.67 0.0000e+00
       4307    160.000     8.9531     8.9532   3.743861   3.744006     2.5975      54.17     0.0420 1.4836e-01 6.8990e+02    179.432  43.490248    6.12609    35.2786    35.2800    27.3443    1488.99    1487.67 0.0000e+00
       4322    161.000     8.9525     8.9524   3.743853   3.743970     2.5974      53.25     0.0439 1.4247e-01 6.2537e+02    180.049  43.490255    6.12509    35.2786    35.2799    27.3445    1489.01    1487.68 0.0000e+00
       4337    162.000     8.9514     8.9508   3.743762   3.743843     2.5971      52.49     0.0453 1.3805e-01 7.2349e+02    180.664  43.490262    6.12236    35.2783    35.2797    27.3444    1489.02    1487.69 0.0000e+00
       4352    163.000     8.9493     8.9494   3.743589   3.743733     2.5962      51.51     0.0458 1.3189e-01 6.0904e+02    181.278  43.490270    6.12007    35.2781    35.2795    27.3445    1489.03    1487.70 0.0000e+00
       4366    164.000     8.9503     8.9497   3.743746   3.743812     2.5957      50.54     0.0472 1.3089e-01 7.2889e+02    181.887  43.490276    6.11959    35.2782    35.2795    27.3445    1489.05    1487.71 0.0000e+00
       4381    165.000     8.9536     8.9535   3.744150   3.744259     2.5952      49.63     0.0486 1.2570e-01 6.0144e+02    182.494  43.490284    6.11592    35.2787    35.2800    27.3444    1489.08    1487.71 0.0000e+00
       4395    166.000     8.9535     8.9535   3.744184   3.744309     2.5941      48.54     0.0467 1.2371e-01 7.3743e+02    183.093  43.490290    6.11329    35.2787    35.2800    27.3444    1489.09    1487.72 0.0000e+00
       4413    167.000     8.9520     8.9516   3.744057   3.744142     2.5932      47.38     0.0474 1.2041e-01 6.5948e+02    183.827  43.490299    6.11302    35.2784    35.2797    27.3444    1489.10    1487.73 0.0000e+00
       4438    168.000     8.9491     8.9495   3.743757   3.743947     2.5918      45.87     0.0470 1.1886e-01 6.7020e+02    184.894  43.490311    6.11024    35.2776    35.2792    27.3442    1489.11    1487.74 0.0000e+00
       4461    169.000     8.9478     8.9483   3.743671   3.743853     2.5912      44.88     0.0445 1.1437e-01 6.9626e+02    185.837  43.490322    6.11399    35.2776    35.2790    27.3444    1489.12    1487.75 0.0000e+00
       4480    170.000     8.9492     8.9493   3.743873   3.744005     2.5909      43.97     0.0412 1.1226e-01 6.0933e+02    186.619  43.490331    6.11051    35.2778    35.2791    27.3444    1489.14    1487.76 0.0000e+00
       4497    171.000     8.9497     8.9491   3.743975   3.744034     2.5898      43.16     0.0433 1.0978e-01 5.0612e+02    187.316  43.490339    6.10895    35.2779    35.2791    27.3444    1489.16    1487.76 0.0000e+00
       4512    172.000     8.9487     8.9492   3.743898   3.744087     2.5898      42.25     0.0446 1.0146e-01 6.0153e+02    187.942  43.490347    6.11364    35.2776    35.2791    27.3443    1489.17    1487.77 0.0000e+00
       4526    173.000     8.9512     8.9507   3.744230   3.744291     2.5899      41.48     0.0419 9.9079e-02 6.1276e+02    188.551  43.490354    6.11183    35.2781    35.2793    27.3443    1489.20    1487.78 0.0000e+00
       4543    174.000     8.9505     8.9513   3.744180   3.744406     2.5890      40.38     0.0413 9.6568e-02 5.6075e+02    189.236  43.490362    6.10294    35.2778    35.2794    27.3442    1489.21    1487.79 0.0000e+00
       4595    175.000     8.9495     8.9500   3.744083   3.744302     2.5890      38.60     0.0417 9.4004e-02 6.6595e+02    191.398  43.490387    6.11986    35.2773    35.2791    27.3439    1489.23    1487.80 0.0000e+00
       4641    176.000     8.9485     8.9481   3.744006   3.744151     2.5929      37.68     0.0400 9.0051e-02 6.7106e+02    193.328  43.490409    6.13435    35.2770    35.2790    27.3439    1489.24    1487.80 0.0000e+00
       4661    177.000     8.9490     8.9499   3.744130   3.744382     2.5936      36.98     0.0417 8.9659e-02 6.5970e+02    194.165  43.490419    6.12504    35.2774    35.2791    27.3440    1489.26    1487.81 0.0000e+00
       4677    178.000     8.9474     8.9469   3.743989   3.744089     2.5919      36.18     0.0467 8.7830e-02 6.7217e+02    194.848  43.490426    6.11616    35.2770    35.2785    27.3440    1489.27    1487.82 0.0000e+00
       4693    179.000     8.9450     8.9446   3.743768   3.743871     2.5911      35.43     0.0467 8.4487e-02 7.3381e+02    195.486  43.490434    6.11669    35.2766    35.2781    27.3441    1489.27    1487.83 0.0000e+00
       4707    180.000     8.9455     8.9449   3.743879   3.743941     2.5906      34.44     0.0461 7.7991e-02 6.5112e+02    196.093  43.490441    6.11478    35.2768    35.2780    27.3441    1489.29    1487.84 0.0000e+00
       4722    181.000     8.9490     8.9492   3.744304   3.744451     2.5893      33.58     0.0460 7.2127e-02 7.4413e+02    196.701  43.490448    6.10906    35.2773    35.2786    27.3440    1489.32    1487.85 0.0000e+00
       4736    182.000     8.9518     8.9522   3.744679   3.744843     2.5881      32.64     0.0463 7.3419e-02 6.1930e+02    197.300  43.490455    6.10443    35.2780    35.2793    27.3441    1489.35    1487.85 0.0000e+00
       4751    183.000     8.9527     8.9526   3.744814   3.744928     2.5866      31.59     0.0474 6.6060e-02 7.4941e+02    197.910  43.490462    6.09982    35.2780    35.2793    27.3440    1489.37    1487.86 0.0000e+00
       4765    184.000     8.9535     8.9537   3.744980   3.745117     2.5850      30.74     0.0479 6.3366e-02 6.3317e+02    198.516  43.490469    6.09571    35.2785    35.2797    27.3442    1489.39    1487.87 0.0000e+00
       4784    185.000     8.9546     8.9548   3.745129   3.745292     2.5835      29.50     0.0455 6.1553e-02 6.9699e+02    199.298  43.490478    6.09895    35.2785    35.2800    27.3440    1489.41    1487.88 0.0000e+00
       4831    186.000     8.9550     8.9553   3.745212   3.745373     2.5854      27.88     0.0443 6.2226e-02 7.2177e+02    201.255  43.490501    6.11856    35.2785    35.2799    27.3440    1489.43    1487.89 0.0000e+00
       4890    187.000     8.9558     8.9558   3.745325   3.745478     2.5892      26.41     0.0383 6.1947e-02 7.0661e+02    203.704  43.490529    6.12750    35.2784    35.2800    27.3438    1489.45    1487.90 0.0000e+00
       4909    188.000     8.9539     8.9536   3.745162   3.745286     2.5897      25.44     0.0400 5.9904e-02 6.9201e+02    204.483  43.490538    6.12928    35.2781    35.2797    27.3438    1489.46    1487.90 0.0000e+00
       4925    189.000     8.9522     8.9529   3.745036   3.745254     2.5902      24.76     0.0439 5.6340e-02 7.0354e+02    205.155  43.490546    6.12885    35.2780    35.2796    27.3440    1489.47    1487.91 0.0000e+00
       4940    190.000     8.9551     8.9547   3.745415   3.745479     2.5900      23.90     0.0463 5.8779e-02 7.5091e+02    205.806  43.490553    6.12327    35.2786    35.2797    27.3440    1489.50    1487.92 0.0000e+00
       4955    191.000     8.9535     8.9532   3.745264   3.745357     2.5893      23.36     0.0478 5.6020e-02 6.8894e+02    206.431  43.490560    6.11761    35.2782    35.2794    27.3439    1489.51    1487.93 0.0000e+00
       4970    192.000     8.9524     8.9523   3.745188   3.745301     2.5879      22.41     0.0452 5.3120e-02 7.7032e+02    207.058  43.490568    6.11134    35.2780    35.2793    27.3440    1489.52    1487.94 0.0000e+00
       4985    193.000     8.9517     8.9517   3.745150   3.745276     2.5864      21.39     0.0441 5.3671e-02 6.2761e+02    207.675  43.490575    6.10904    35.2778    35.2791    27.3439    1489.53    1487.95 0.0000e+00
       5000    194.000     8.9511     8.9514   3.745116   3.745281     2.5851      20.20     0.0421 5.3519e-02 7.8439e+02    208.291  43.490582    6.10876    35.2776    35.2790    27.3439    1489.54    1487.95 0.0000e+00
       5014    195.000     8.9516     8.9524   3.745220   3.745437     2.5845      19.21     0.0428 5.1823e-02 6.7501e+02    208.882  43.490589    6.11106    35.2777    35.2792    27.3439    1489.56    1487.96 0.0000e+00
       5028    196.000     8.9540     8.9548   3.745566   3.745761     2.5840      18.35     0.0453 5.1555e-02 7.6237e+02    209.474  43.490596    6.11328    35.2784    35.2797    27.3441    1489.59    1487.97 0.0000e+00
       5042    197.000     8.9573     8.9584   3.745955   3.746207     2.5845      17.40     0.0450 5.1470e-02 6.8594e+02    210.062  43.490602    6.11489    35.2788    35.2803    27.3438    1489.62    1487.98 0.0000e+00
       5056    198.000     8.9555     8.9567   3.745801   3.746073     2.5839      16.47     0.0440 5.1449e-02 7.6249e+02    210.642  43.490609    6.10897    35.2785    35.2801    27.3439    1489.63    1487.99 0.0000e+00
       5072    199.000     8.9570     8.9564   3.746016   3.746075     2.5825      15.41     0.0440 5.1442e-02 7.0637e+02    211.309  43.490617    6.10327    35.2788    35.2800    27.3439    1489.65    1488.00 0.0000e+00
       5090    200.000     8.9582     8.9584   3.746213   3.746341     2.5814      14.33     0.0439 5.1486e-02 7.0813e+02    212.045  43.490626    6.10481    35.2792    35.2803    27.3440    1489.67    1488.00 0.0000e+00
       5106    201.000     8.9590     8.9591   3.746331   3.746460     2.5812      13.39     0.0449 5.1490e-02 6.9053e+02    212.699  43.490633    6.10645    35.2791    35.2804    27.3438    1489.69    1488.01 0.0000e+00
       5527    202.000     8.9575     8.9573   3.746186   3.746313     2.5825      12.04     0.0467 5.1469e-02 7.2268e+02    230.257  43.490836    6.11066    35.2786    35.2802    27.3437    1489.70    1488.02 0.0000e+00
