IBTS/IBTS_CruiseNotebook/Data/CTD/sta0013.cnv
* Sea-Bird SBE 9 Data File:
* FileName = C:\Seabird\CTDData\sta0013.hex
* Software Version Seasave V 7.21f
* Temperature SN = 2491
* Conductivity SN = 2694
* Number of Bytes Per Scan = 40
* Number of Voltage Words = 5
* Number of Scans Averaged by the Deck Unit = 1
* NMEA Latitude = 61 15.65 N
* NMEA Longitude = 002 03.21 E
* NMEA UTC (Time) = Feb 11 2020 07:01:23
* NMEA baud rate = 4800
** Ship: 10 F/F "G. O. Sars"
** Station: 0013
** Echodepth: 143
** Log: 7825.68
** Wind-Dir Force: 29 21
** Air-temp (dry): 4.7
** Weather Sky:
** Sea Ice:
# nquan = 20                                
# nvalues = 130                         
# units = specified
# name 0 = scan: Scan Count
# name 1 = prDM: Pressure, Digiquartz [db]
# name 2 = t068C: Temperature [ITS-68, deg C]
# name 3 = t168C: Temperature, 2 [ITS-68, deg C]
# name 4 = c0S/m: Conductivity [S/m]
# name 5 = c1S/m: Conductivity, 2 [S/m]
# name 6 = sbeox0V: Oxygen raw, SBE 43 [V]
# name 7 = altM: Altimeter [m]
# name 8 = flC: Fluorescence, Chelsea Aqua 3 Chl Con [ug/l]
# name 9 = par: PAR/Irradiance, Biospherical/Licor
# name 10 = spar: SPAR/Surface Irradiance
# name 11 = timeS: Time, Elapsed [seconds]
# name 12 = timeJ: Julian Days
# name 13 = sbeox0ML/L: Oxygen, SBE 43 [ml/l], WS = 2
# name 14 = sal00: Salinity, Practical [PSU]
# name 15 = sal11: Salinity, Practical, 2 [PSU]
# name 16 = sigma-t00: Density [sigma-t, Kg/m^3 ]
# name 17 = svCM: Sound Velocity [Chen-Millero, m/s]
# name 18 = avgsvCM: Average Sound Velocity [Chen-Millero, m/s], minP = 1, minS = 5
# name 19 = flag: flag
# span 0 =         74,       3467       
# span 1 =      5.000,    134.000       
# span 2 =     8.6337,     8.7923       
# span 3 =     8.6338,     8.7921       
# span 4 =   3.708156,   3.721530       
# span 5 =   3.708305,   3.721688       
# span 6 =     2.6124,     2.6430       
# span 7 =     -36.92,     100.85       
# span 8 =     0.0369,     0.0493       
# span 9 = 5.1427e-02, 1.0728e+00       
# span 10 = 4.2499e-01, 1.9727e+00      
# span 11 =      3.024,    144.406      
# span 12 =  42.292697,  42.294333      
# span 13 =    6.11401,    6.20862      
# span 14 =    35.2452,    35.2643      
# span 15 =    35.2467,    35.2660      
# span 16 =    27.3583,    27.3693      
# span 17 =    1485.83,    1487.37      
# span 18 =    1485.83,    1486.64      
# span 19 = 0.0000e+00, 0.0000e+00      
# interval = decibars: 1                
# start_time = Feb 11 2020 07:01:26 [System UTC, header]
# bad_flag = -9.990e-29
*END*
[from data line 73]
       2153     78.000     8.7377     8.7379   3.717990   3.718156     2.6295      65.28     0.0452 5.1486e-02 1.9438e+00     89.666  42.293700    6.17813    35.2595    35.2611    27.3638    1486.83    1486.34 0.0000e+00
       2169     79.000     8.7372     8.7372   3.717985   3.718125     2.6286      64.61     0.0445 5.1476e-02 1.9438e+00     90.335  42.293708    6.17768    35.2595    35.2610    27.3639    1486.84    1486.34 0.0000e+00
       2185     80.000     8.7373     8.7374   3.718028   3.718176     2.6277      63.70     0.0468 5.1482e-02 1.9438e+00     90.987  42.293715    6.17596    35.2594    35.2608    27.3638    1486.86    1486.35 0.0000e+00
       2200     81.000     8.7339     8.7336   3.717727   3.717834     2.6268      62.69     0.0473 5.1466e-02 1.9355e+00     91.618  42.293722    6.17622    35.2591    35.2605    27.3641    1486.86    1486.36 0.0000e+00
       2215     82.000     8.7332     8.7333   3.717684   3.717848     2.6263      61.82     0.0480 5.1486e-02 1.0505e+00     92.246  42.293730    6.17843    35.2588    35.2605    27.3640    1486.87    1486.36 0.0000e+00
       2230     83.000     8.7325     8.7330   3.717668   3.717866     2.6262      60.41     0.0459 5.1429e-02 1.6692e+00     92.861  42.293737    6.17895    35.2589    35.2605    27.3642    1486.89    1486.37 0.0000e+00
       2249     84.000     8.7336     8.7340   3.717819   3.718018     2.6255      59.06     0.0448 5.1464e-02 1.5811e+00     93.651  42.293746    6.17753    35.2589    35.2606    27.3640    1486.91    1486.38 0.0000e+00
       2276     85.000     8.7340     8.7342   3.717928   3.718090     2.6255      57.91     0.0484 5.1436e-02 1.9727e+00     94.784  42.293759    6.18499    35.2592    35.2607    27.3642    1486.93    1486.38 0.0000e+00
       2293     86.000     8.7347     8.7348   3.718048   3.718186     2.6263      57.05     0.0484 5.1435e-02 1.0813e+00     95.511  42.293767    6.18403    35.2593    35.2606    27.3641    1486.95    1486.39 0.0000e+00
       2308     87.000     8.7349     8.7351   3.718116   3.718266     2.6258      56.20     0.0470 5.1480e-02 -9.990e-29     96.145  42.293775    6.17793    35.2593    35.2607    27.3641    1486.96    1486.40 0.0000e+00
       2323     88.000     8.7348     8.7349   3.718143   3.718307     2.6250      55.33     0.0472 5.1447e-02 -9.990e-29     96.750  42.293782    6.17626    35.2592    35.2608    27.3641    1486.98    1486.40 0.0000e+00
       2337     89.000     8.7351     8.7352   3.718224   3.718366     2.6244      54.46     0.0480 5.1490e-02 -9.990e-29     97.346  42.293789    6.17675    35.2593    35.2607    27.3641    1487.00    1486.41 0.0000e+00
       2352     90.000     8.7353     8.7353   3.718256   3.718424     2.6240      53.71     0.0473 5.1447e-02 -9.990e-29     97.951  42.293796    6.17560    35.2589    35.2607    27.3638    1487.01    1486.42 0.0000e+00
       2418     91.000     8.7355     8.7356   3.718341   3.718503     2.6257      51.93     0.0451 5.1469e-02 -9.990e-29    100.713  42.293828    6.18648    35.2591    35.2608    27.3639    1487.03    1486.42 0.0000e+00
       2459     92.000     8.7360     8.7361   3.718431   3.718590     2.6268      50.75     0.0392 5.1442e-02 -9.990e-29    102.415  42.293847    6.19287    35.2591    35.2607    27.3638    1487.05    1486.43 0.0000e+00
       2474     93.000     8.7339     8.7348   3.718255   3.718519     2.6276      50.24     0.0411 5.1445e-02 -9.990e-29    103.038  42.293855    6.19072    35.2589    35.2608    27.3639    1487.06    1486.44 0.0000e+00
       2489     94.000     8.7225     8.7235   3.717047   3.717403     2.6261      49.61     0.0396 5.1467e-02 -9.990e-29    103.679  42.293862    6.18341    35.2570    35.2597    27.3643    1487.03    1486.44 0.0000e+00
       2505     95.000     8.7153     8.7194   3.716405   3.716977     2.6254      48.87     0.0397 5.1454e-02 -9.990e-29    104.326  42.293870    6.18116    35.2569    35.2588    27.3653    1487.02    1486.45 0.0000e+00
       2520     96.000     8.7201     8.7245   3.716972   3.717521     2.6237      47.62     0.0389 5.1472e-02 -9.990e-29    104.975  42.293877    6.17426    35.2576    35.2590    27.3651    1487.05    1486.45 0.0000e+00
       2536     97.000     8.7198     8.7201   3.716932   3.717149     2.6220      46.63     0.0426 5.1476e-02 -9.990e-29    105.616  42.293884    6.17325    35.2570    35.2590    27.3647    1487.07    1486.46 0.0000e+00
       2551     98.000     8.7200     8.7208   3.717017   3.717237     2.6217      45.79     0.0473 5.1466e-02 -9.990e-29    106.244  42.293892    6.17635    35.2572    35.2588    27.3649    1487.09    1486.47 0.0000e+00
       2571     99.000     8.7183     8.7171   3.716861   3.716893     2.6208      44.57     0.0471 5.1485e-02 -9.990e-29    107.090  42.293902    6.17794    35.2568    35.2583    27.3648    1487.10    1486.47 0.0000e+00
       2610    100.000     8.7156     8.7129   3.716620   3.716475     2.6205      42.95     0.0444 5.1458e-02 -9.990e-29    108.724  42.293920    6.18370    35.2564    35.2576    27.3649    1487.10    1486.48 0.0000e+00
       2631    101.000     8.7062     8.7058   3.715653   3.715788     2.6218      42.15     0.0447 5.1466e-02 -9.990e-29    109.573  42.293930    6.19535    35.2551    35.2569    27.3654    1487.08    1486.49 0.0000e+00
       2647    102.000     8.7015     8.6976   3.715168   3.714967     2.6229      41.34     0.0441 5.1457e-02 -9.990e-29    110.241  42.293938    6.19645    35.2542    35.2559    27.3654    1487.08    1486.49 0.0000e+00
       2662    103.000     8.6570     8.6412   3.710375   3.709115     2.6230      40.41     0.0426 5.1467e-02 -9.990e-29    110.886  42.293945    6.20049    35.2473    35.2497    27.3671    1486.92    1486.50 0.0000e+00
       2677    104.000     8.6357     8.6360   3.708283   3.708472     2.6231      39.45     0.0420 5.1456e-02 -9.990e-29    111.513  42.293953    6.20129    35.2459    35.2476    27.3693    1486.86    1486.50 0.0000e+00
       2692    105.000     8.6344     8.6343   3.708156   3.708305     2.6225      38.50     0.0424 5.1466e-02 -9.990e-29    112.131  42.293960    6.19485    35.2454    35.2471    27.3691    1486.87    1486.50 0.0000e+00
       2707    106.000     8.6344     8.6344   3.708190   3.708338     2.6210      37.51     0.0431 5.1486e-02 1.3900e+00    112.748  42.293967    6.18952    35.2453    35.2468    27.3690    1486.89    1486.51 0.0000e+00
       2722    107.000     8.6344     8.6345   3.708231   3.708380     2.6201      36.54     0.0438 5.1470e-02 1.6648e+00    113.358  42.293974    6.18714    35.2452    35.2467    27.3690    1486.90    1486.51 0.0000e+00
       2736    108.000     8.6357     8.6361   3.708439   3.708586     2.6187      35.60     0.0428 5.1437e-02 1.0324e+00    113.964  42.293981    6.18262    35.2457    35.2468    27.3691    1486.92    1486.51 0.0000e+00
       2796    109.000     8.6410     8.6397   3.708999   3.709027     2.6171      34.07     0.0425 5.1452e-02 1.8726e+00    116.466  42.294010    6.20006    35.2458    35.2474    27.3684    1486.96    1486.52 0.0000e+00
       2824    110.000     8.6388     8.6380   3.708826   3.708900     2.6196      33.52     0.0473 5.1467e-02 -9.990e-29    117.630  42.294023    6.20771    35.2457    35.2473    27.3687    1486.97    1486.52 0.0000e+00
       2840    111.000     8.6353     8.6351   3.708506   3.708650     2.6203      32.92     0.0459 5.1472e-02 -9.990e-29    118.306  42.294031    6.20209    35.2453    35.2470    27.3689    1486.97    1486.53 0.0000e+00
       2856    112.000     8.6347     8.6347   3.708490   3.708651     2.6198      32.12     0.0434 5.1466e-02 -9.990e-29    118.950  42.294039    6.19674    35.2453    35.2470    27.3690    1486.99    1486.53 0.0000e+00
       2872    113.000     8.6347     8.6347   3.708549   3.708701     2.6192      31.14     0.0401 5.1459e-02 -9.990e-29    119.623  42.294047    6.19475    35.2454    35.2470    27.3691    1487.00    1486.53 0.0000e+00
       2892    114.000     8.6347     8.6347   3.708595   3.708744     2.6184      29.93     0.0406 5.1474e-02 -9.990e-29    120.466  42.294056    6.19672    35.2454    35.2470    27.3691    1487.02    1486.54 0.0000e+00
       2916    115.000     8.6347     8.6347   3.708644   3.708797     2.6191      28.76     0.0429 5.1464e-02 -9.990e-29    121.456  42.294068    6.20660    35.2454    35.2471    27.3691    1487.04    1486.54 0.0000e+00
       2936    116.000     8.6352     8.6355   3.708754   3.708916     2.6199      27.84     0.0455 5.1434e-02 -9.990e-29    122.276  42.294077    6.20365    35.2456    35.2470    27.3692    1487.05    1486.55 0.0000e+00
       2952    117.000     8.6353     8.6354   3.708803   3.708959     2.6193      26.94     0.0450 5.1483e-02 -9.990e-29    122.957  42.294085    6.19691    35.2456    35.2471    27.3691    1487.07    1486.55 0.0000e+00
       2967    118.000     8.6350     8.6349   3.708803   3.708958     2.6182      26.02     0.0426 5.1447e-02 -9.990e-29    123.589  42.294092    6.19485    35.2454    35.2471    27.3690    1487.09    1486.56 0.0000e+00
       2982    119.000     8.6340     8.6340   3.708749   3.708909     2.6179      25.08     0.0394 5.1505e-02 -9.990e-29    124.204  42.294100    6.19294    35.2453    35.2470    27.3691    1487.10    1486.56 0.0000e+00
       2997    120.000     8.6339     8.6341   3.708791   3.708952     2.6166      24.07     0.0386 5.1467e-02 1.9438e+00    124.821  42.294107    6.18655    35.2454    35.2469    27.3692    1487.11    1486.57 0.0000e+00
       3012    121.000     8.6337     8.6338   3.708811   3.708965     2.6150      23.03     0.0378 5.1476e-02 1.9423e+00    125.450  42.294114    6.18464    35.2453    35.2468    27.3692    1487.13    1486.57 0.0000e+00
       3028    122.000     8.6345     8.6345   3.708952   3.709102     2.6143      22.15     0.0377 5.1467e-02 1.0007e+00    126.104  42.294122    6.18781    35.2455    35.2471    27.3692    1487.15    1486.58 0.0000e+00
       3077    123.000     8.6343     8.6346   3.708952   3.709137     2.6137      20.23     0.0385 5.1453e-02 5.7103e-01    128.168  42.294145    6.19434    35.2452    35.2469    27.3690    1487.17    1486.58 0.0000e+00
       3105    124.000     8.6370     8.6377   3.709302   3.709528     2.6148      19.56     0.0392 5.1447e-02 1.9134e+00    129.317  42.294159    6.19917    35.2458    35.2475    27.3690    1487.19    1486.58 0.0000e+00
       3122    125.000     8.6391     8.6390   3.709575   3.709703     2.6152      18.71     0.0428 5.1491e-02 -9.990e-29    130.036  42.294167    6.19394    35.2461    35.2476    27.3689    1487.22    1486.59 0.0000e+00
       3137    126.000     8.6392     8.6390   3.709633   3.709747     2.6141      17.83     0.0440 5.1456e-02 -9.990e-29    130.676  42.294174    6.18548    35.2461    35.2475    27.3689    1487.23    1486.60 0.0000e+00
       3152    127.000     8.6395     8.6395   3.709712   3.709852     2.6128      16.95     0.0452 5.1466e-02 -9.990e-29    131.299  42.294182    6.18390    35.2462    35.2477    27.3689    1487.25    1486.60 0.0000e+00
       3167    128.000     8.6394     8.6393   3.709725   3.709885     2.6124      16.14     0.0449 5.1466e-02 -9.990e-29    131.908  42.294189    6.18954    35.2459    35.2477    27.3687    1487.27    1486.61 0.0000e+00
       3181    129.000     8.6398     8.6397   3.709827   3.709969     2.6125      15.22     0.0468 5.1439e-02 -9.990e-29    132.518  42.294196    6.19200    35.2461    35.2477    27.3688    1487.29    1486.61 0.0000e+00
       3196    130.000     8.6400     8.6399   3.709878   3.710022     2.6126      14.39     0.0457 5.1476e-02 1.9438e+00    133.129  42.294203    6.19216    35.2460    35.2476    27.3687    1487.30    1486.62 0.0000e+00
       3223    131.000     8.6396     8.6396   3.709881   3.710030     2.6124      12.95     0.0424 5.1442e-02 1.9438e+00    134.237  42.294216    6.19394    35.2459    35.2475    27.3687    1487.32    1486.62 0.0000e+00
       3354    132.000     8.6399     8.6398   3.709943   3.710093     2.6150      11.51     0.0424 5.1456e-02 -9.990e-29    139.693  42.294279    6.20841    35.2458    35.2475    27.3686    1487.34    1486.63 0.0000e+00
       3408    133.000     8.6399     8.6399   3.709986   3.710136     2.6153      10.24     0.0399 5.1468e-02 1.1795e+00    141.939  42.294305    6.19747    35.2458    35.2474    27.3686    1487.35    1486.63 0.0000e+00
       3467    134.000     8.6395     8.6398   3.710007   3.710174     2.6135       9.16     0.0493 5.1450e-02 1.1604e+00    144.406  42.294333    6.20862    35.2459    35.2474    27.3687    1487.37    1486.64 0.0000e+00
