IBTS/IBTS_CruiseNotebook/Data/CTD/sta0013.cnv
* Sea-Bird SBE 9 Data File:
* FileName = C:\Seabird\CTDData\sta0013.hex
* Software Version Seasave V 7.21f
* Temperature SN = 2491
* Conductivity SN = 2694
* Number of Bytes Per Scan = 40
* Number of Voltage Words = 5
* Number of Scans Averaged by the Deck Unit = 1
* NMEA Latitude = 61 15.65 N
* NMEA Longitude = 002 03.21 E
* NMEA UTC (Time) = Feb 11 2020 07:01:23
* NMEA baud rate = 4800
** Ship: 10 F/F "G. O. Sars"
** Station: 0013
** Echodepth: 143
** Log: 7825.68
** Wind-Dir Force: 29 21
** Air-temp (dry): 4.7
** Weather Sky:
** Sea Ice:
# nquan = 20                                
# nvalues = 130                         
# units = specified
# name 0 = scan: Scan Count
# name 1 = prDM: Pressure, Digiquartz [db]
# name 2 = t068C: Temperature [ITS-68, deg C]
# name 3 = t168C: Temperature, 2 [ITS-68, deg C]
# name 4 = c0S/m: Conductivity [S/m]
# name 5 = c1S/m: Conductivity, 2 [S/m]
# name 6 = sbeox0V: Oxygen raw, SBE 43 [V]
# name 7 = altM: Altimeter [m]
# name 8 = flC: Fluorescence, Chelsea Aqua 3 Chl Con [ug/l]
# name 9 = par: PAR/Irradiance, Biospherical/Licor
# name 10 = spar: SPAR/Surface Irradiance
# name 11 = timeS: Time, Elapsed [seconds]
# name 12 = timeJ: Julian Days
# name 13 = sbeox0ML/L: Oxygen, SBE 43 [ml/l], WS = 2
# name 14 = sal00: Salinity, Practical [PSU]
# name 15 = sal11: Salinity, Practical, 2 [PSU]
# name 16 = sigma-t00: Density [sigma-t, Kg/m^3 ]
# name 17 = svCM: Sound Velocity [Chen-Millero, m/s]
# name 18 = avgsvCM: Average Sound Velocity [Chen-Millero, m/s], minP = 1, minS = 5
# name 19 = flag: flag
# span 0 =         74,       3467       
# span 1 =      5.000,    134.000       
# span 2 =     8.6337,     8.7923       
# span 3 =     8.6338,     8.7921       
# span 4 =   3.708156,   3.721530       
# span 5 =   3.708305,   3.721688       
# span 6 =     2.6124,     2.6430       
# span 7 =     -36.92,     100.85       
# span 8 =     0.0369,     0.0493       
# span 9 = 5.1427e-02, 1.0728e+00       
# span 10 = 4.2499e-01, 1.9727e+00      
# span 11 =      3.024,    144.406      
# span 12 =  42.292697,  42.294333      
# span 13 =    6.11401,    6.20862      
# span 14 =    35.2452,    35.2643      
# span 15 =    35.2467,    35.2660      
# span 16 =    27.3583,    27.3693      
# span 17 =    1485.83,    1487.37      
# span 18 =    1485.83,    1486.64      
# span 19 = 0.0000e+00, 0.0000e+00      
# interval = decibars: 1                
# start_time = Feb 11 2020 07:01:26 [System UTC, header]
# bad_flag = -9.990e-29
*END*
         74      5.000     8.7911     8.7912   3.720035   3.720269     2.6275     -36.92     0.0418 1.0728e+00 -9.990e-29      3.024  42.292697    6.11401    35.2632    35.2656    27.3583    1485.83    1485.83 0.0000e+00
        629      6.000     8.7911     8.7913   3.720135   3.720327     2.6419      99.15     0.0439 4.8963e-01 -9.990e-29     26.179  42.292965    6.16655    35.2638    35.2656    27.3587    1485.84    1485.83 0.0000e+00
        640      7.000     8.7919     8.7918   3.720259   3.720432     2.6424      98.85     0.0427 4.2820e-01 -9.990e-29     26.635  42.292970    6.16416    35.2638    35.2658    27.3586    1485.86    1485.84 0.0000e+00
        656      8.000     8.7923     8.7921   3.720344   3.720502     2.6430      98.86     0.0425 3.9193e-01 -9.990e-29     27.288  42.292978    6.15760    35.2638    35.2657    27.3586    1485.88    1485.84 0.0000e+00
        672      9.000     8.7919     8.7920   3.720361   3.720547     2.6411      98.86     0.0417 3.7250e-01 -9.990e-29     27.968  42.292986    6.14573    35.2639    35.2658    27.3587    1485.90    1485.85 0.0000e+00
        688     10.000     8.7890     8.7896   3.720121   3.720363     2.6395      98.87     0.0429 2.7629e-01 -9.990e-29     28.643  42.292993    6.14299    35.2638    35.2658    27.3590    1485.90    1485.85 0.0000e+00
        704     11.000     8.7872     8.7867   3.720004   3.720117     2.6386      98.87     0.0450 2.6407e-01 -9.990e-29     29.278  42.293001    6.14120    35.2639    35.2656    27.3594    1485.91    1485.86 0.0000e+00
        718     12.000     8.7906     8.7907   3.720364   3.720522     2.6364      18.83     0.0456 2.5416e-01 -9.990e-29     29.862  42.293008    6.14222    35.2638    35.2654    27.3588    1485.94    1485.87 0.0000e+00
        743     13.000     8.7914     8.7915   3.720481   3.720653     2.6377      75.81     0.0445 1.6636e-01 -9.990e-29     30.907  42.293020    6.15421    35.2638    35.2655    27.3586    1485.96    1485.87 0.0000e+00
        791     14.000     8.7899     8.7893   3.720385   3.720494     2.6390     100.85     0.0419 1.2295e-01 -9.990e-29     32.915  42.293043    6.16134    35.2638    35.2655    27.3589    1485.97    1485.88 0.0000e+00
        813     15.000     8.7846     8.7843   3.719917   3.720077     2.6410      98.86     0.0395 1.0016e-01 -9.990e-29     33.824  42.293054    6.17104    35.2636    35.2656    27.3596    1485.97    1485.89 0.0000e+00
        830     16.000     8.7840     8.7840   3.719936   3.720099     2.6416      98.87     0.0393 8.1803e-02 -9.990e-29     34.542  42.293062    6.16149    35.2639    35.2657    27.3599    1485.98    1485.89 0.0000e+00
        846     17.000     8.7842     8.7843   3.719985   3.720168     2.6400      98.86     0.0378 7.7147e-02 -9.990e-29     35.206  42.293070    6.14909    35.2638    35.2656    27.3598    1486.00    1485.90 0.0000e+00
        861     18.000     8.7844     8.7847   3.720064   3.720263     2.6381      98.76     0.0379 6.3395e-02 -9.990e-29     35.828  42.293077    6.14693    35.2639    35.2657    27.3599    1486.02    1485.90 0.0000e+00
        876     19.000     8.7854     8.7853   3.720202   3.720346     2.6374      98.53     0.0369 6.3862e-02 -9.990e-29     36.455  42.293084    6.14800    35.2639    35.2655    27.3597    1486.04    1485.91 0.0000e+00
        893     20.000     8.7840     8.7844   3.720107   3.720310     2.6362      98.52     0.0392 5.7523e-02 -9.990e-29     37.169  42.293092    6.14396    35.2638    35.2655    27.3598    1486.05    1485.92 0.0000e+00
        919     21.000     8.7829     8.7829   3.720076   3.720230     2.6342      98.49     0.0423 5.5540e-02 -9.990e-29     38.258  42.293105    6.14310    35.2641    35.2657    27.3602    1486.06    1485.93 0.0000e+00
        946     22.000     8.7830     8.7830   3.720134   3.720294     2.6340      98.26     0.0448 5.1796e-02 -9.990e-29     39.376  42.293118    6.15259    35.2641    35.2658    27.3602    1486.08    1485.93 0.0000e+00
        967     23.000     8.7836     8.7837   3.720246   3.720410     2.6351      98.86     0.0429 5.1437e-02 -9.990e-29     40.243  42.293128    6.15586    35.2642    35.2658    27.3602    1486.10    1485.94 0.0000e+00
        984     24.000     8.7823     8.7821   3.720160   3.720317     2.6351      98.87     0.0413 5.1461e-02 -9.990e-29     40.965  42.293136    6.15334    35.2641    35.2660    27.3604    1486.11    1485.95 0.0000e+00
       1000     25.000     8.7816     8.7818   3.720154   3.720318     2.6350      98.86     0.0408 5.1466e-02 -9.990e-29     41.616  42.293144    6.15236    35.2643    35.2658    27.3606    1486.12    1485.95 0.0000e+00
       1015     26.000     8.7815     8.7819   3.720176   3.720365     2.6349      98.11     0.0391 5.1449e-02 -9.990e-29     42.231  42.293151    6.15060    35.2641    35.2657    27.3605    1486.14    1485.96 0.0000e+00
       1029     27.000     8.7828     8.7824   3.720324   3.720447     2.6338      98.65     0.0389 5.1476e-02 -9.990e-29     42.836  42.293158    6.14964    35.2639    35.2656    27.3601    1486.16    1485.97 0.0000e+00
       1046     28.000     8.7849     8.7858   3.720580   3.720804     2.6342      98.63     0.0375 5.1480e-02 -9.990e-29     43.553  42.293166    6.15737    35.2640    35.2655    27.3599    1486.18    1485.98 0.0000e+00
       1083     29.000     8.7870     8.7867   3.720819   3.720930     2.6356      98.71     0.0397 5.1467e-02 8.9715e-01     45.076  42.293184    6.16284    35.2640    35.2654    27.3595    1486.21    1485.98 0.0000e+00
       1134     30.000     8.7868     8.7865   3.720859   3.720975     2.6382      98.87     0.0435 5.1468e-02 1.7155e+00     47.218  42.293209    6.17106    35.2641    35.2656    27.3596    1486.22    1485.99 0.0000e+00
       1159     31.000     8.7867     8.7857   3.720880   3.720936     2.6381      93.04     0.0444 5.1473e-02 1.6660e+00     48.263  42.293221    6.16784    35.2639    35.2655    27.3595    1486.24    1486.00 0.0000e+00
       1179     32.000     8.7827     8.7832   3.720470   3.720700     2.6388      98.89     0.0419 5.1474e-02 1.9426e+00     49.063  42.293230    6.17221    35.2631    35.2651    27.3595    1486.24    1486.01 0.0000e+00
       1195     33.000     8.7827     8.7822   3.720547   3.720645     2.6388      98.87     0.0418 5.1463e-02 9.1355e-01     49.761  42.293238    6.16547    35.2634    35.2650    27.3598    1486.26    1486.01 0.0000e+00
       1211     34.000     8.7842     8.7846   3.720734   3.720942     2.6373      98.87     0.0422 5.1457e-02 -9.990e-29     50.404  42.293245    6.15434    35.2634    35.2652    27.3595    1486.28    1486.02 0.0000e+00
       1226     35.000     8.7829     8.7829   3.720641   3.720803     2.6353      93.83     0.0434 5.1514e-02 -9.990e-29     51.033  42.293253    6.15256    35.2633    35.2650    27.3596    1486.29    1486.03 0.0000e+00
       1240     36.000     8.7836     8.7843   3.720774   3.720996     2.6345      94.92     0.0443 5.1480e-02 -9.990e-29     51.643  42.293260    6.15718    35.2635    35.2651    27.3597    1486.31    1486.04 0.0000e+00
       1255     37.000     8.7853     8.7854   3.721020   3.721182     2.6345      98.90     0.0422 5.1486e-02 -9.990e-29     52.255  42.293267    6.16115    35.2639    35.2655    27.3597    1486.33    1486.05 0.0000e+00
       1270     38.000     8.7868     8.7869   3.721223   3.721382     2.6347      98.86     0.0424 5.1459e-02 -9.990e-29     52.859  42.293274    6.15824    35.2641    35.2657    27.3596    1486.36    1486.05 0.0000e+00
       1284     39.000     8.7865     8.7864   3.721239   3.721376     2.6337      98.86     0.0440 5.1466e-02 -9.990e-29     53.462  42.293281    6.14816    35.2641    35.2656    27.3597    1486.37    1486.06 0.0000e+00
       1299     40.000     8.7862     8.7863   3.721248   3.721414     2.6313      91.91     0.0425 5.1457e-02 -9.990e-29     54.065  42.293288    6.14172    35.2640    35.2656    27.3596    1486.39    1486.07 0.0000e+00
       1335     41.000     8.7860     8.7861   3.721262   3.721419     2.6314      97.63     0.0398 5.1457e-02 -9.990e-29     55.592  42.293305    6.15751    35.2638    35.2654    27.3596    1486.40    1486.08 0.0000e+00
       1377     42.000     8.7859     8.7860   3.721306   3.721468     2.6321      87.99     0.0417 5.1457e-02 -9.990e-29     57.347  42.293326    6.16317    35.2639    35.2655    27.3596    1486.42    1486.09 0.0000e+00
       1398     43.000     8.7863     8.7862   3.721391   3.721526     2.6344      98.97     0.0414 5.1450e-02 -9.990e-29     58.197  42.293336    6.17613    35.2639    35.2655    27.3596    1486.44    1486.09 0.0000e+00
       1415     44.000     8.7863     8.7867   3.721434   3.721608     2.6350      98.71     0.0416 5.1452e-02 -9.990e-29     58.917  42.293344    6.17030    35.2639    35.2654    27.3596    1486.45    1486.10 0.0000e+00
       1431     45.000     8.7848     8.7852   3.721291   3.721499     2.6349      98.19     0.0435 5.1486e-02 -9.990e-29     59.580  42.293352    6.16577    35.2634    35.2652    27.3594    1486.46    1486.11 0.0000e+00
       1446     46.000     8.7844     8.7836   3.721288   3.721349     2.6341      97.60     0.0434 5.1437e-02 -9.990e-29     60.208  42.293359    6.16139    35.2633    35.2647    27.3594    1486.48    1486.12 0.0000e+00
       1461     47.000     8.7830     8.7826   3.721172   3.721285     2.6334      96.78     0.0450 5.1472e-02 -9.990e-29     60.846  42.293366    6.15766    35.2630    35.2646    27.3594    1486.49    1486.13 0.0000e+00
       1479     48.000     8.7826     8.7825   3.721172   3.721328     2.6316      95.73     0.0444 5.1427e-02 -9.990e-29     61.576  42.293375    6.15554    35.2629    35.2646    27.3594    1486.50    1486.13 0.0000e+00
       1502     49.000     8.7829     8.7826   3.721263   3.721368     2.6313      94.55     0.0447 5.1455e-02 -9.990e-29     62.562  42.293386    6.16265    35.2631    35.2645    27.3594    1486.52    1486.14 0.0000e+00
       1533     50.000     8.7826     8.7825   3.721275   3.721410     2.6322      93.35     0.0413 5.1458e-02 -9.990e-29     63.817  42.293401    6.17169    35.2630    35.2645    27.3594    1486.54    1486.15 0.0000e+00
       1565     51.000     8.7824     8.7824   3.721304   3.721452     2.6334      92.26     0.0456 5.1476e-02 -9.990e-29     65.154  42.293416    6.16831    35.2630    35.2646    27.3595    1486.55    1486.16 0.0000e+00
       1593     52.000     8.7818     8.7823   3.721292   3.721504     2.6320      91.28     0.0476 5.1462e-02 -9.990e-29     66.348  42.293430    6.16044    35.2630    35.2648    27.3596    1486.57    1486.17 0.0000e+00
       1617     53.000     8.7736     8.7730   3.720484   3.720594     2.6310      90.39     0.0476 5.1452e-02 -9.990e-29     67.313  42.293441    6.16005    35.2622    35.2639    27.3602    1486.55    1486.17 0.0000e+00
       1635     54.000     8.7719     8.7716   3.720372   3.720488     2.6300      89.52     0.0492 5.1444e-02 -9.990e-29     68.083  42.293450    6.16061    35.2622    35.2637    27.3605    1486.56    1486.18 0.0000e+00
       1651     55.000     8.7723     8.7727   3.720473   3.720664     2.6300      88.50     0.0466 5.1457e-02 -9.990e-29     68.764  42.293458    6.16694    35.2624    35.2640    27.3606    1486.58    1486.19 0.0000e+00
       1666     56.000     8.7718     8.7716   3.720464   3.720601     2.6305      87.64     0.0462 5.1467e-02 -9.990e-29     69.394  42.293465    6.16792    35.2623    35.2640    27.3606    1486.59    1486.19 0.0000e+00
       1681     57.000     8.7736     8.7739   3.720677   3.720853     2.6304      86.70     0.0449 5.1476e-02 -9.990e-29     70.003  42.293472    6.16072    35.2623    35.2638    27.3603    1486.62    1486.20 0.0000e+00
       1696     58.000     8.7763     8.7773   3.720995   3.721215     2.6288      85.63     0.0463 5.1466e-02 1.9436e+00     70.614  42.293479    6.15274    35.2625    35.2638    27.3600    1486.64    1486.21 0.0000e+00
       1711     59.000     8.7812     8.7813   3.721530   3.721688     2.6278      84.69     0.0466 5.1476e-02 1.9438e+00     71.234  42.293487    6.15057    35.2628    35.2643    27.3595    1486.68    1486.22 0.0000e+00
       1725     60.000     8.7791     8.7800   3.721366   3.721611     2.6266      83.45     0.0470 5.1439e-02 1.9438e+00     71.853  42.293494    6.14866    35.2626    35.2643    27.3597    1486.69    1486.23 0.0000e+00
       1751     61.000     8.7745     8.7752   3.720922   3.721170     2.6260      82.15     0.0463 5.1458e-02 1.9438e+00     72.930  42.293506    6.15415    35.2620    35.2640    27.3600    1486.69    1486.23 0.0000e+00
       1814     62.000     8.7754     8.7736   3.721064   3.721048     2.6281      80.50     0.0457 5.1441e-02 1.4307e+00     75.554  42.293536    6.16947    35.2622    35.2638    27.3599    1486.71    1486.24 0.0000e+00
       1831     63.000     8.7665     8.7656   3.720170   3.720275     2.6288      80.11     0.0473 5.1454e-02 9.6292e-01     76.231  42.293544    6.16618    35.2611    35.2631    27.3605    1486.69    1486.25 0.0000e+00
       1846     64.000     8.7447     8.7440   3.718043   3.718158     2.6275      79.40     0.0461 5.1447e-02 1.1683e+00     76.880  42.293552    6.16207    35.2599    35.2618    27.3630    1486.62    1486.25 0.0000e+00
       1861     65.000     8.7423     8.7420   3.717847   3.717964     2.6270      78.58     0.0460 5.1486e-02 1.5597e+00     77.508  42.293559    6.16217    35.2597    35.2612    27.3633    1486.63    1486.26 0.0000e+00
       1876     66.000     8.7376     8.7379   3.717415   3.717593     2.6263      77.77     0.0449 5.1466e-02 1.9489e+00     78.133  42.293566    6.16007    35.2593    35.2609    27.3637    1486.63    1486.27 0.0000e+00
       1891     67.000     8.7375     8.7378   3.717447   3.717624     2.6251      76.82     0.0461 5.1447e-02 1.6878e+00     78.742  42.293573    6.15889    35.2593    35.2609    27.3637    1486.64    1486.27 0.0000e+00
       1907     68.000     8.7377     8.7374   3.717510   3.717633     2.6246      75.85     0.0474 5.1463e-02 4.2499e-01     79.418  42.293581    6.16406    35.2593    35.2609    27.3637    1486.66    1486.28 0.0000e+00
       1929     69.000     8.7370     8.7379   3.717482   3.717714     2.6252      74.60     0.0443 5.1464e-02 -9.990e-29     80.353  42.293592    6.17335    35.2592    35.2607    27.3637    1486.68    1486.28 0.0000e+00
       1955     70.000     8.7367     8.7367   3.717504   3.717652     2.6275      73.42     0.0433 5.1447e-02 -9.990e-29     81.423  42.293604    6.18493    35.2592    35.2608    27.3638    1486.69    1486.29 0.0000e+00
       1979     71.000     8.7385     8.7389   3.717708   3.717905     2.6289      71.77     0.0432 5.1474e-02 -9.990e-29     82.405  42.293616    6.18075    35.2591    35.2608    27.3634    1486.71    1486.29 0.0000e+00
       1997     72.000     8.7364     8.7373   3.717567   3.717793     2.6285      71.32     0.0474 5.1478e-02 -9.990e-29     83.173  42.293625    6.17551    35.2592    35.2607    27.3638    1486.72    1486.30 0.0000e+00
       2013     73.000     8.7393     8.7397   3.717906   3.718088     2.6277      70.58     0.0477 5.1463e-02 -9.990e-29     83.853  42.293632    6.17705    35.2595    35.2610    27.3635    1486.75    1486.31 0.0000e+00
       2029     74.000     8.7414     8.7412   3.718162   3.718294     2.6284      69.73     0.0451 5.1476e-02 -9.990e-29     84.489  42.293640    6.18244    35.2596    35.2612    27.3633    1486.77    1486.31 0.0000e+00
       2044     75.000     8.7412     8.7411   3.718196   3.718322     2.6287      68.38     0.0440 5.1481e-02 -9.990e-29     85.124  42.293647    6.18109    35.2597    35.2611    27.3634    1486.79    1486.32 0.0000e+00
       2072     76.000     8.7404     8.7401   3.718156   3.718268     2.6287      66.85     0.0449 5.1468e-02 1.9438e+00     86.295  42.293661    6.18421    35.2595    35.2610    27.3634    1486.80    1486.33 0.0000e+00
