IBTS/IBTS_CruiseNotebook/Data/CTD/sta0029.cnv
* Sea-Bird SBE 9 Data File:
* FileName = C:\Seabird\CTDData\sta0029.hex
* Software Version Seasave V 7.21f
* Temperature SN = 2491
* Conductivity SN = 2694
* Number of Bytes Per Scan = 40
* Number of Voltage Words = 5
* Number of Scans Averaged by the Deck Unit = 1
* NMEA Latitude = 60 55.62 N
* NMEA Longitude = 000 18.97 E
* NMEA UTC (Time) = Feb 13 2020 21:34:11
* NMEA baud rate = 4800
** Ship: 10 F/F "G. O. Sars"
** Station: 0029
** Echodepth: 127
** Log: 8246.6
** Wind-Dir Force: 05 19
** Air-temp (dry): 3.9
** Weather Sky:
** Sea Ice:
# nquan = 20                                
# nvalues = 118                         
# units = specified
# name 0 = scan: Scan Count
# name 1 = prDM: Pressure, Digiquartz [db]
# name 2 = t068C: Temperature [ITS-68, deg C]
# name 3 = t168C: Temperature, 2 [ITS-68, deg C]
# name 4 = c0S/m: Conductivity [S/m]
# name 5 = c1S/m: Conductivity, 2 [S/m]
# name 6 = sbeox0V: Oxygen raw, SBE 43 [V]
# name 7 = altM: Altimeter [m]
# name 8 = flC: Fluorescence, Chelsea Aqua 3 Chl Con [ug/l]
# name 9 = par: PAR/Irradiance, Biospherical/Licor
# name 10 = spar: SPAR/Surface Irradiance
# name 11 = timeS: Time, Elapsed [seconds]
# name 12 = timeJ: Julian Days
# name 13 = sbeox0ML/L: Oxygen, SBE 43 [ml/l], WS = 2
# name 14 = sal00: Salinity, Practical [PSU]
# name 15 = sal11: Salinity, Practical, 2 [PSU]
# name 16 = sigma-t00: Density [sigma-t, Kg/m^3 ]
# name 17 = svCM: Sound Velocity [Chen-Millero, m/s]
# name 18 = avgsvCM: Average Sound Velocity [Chen-Millero, m/s], minP = 1, minS = 5
# name 19 = flag: flag
# span 0 =       -436,       3330       
# span 1 =      4.000,    121.000       
# span 2 =     8.9402,     8.9512       
# span 3 =     8.9341,     8.9510       
# span 4 =   3.735925,   3.742214       
# span 5 =   3.735522,   3.742319       
# span 6 =     2.5986,     2.6323       
# span 7 =       6.02,     108.54       
# span 8 =     0.0873,     0.1060       
# span 9 = 5.1426e-02, 1.1828e+00       
# span 10 = 1.9732e-01, 1.9459e+00      
# span 11 =    -18.221,    138.700      
# span 12 =  44.898551,  44.900367      
# span 13 =    6.05602,    6.12387      
# span 14 =    35.2809,    35.2829      
# span 15 =    35.2834,    35.2847      
# span 16 =    27.3475,    27.3494      
# span 17 =    1486.40,    1488.35      
# span 18 =    1486.40,    1487.35      
# span 19 = 0.0000e+00, 0.0000e+00      
# interval = decibars: 1                
# start_time = Feb 13 2020 21:34:13 [System UTC, header]
# bad_flag = -9.990e-29
*END*
[from data line 73]
       2373     77.000     8.9485     8.9486   3.739992   3.740128     2.6127      50.02     0.0987 5.1448e-02 1.9438e+00     98.848  44.899906    6.11033    35.2822    35.2835    27.3479    1487.62    1486.99 0.0000e+00
       2396     78.000     8.9490     8.9490   3.740071   3.740202     2.6129      49.10     0.1058 5.1451e-02 1.5048e+00     99.807  44.899917    6.10426    35.2821    35.2834    27.3477    1487.63    1487.00 0.0000e+00
       2418     79.000     8.9491     8.9491   3.740131   3.740265     2.6116      48.16     0.1060 5.1473e-02 1.6640e+00    100.698  44.899927    6.09679    35.2821    35.2835    27.3477    1487.65    1487.01 0.0000e+00
       2438     80.000     8.9492     8.9491   3.740191   3.740302     2.6105      47.22     0.1038 5.1454e-02 1.9427e+00    101.559  44.899937    6.09799    35.2822    35.2834    27.3478    1487.67    1487.02 0.0000e+00
       2459     81.000     8.9491     8.9491   3.740236   3.740347     2.6103      46.25     0.0999 5.1432e-02 1.2069e+00    102.413  44.899947    6.10372    35.2823    35.2834    27.3479    1487.68    1487.02 0.0000e+00
       2480     82.000     8.9492     8.9492   3.740302   3.740417     2.6111      45.27     0.0978 5.1439e-02 1.9326e+00    103.285  44.899957    6.10956    35.2824    35.2836    27.3479    1487.70    1487.03 0.0000e+00
       2502     83.000     8.9496     8.9495   3.740365   3.740495     2.6115      44.23     0.0977 5.1469e-02 1.9732e-01    104.213  44.899968    6.10711    35.2822    35.2836    27.3477    1487.72    1487.04 0.0000e+00
       2525     84.000     8.9497     8.9497   3.740441   3.740564     2.6114      43.22     0.0971 5.1464e-02 -9.990e-29    105.149  44.899979    6.10594    35.2824    35.2837    27.3479    1487.74    1487.05 0.0000e+00
       2544     85.000     8.9499     8.9500   3.740502   3.740631     2.6107      42.26     0.0988 5.1461e-02 -9.990e-29    105.968  44.899988    6.10329    35.2823    35.2836    27.3478    1487.75    1487.06 0.0000e+00
       2561     86.000     8.9501     8.9502   3.740576   3.740704     2.6106      41.35     0.0975 5.1463e-02 -9.990e-29    106.672  44.899996    6.10211    35.2824    35.2837    27.3478    1487.77    1487.07 0.0000e+00
       2577     87.000     8.9502     8.9505   3.740637   3.740764     2.6095      40.48     0.0990 5.1463e-02 -9.990e-29    107.316  44.900004    6.09602    35.2825    35.2835    27.3479    1487.79    1487.07 0.0000e+00
       2592     88.000     8.9501     8.9501   3.740660   3.740781     2.6084      39.60     0.1009 5.1470e-02 -9.990e-29    107.939  44.900011    6.09205    35.2824    35.2836    27.3478    1487.80    1487.08 0.0000e+00
       2606     89.000     8.9494     8.9496   3.740637   3.740773     2.6071      38.56     0.0995 5.1481e-02 9.7186e-01    108.559  44.900018    6.08886    35.2823    35.2836    27.3479    1487.82    1487.09 0.0000e+00
       2629     90.000     8.9492     8.9493   3.740656   3.740786     2.6050      37.36     0.0995 5.1448e-02 1.4223e+00    109.507  44.900029    6.08435    35.2823    35.2835    27.3478    1487.83    1487.10 0.0000e+00
       2685     91.000     8.9494     8.9493   3.740697   3.740829     2.6055      35.73     0.0962 5.1455e-02 1.7852e+00    111.828  44.900056    6.10369    35.2820    35.2835    27.3476    1487.85    1487.11 0.0000e+00
       2714     92.000     8.9492     8.9493   3.740743   3.740875     2.6078      35.04     0.0949 5.1452e-02 -9.990e-29    113.061  44.900070    6.11516    35.2822    35.2835    27.3478    1487.86    1487.12 0.0000e+00
       2733     93.000     8.9491     8.9492   3.740799   3.740927     2.6095      34.29     0.0967 5.1470e-02 -9.990e-29    113.822  44.900079    6.11471    35.2824    35.2837    27.3480    1487.88    1487.12 0.0000e+00
       2749     94.000     8.9495     8.9496   3.740879   3.740995     2.6096      33.42     0.1004 5.1435e-02 -9.990e-29    114.496  44.900087    6.10861    35.2824    35.2835    27.3479    1487.90    1487.13 0.0000e+00
       2764     95.000     8.9497     8.9497   3.740938   3.741059     2.6092      32.62     0.0987 5.1454e-02 -9.990e-29    115.139  44.900094    6.10246    35.2823    35.2836    27.3478    1487.92    1487.14 0.0000e+00
       2780     96.000     8.9496     8.9496   3.740986   3.741100     2.6077      31.65     0.0977 5.1466e-02 -9.990e-29    115.772  44.900102    6.09524    35.2825    35.2836    27.3479    1487.93    1487.15 0.0000e+00
       2795     97.000     8.9494     8.9495   3.741010   3.741134     2.6062      30.62     0.0979 5.1457e-02 -9.990e-29    116.399  44.900109    6.09377    35.2824    35.2836    27.3479    1487.95    1487.16 0.0000e+00
       2809     98.000     8.9496     8.9494   3.741074   3.741175     2.6054      29.74     0.0989 5.1459e-02 -9.990e-29    117.020  44.900116    6.09626    35.2824    35.2837    27.3479    1487.97    1487.16 0.0000e+00
       2825     99.000     8.9495     8.9495   3.741111   3.741225     2.6052      28.64     0.0952 5.1444e-02 -9.990e-29    117.658  44.900123    6.09777    35.2824    35.2836    27.3479    1487.98    1487.17 0.0000e+00
       2845    100.000     8.9495     8.9495   3.741154   3.741272     2.6044      27.48     0.0967 5.1436e-02 -9.990e-29    118.511  44.900133    6.09727    35.2824    35.2836    27.3479    1488.00    1487.18 0.0000e+00
       2872    101.000     8.9497     8.9496   3.741209   3.741325     2.6044      26.25     0.0989 5.1466e-02 -9.990e-29    119.640  44.900146    6.10247    35.2823    35.2836    27.3478    1488.01    1487.19 0.0000e+00
       2903    102.000     8.9505     8.9502   3.741318   3.741420     2.6051      25.17     0.1021 5.1448e-02 9.7200e-01    120.901  44.900161    6.10387    35.2822    35.2835    27.3476    1488.03    1487.20 0.0000e+00
       2929    103.000     8.9505     8.9501   3.741359   3.741452     2.6047      24.27     0.1024 5.1469e-02 1.2748e+00    121.984  44.900173    6.10387    35.2821    35.2835    27.3475    1488.05    1487.21 0.0000e+00
       2950    104.000     8.9506     8.9508   3.741438   3.741581     2.6055      23.42     0.1021 5.1476e-02 1.9459e+00    122.857  44.900184    6.10943    35.2824    35.2837    27.3477    1488.07    1487.21 0.0000e+00
       2969    105.000     8.9508     8.9509   3.741510   3.741633     2.6057      22.51     0.1028 5.1442e-02 1.6185e+00    123.649  44.900193    6.10744    35.2825    35.2836    27.3477    1488.08    1487.22 0.0000e+00
       2988    106.000     8.9508     8.9509   3.741553   3.741678     2.6056      21.53     0.1025 5.1440e-02 6.6834e-01    124.448  44.900202    6.10542    35.2824    35.2836    27.3477    1488.10    1487.23 0.0000e+00
       3008    107.000     8.9505     8.9504   3.741564   3.741685     2.6049      20.53     0.1024 5.1459e-02 1.7091e+00    125.289  44.900212    6.10028    35.2824    35.2837    27.3477    1488.12    1487.24 0.0000e+00
       3028    108.000     8.9502     8.9503   3.741591   3.741737     2.6035      19.54     0.1055 5.1449e-02 -9.990e-29    126.127  44.900221    6.09996    35.2825    35.2839    27.3478    1488.13    1487.25 0.0000e+00
       3047    109.000     8.9501     8.9502   3.741636   3.741759     2.6036      18.56     0.1039 5.1458e-02 -9.990e-29    126.899  44.900230    6.10351    35.2826    35.2838    27.3479    1488.15    1487.26 0.0000e+00
       3063    110.000     8.9504     8.9503   3.741710   3.741815     2.6033      17.58     0.1003 5.1457e-02 -9.990e-29    127.586  44.900238    6.10270    35.2826    35.2838    27.3479    1488.17    1487.26 0.0000e+00
       3079    111.000     8.9493     8.9494   3.741650   3.741766     2.6033      16.72     0.1004 5.1454e-02 -9.990e-29    128.244  44.900246    6.10317    35.2825    35.2837    27.3481    1488.18    1487.27 0.0000e+00
       3096    112.000     8.9493     8.9493   3.741679   3.741810     2.6027      15.71     0.1011 5.1426e-02 -9.990e-29    128.942  44.900254    6.10132    35.2824    35.2837    27.3479    1488.19    1487.28 0.0000e+00
       3117    113.000     8.9496     8.9496   3.741753   3.741874     2.6024      14.53     0.1002 5.1446e-02 -9.990e-29    129.834  44.900264    6.10463    35.2824    35.2836    27.3479    1488.21    1487.29 0.0000e+00
       3145    114.000     8.9501     8.9501   3.741840   3.741969     2.6028      13.32     0.0977 5.1480e-02 -9.990e-29    130.980  44.900278    6.10757    35.2823    35.2837    27.3477    1488.23    1487.30 0.0000e+00
       3173    115.000     8.9505     8.9502   3.741904   3.742020     2.6030      12.30     0.0975 5.1455e-02 -9.990e-29    132.146  44.900291    6.10634    35.2821    35.2836    27.3475    1488.25    1487.31 0.0000e+00
       3200    116.000     8.9504     8.9503   3.741942   3.742068     2.6022      10.81     0.0990 5.1444e-02 -9.990e-29    133.280  44.900304    6.10299    35.2821    35.2835    27.3475    1488.26    1487.31 0.0000e+00
       3227    117.000     8.9502     8.9501   3.741966   3.742089     2.6020      10.07     0.1013 5.1453e-02 -9.990e-29    134.398  44.900317    6.10639    35.2821    35.2835    27.3476    1488.28    1487.32 0.0000e+00
       3249    118.000     8.9504     8.9502   3.742042   3.742148     2.6021       8.79     0.0991 5.1466e-02 -9.990e-29    135.342  44.900328    6.10786    35.2822    35.2835    27.3476    1488.30    1487.33 0.0000e+00
       3268    119.000     8.9506     8.9506   3.742106   3.742244     2.6022       8.43     0.0974 5.1474e-02 -9.990e-29    136.141  44.900337    6.10921    35.2822    35.2837    27.3476    1488.31    1487.34 0.0000e+00
       3287    120.000     8.9512     8.9510   3.742214   3.742319     2.6024       7.68     0.0977 5.1476e-02 -9.990e-29    136.898  44.900346    6.10142    35.2823    35.2836    27.3475    1488.33    1487.35 0.0000e+00
       3330    121.000     8.9506     8.9504   3.742193   3.742296     2.5986       6.02     0.0980 5.1447e-02 -9.990e-29    138.700  44.900367    6.08521    35.2822    35.2835    27.3476    1488.35    1487.35 0.0000e+00
