IBTS/IBTS_CruiseNotebook/Data/CTD/sta0007.cnv
* Sea-Bird SBE 9 Data File:
* FileName = C:\Seabird\CTDData\sta0007.hex
* Software Version Seasave V 7.21f
* Temperature SN = 2491
* Conductivity SN = 2694
* Number of Bytes Per Scan = 40
* Number of Voltage Words = 5
* Number of Scans Averaged by the Deck Unit = 1
* NMEA Latitude = 61 10.80 N
* NMEA Longitude = 001 20.55 E
* NMEA UTC (Time) = Feb 10 2020 17:08:46
* NMEA baud rate = 4800
** Ship: 10 F/F "G. O. Sars"
** Station: 0007
** Echodepth: 148.39
** Log: 7747.30
** Wind-Dir Force: 21 32
** Air-temp (dry): 5.7
** Weather Sky:
** Sea Ice:
# nquan = 20                                
# nvalues = 137                         
# units = specified
# name 0 = scan: Scan Count
# name 1 = prDM: Pressure, Digiquartz [db]
# name 2 = t068C: Temperature [ITS-68, deg C]
# name 3 = t168C: Temperature, 2 [ITS-68, deg C]
# name 4 = c0S/m: Conductivity [S/m]
# name 5 = c1S/m: Conductivity, 2 [S/m]
# name 6 = sbeox0V: Oxygen raw, SBE 43 [V]
# name 7 = altM: Altimeter [m]
# name 8 = flC: Fluorescence, Chelsea Aqua 3 Chl Con [ug/l]
# name 9 = par: PAR/Irradiance, Biospherical/Licor
# name 10 = spar: SPAR/Surface Irradiance
# name 11 = timeS: Time, Elapsed [seconds]
# name 12 = timeJ: Julian Days
# name 13 = sbeox0ML/L: Oxygen, SBE 43 [ml/l], WS = 2
# name 14 = sal00: Salinity, Practical [PSU]
# name 15 = sal11: Salinity, Practical, 2 [PSU]
# name 16 = sigma-t00: Density [sigma-t, Kg/m^3 ]
# name 17 = svCM: Sound Velocity [Chen-Millero, m/s]
# name 18 = avgsvCM: Average Sound Velocity [Chen-Millero, m/s], minP = 1, minS = 5
# name 19 = flag: flag
# span 0 =         72,       3829       
# span 1 =      3.000,    139.000       
# span 2 =     8.9568,     8.9805       
# span 3 =     8.9581,     8.9806       
# span 4 =   3.738921,   3.747406       
# span 5 =   3.739309,   3.747607       
# span 6 =     2.6257,     2.6664       
# span 7 =       8.86,      99.73       
# span 8 =     0.0615,     0.0816       
# span 9 = 5.1389e-02, 1.0592e+00       
# span 10 = 0.0000e+00, 0.0000e+00      
# span 11 =      2.953,    159.516      
# span 12 =  41.714490,  41.716302      
# span 13 =    6.17028,    6.21567      
# span 14 =    35.2983,    35.2992      
# span 15 =    35.3006,    35.3016      
# span 16 =    27.3556,    27.3595      
# span 17 =    1486.45,    1488.77      
# span 18 =    1486.45,    1487.61      
# span 19 = 0.0000e+00, 0.0000e+00      
# interval = decibars: 1                
# start_time = Feb 10 2020 17:08:49 [System UTC, header]
# bad_flag = -9.990e-29
*END*
         72      3.000     8.9568     8.9581   3.738921   3.739309     2.6604      10.27     0.0685 9.9392e-01 0.0000e+00      2.953  41.714490    6.18377    35.2983    35.3011    27.3592    1486.45    1486.45 0.0000e+00
        120      4.000     8.9582     8.9585   3.739125   3.739440     2.6609       8.86     0.0716 1.0592e+00 0.0000e+00      4.940  41.714513    6.18595    35.2986    35.3016    27.3592    1486.47    1486.45 0.0000e+00
        546      5.000     8.9588     8.9588   3.739242   3.739486     2.6608      82.01     0.0661 7.3267e-01 0.0000e+00     22.724  41.714719    6.19535    35.2987    35.3013    27.3592    1486.49    1486.46 0.0000e+00
        578      6.000     8.9591     8.9591   3.739320   3.739563     2.6630      95.03     0.0715 6.4067e-01 0.0000e+00     24.039  41.714734    6.19624    35.2988    35.3013    27.3592    1486.51    1486.47 0.0000e+00
        599      7.000     8.9586     8.9584   3.739337   3.739555     2.6630      86.64     0.0720 4.2894e-01 0.0000e+00     24.914  41.714744    6.18892    35.2990    35.3015    27.3594    1486.52    1486.48 0.0000e+00
        619      8.000     8.9591     8.9600   3.739448   3.739747     2.6609      63.87     0.0687 3.5606e-01 0.0000e+00     25.730  41.714754    6.18320    35.2992    35.3014    27.3595    1486.54    1486.48 0.0000e+00
        637      9.000     8.9650     8.9652   3.740008   3.740245     2.6618      98.67     0.0666 2.5861e-01 0.0000e+00     26.493  41.714763    6.18716    35.2987    35.3010    27.3582    1486.58    1486.49 0.0000e+00
        666     10.000     8.9646     8.9650   3.740019   3.740278     2.6594      81.68     0.0688 2.0831e-01 0.0000e+00     27.698  41.714777    6.18099    35.2987    35.3011    27.3583    1486.59    1486.50 0.0000e+00
        714     11.000     8.9648     8.9650   3.740091   3.740324     2.6611      93.23     0.0715 2.2286e-01 0.0000e+00     29.712  41.714800    6.20460    35.2988    35.3011    27.3583    1486.61    1486.51 0.0000e+00
        735     12.000     8.9645     8.9646   3.740101   3.740357     2.6634      98.95     0.0699 1.7610e-01 0.0000e+00     30.597  41.714810    6.20302    35.2987    35.3013    27.3583    1486.63    1486.52 0.0000e+00
        754     13.000     8.9628     8.9632   3.739994   3.740258     2.6631      78.34     0.0702 1.5502e-01 0.0000e+00     31.392  41.714819    6.19918    35.2988    35.3012    27.3586    1486.64    1486.53 0.0000e+00
        773     14.000     8.9605     8.9602   3.739826   3.740038     2.6642      77.46     0.0717 1.2881e-01 0.0000e+00     32.168  41.714828    6.20775    35.2989    35.3014    27.3590    1486.64    1486.54 0.0000e+00
        792     15.000     8.9632     8.9642   3.740138   3.740435     2.6644      98.51     0.0713 1.0371e-01 0.0000e+00     32.945  41.714837    6.19608    35.2990    35.3011    27.3587    1486.67    1486.55 0.0000e+00
        819     16.000     8.9634     8.9635   3.740189   3.740409     2.6610      86.45     0.0693 9.2106e-02 0.0000e+00     34.070  41.714850    6.18416    35.2988    35.3010    27.3585    1486.69    1486.56 0.0000e+00
        885     17.000     8.9636     8.9637   3.740255   3.740466     2.6640      88.91     0.0691 7.8545e-02 0.0000e+00     36.831  41.714882    6.21322    35.2988    35.3010    27.3585    1486.70    1486.57 0.0000e+00
        948     18.000     8.9661     8.9658   3.740539   3.740721     2.6664      82.82     0.0678 6.4457e-02 0.0000e+00     39.467  41.714913    6.20631    35.2989    35.3011    27.3581    1486.73    1486.58 0.0000e+00
        969     19.000     8.9673     8.9653   3.740697   3.740725     2.6663      85.15     0.0699 5.7272e-02 0.0000e+00     40.328  41.714923    6.20697    35.2988    35.3011    27.3579    1486.75    1486.58 0.0000e+00
        986     20.000     8.9676     8.9676   3.740776   3.740991     2.6646      71.74     0.0703 5.1389e-02 0.0000e+00     41.046  41.714931    6.20248    35.2989    35.3012    27.3579    1486.77    1486.59 0.0000e+00
       1002     21.000     8.9668     8.9662   3.740738   3.740909     2.6648      98.99     0.0708 5.1457e-02 0.0000e+00     41.712  41.714939    6.20433    35.2988    35.3012    27.3580    1486.78    1486.60 0.0000e+00
       1018     22.000     8.9666     8.9670   3.740780   3.741001     2.6635      98.87     0.0694 5.1436e-02 0.0000e+00     42.356  41.714946    6.19453    35.2990    35.3009    27.3581    1486.80    1486.61 0.0000e+00
       1033     23.000     8.9687     8.9687   3.741024   3.741230     2.6621      98.86     0.0697 5.1437e-02 0.0000e+00     42.993  41.714954    6.18492    35.2990    35.3011    27.3578    1486.82    1486.62 0.0000e+00
       1048     24.000     8.9678     8.9680   3.740977   3.741209     2.6586      59.65     0.0685 5.1428e-02 0.0000e+00     43.621  41.714961    6.18509    35.2989    35.3011    27.3579    1486.84    1486.63 0.0000e+00
       1063     25.000     8.9667     8.9671   3.740939   3.741155     2.6598      84.15     0.0699 5.1447e-02 0.0000e+00     44.245  41.714968    6.20301    35.2991    35.3010    27.3582    1486.85    1486.64 0.0000e+00
       1078     26.000     8.9672     8.9672   3.741023   3.741218     2.6608      99.05     0.0681 5.1439e-02 0.0000e+00     44.862  41.714975    6.20807    35.2990    35.3010    27.3581    1486.87    1486.65 0.0000e+00
       1092     27.000     8.9681     8.9681   3.741136   3.741346     2.6612      98.86     0.0680 5.1437e-02 0.0000e+00     45.468  41.714982    6.20404    35.2988    35.3010    27.3578    1486.89    1486.66 0.0000e+00
       1107     28.000     8.9688     8.9689   3.741264   3.741468     2.6618      98.86     0.0700 5.1428e-02 0.0000e+00     46.070  41.714989    6.19802    35.2990    35.3010    27.3578    1486.90    1486.66 0.0000e+00
       1121     29.000     8.9694     8.9696   3.741359   3.741577     2.6588      42.34     0.0675 5.1438e-02 0.0000e+00     46.680  41.714996    6.19310    35.2989    35.3010    27.3576    1486.92    1486.67 0.0000e+00
       1137     30.000     8.9696     8.9696   3.741429   3.741635     2.6603      86.48     0.0676 5.1469e-02 0.0000e+00     47.333  41.715004    6.20306    35.2990    35.3011    27.3576    1486.94    1486.68 0.0000e+00
       1156     31.000     8.9695     8.9695   3.741466   3.741672     2.6595      98.36     0.0732 5.1452e-02 0.0000e+00     48.113  41.715013    6.19476    35.2990    35.3011    27.3577    1486.96    1486.69 0.0000e+00
       1238     32.000     8.9698     8.9698   3.741527   3.741742     2.6612      98.95     0.0754 5.1455e-02 0.0000e+00     51.531  41.715052    6.20338    35.2988    35.3011    27.3575    1486.97    1486.70 0.0000e+00
       1300     33.000     8.9701     8.9702   3.741625   3.741824     2.6617      94.69     0.0721 5.1418e-02 0.0000e+00     54.141  41.715083    6.19225    35.2991    35.3011    27.3577    1486.99    1486.71 0.0000e+00
       1316     34.000     8.9702     8.9704   3.741686   3.741880     2.6580      84.85     0.0688 5.1437e-02 0.0000e+00     54.791  41.715090    6.18576    35.2991    35.3010    27.3577    1487.01    1486.72 0.0000e+00
       1332     35.000     8.9705     8.9707   3.741743   3.741953     2.6582      69.70     0.0670 5.1427e-02 0.0000e+00     55.441  41.715098    6.19936    35.2990    35.3010    27.3575    1487.03    1486.73 0.0000e+00
       1347     36.000     8.9707     8.9707   3.741806   3.742018     2.6580      66.08     0.0680 5.1428e-02 0.0000e+00     56.078  41.715105    6.20479    35.2989    35.3012    27.3574    1487.04    1486.74 0.0000e+00
       1362     37.000     8.9707     8.9708   3.741858   3.742063     2.6596      98.72     0.0686 5.1428e-02 0.0000e+00     56.706  41.715112    6.20657    35.2990    35.3011    27.3575    1487.06    1486.74 0.0000e+00
       1377     38.000     8.9708     8.9710   3.741924   3.742116     2.6584      85.67     0.0705 5.1439e-02 0.0000e+00     57.316  41.715119    6.19602    35.2991    35.3009    27.3576    1487.08    1486.75 0.0000e+00
       1391     39.000     8.9709     8.9710   3.741976   3.742181     2.6577      86.71     0.0700 5.1437e-02 0.0000e+00     57.924  41.715126    6.18971    35.2991    35.3011    27.3575    1487.09    1486.76 0.0000e+00
       1406     40.000     8.9711     8.9711   3.742029   3.742234     2.6554      52.80     0.0674 5.1449e-02 0.0000e+00     58.529  41.715134    6.19088    35.2990    35.3011    27.3574    1487.11    1486.77 0.0000e+00
       1420     41.000     8.9711     8.9712   3.742084   3.742289     2.6556      65.05     0.0661 5.1447e-02 0.0000e+00     59.134  41.715140    6.19798    35.2991    35.3011    27.3575    1487.13    1486.78 0.0000e+00
       1435     42.000     8.9713     8.9714   3.742151   3.742347     2.6567      99.05     0.0670 5.1470e-02 0.0000e+00     59.733  41.715147    6.19764    35.2991    35.3010    27.3575    1487.14    1486.79 0.0000e+00
       1449     43.000     8.9714     8.9715   3.742205   3.742414     2.6543      89.15     0.0667 5.1437e-02 0.0000e+00     60.337  41.715154    6.19006    35.2991    35.3012    27.3574    1487.16    1486.80 0.0000e+00
       1464     44.000     8.9716     8.9717   3.742257   3.742472     2.6546      84.76     0.0710 5.1418e-02 0.0000e+00     60.940  41.715161    6.20347    35.2989    35.3011    27.3573    1487.18    1486.81 0.0000e+00
       1528     45.000     8.9717     8.9717   3.742319   3.742517     2.6580      99.33     0.0726 5.1447e-02 0.0000e+00     63.636  41.715192    6.21567    35.2990    35.3011    27.3573    1487.19    1486.81 0.0000e+00
       1574     46.000     8.9719     8.9719   3.742380   3.742582     2.6589      98.86     0.0690 5.1442e-02 0.0000e+00     65.540  41.715215    6.20806    35.2990    35.3011    27.3573    1487.21    1486.82 0.0000e+00
       1590     47.000     8.9721     8.9722   3.742450   3.742648     2.6578      83.69     0.0694 5.1418e-02 0.0000e+00     66.218  41.715222    6.19966    35.2990    35.3010    27.3573    1487.23    1486.83 0.0000e+00
       1606     48.000     8.9720     8.9722   3.742492   3.742689     2.6559      33.41     0.0671 5.1456e-02 0.0000e+00     66.870  41.715230    6.20276    35.2991    35.3009    27.3573    1487.25    1486.84 0.0000e+00
       1621     49.000     8.9721     8.9721   3.742544   3.742732     2.6582      99.73     0.0651 5.1447e-02 0.0000e+00     67.507  41.715237    6.20710    35.2990    35.3010    27.3573    1487.26    1486.85 0.0000e+00
       1637     50.000     8.9721     8.9722   3.742585   3.742783     2.6557      92.40     0.0615 5.1427e-02 0.0000e+00     68.148  41.715245    6.18352    35.2990    35.3010    27.3573    1487.28    1486.86 0.0000e+00
       1652     51.000     8.9721     8.9722   3.742631   3.742838     2.6511      23.78     0.0615 5.1437e-02 0.0000e+00     68.784  41.715252    6.18143    35.2990    35.3011    27.3573    1487.30    1486.87 0.0000e+00
       1667     52.000     8.9723     8.9725   3.742699   3.742895     2.6531      95.76     0.0658 5.1437e-02 0.0000e+00     69.414  41.715259    6.19990    35.2990    35.3009    27.3573    1487.31    1486.87 0.0000e+00
       1682     53.000     8.9725     8.9726   3.742758   3.742960     2.6529      96.73     0.0699 5.1428e-02 0.0000e+00     70.029  41.715267    6.19041    35.2990    35.3010    27.3572    1487.33    1486.88 0.0000e+00
       1696     54.000     8.9727     8.9728   3.742830   3.743019     2.6502      34.73     0.0710 5.1428e-02 0.0000e+00     70.628  41.715273    6.18462    35.2990    35.3009    27.3572    1487.35    1486.89 0.0000e+00
       1711     55.000     8.9728     8.9730   3.742880   3.743084     2.6508      71.38     0.0736 5.1418e-02 0.0000e+00     71.230  41.715281    6.19434    35.2990    35.3009    27.3572    1487.36    1486.90 0.0000e+00
       1725     56.000     8.9729     8.9730   3.742935   3.743127     2.6507      92.98     0.0736 5.1428e-02 0.0000e+00     71.840  41.715287    6.19643    35.2990    35.3009    27.3571    1487.38    1486.91 0.0000e+00
       1740     57.000     8.9724     8.9725   3.742942   3.743132     2.6507      92.79     0.0718 5.1437e-02 0.0000e+00     72.445  41.715295    6.19483    35.2991    35.3010    27.3573    1487.39    1486.92 0.0000e+00
       1754     58.000     8.9730     8.9730   3.743037   3.743233     2.6509      98.84     0.0680 5.1449e-02 0.0000e+00     73.057  41.715302    6.19181    35.2990    35.3011    27.3571    1487.41    1486.93 0.0000e+00
       1769     59.000     8.9730     8.9733   3.743081   3.743295     2.6495      97.75     0.0682 5.1437e-02 0.0000e+00     73.664  41.715309    6.18616    35.2990    35.3009    27.3571    1487.43    1486.93 0.0000e+00
       1783     60.000     8.9732     8.9734   3.743154   3.743349     2.6484      88.08     0.0694 5.1439e-02 0.0000e+00     74.270  41.715316    6.18924    35.2991    35.3009    27.3572    1487.45    1486.94 0.0000e+00
       1798     61.000     8.9736     8.9736   3.743221   3.743420     2.6491      87.57     0.0685 5.1447e-02 0.0000e+00     74.882  41.715323    6.19608    35.2989    35.3010    27.3570    1487.46    1486.95 0.0000e+00
       1821     62.000     8.9736     8.9735   3.743275   3.743451     2.6491      86.45     0.0677 5.1436e-02 0.0000e+00     75.827  41.715334    6.19638    35.2990    35.3009    27.3570    1487.48    1486.96 0.0000e+00
       1852     63.000     8.9735     8.9735   3.743308   3.743509     2.6497      85.15     0.0719 5.1452e-02 0.0000e+00     77.119  41.715349    6.19912    35.2990    35.3011    27.3570    1487.50    1486.97 0.0000e+00
       1870     64.000     8.9736     8.9737   3.743369   3.743570     2.6496      84.18     0.0756 5.1470e-02 0.0000e+00     77.892  41.715357    6.19479    35.2990    35.3010    27.3570    1487.51    1486.98 0.0000e+00
       1887     65.000     8.9737     8.9739   3.743424   3.743629     2.6490      83.63     0.0771 5.1436e-02 0.0000e+00     78.572  41.715365    6.18934    35.2990    35.3010    27.3570    1487.53    1486.99 0.0000e+00
       1913     66.000     8.9737     8.9738   3.743447   3.743655     2.6476      82.51     0.0723 5.1432e-02 0.0000e+00     79.678  41.715378    6.19286    35.2988    35.3009    27.3568    1487.55    1486.99 0.0000e+00
       1958     67.000     8.9739     8.9739   3.743528   3.743719     2.6488      81.13     0.0753 5.1442e-02 0.0000e+00     81.558  41.715400    6.20254    35.2989    35.3010    27.3569    1487.56    1487.00 0.0000e+00
       1987     68.000     8.9742     8.9742   3.743607   3.743798     2.6497      80.34     0.0742 5.1430e-02 0.0000e+00     82.744  41.715414    6.20310    35.2990    35.3010    27.3569    1487.58    1487.01 0.0000e+00
       2007     69.000     8.9741     8.9742   3.743645   3.743808     2.6497      79.56     0.0757 5.1442e-02 0.0000e+00     83.577  41.715423    6.20218    35.2990    35.3006    27.3570    1487.60    1487.02 0.0000e+00
       2024     70.000     8.9743     8.9744   3.743706   3.743908     2.6497      78.72     0.0759 5.1445e-02 0.0000e+00     84.271  41.715432    6.19815    35.2990    35.3010    27.3569    1487.62    1487.03 0.0000e+00
       2039     71.000     8.9744     8.9744   3.743763   3.743952     2.6487      77.91     0.0744 5.1428e-02 0.0000e+00     84.907  41.715439    6.18789    35.2990    35.3010    27.3569    1487.63    1487.04 0.0000e+00
       2054     72.000     8.9744     8.9744   3.743812   3.743995     2.6464      76.97     0.0722 5.1447e-02 0.0000e+00     85.533  41.715446    6.17710    35.2990    35.3010    27.3569    1487.65    1487.04 0.0000e+00
       2069     73.000     8.9735     8.9734   3.743762   3.743951     2.6439      76.00     0.0700 5.1437e-02 0.0000e+00     86.160  41.715453    6.17333    35.2989    35.3010    27.3570    1487.66    1487.05 0.0000e+00
       2084     74.000     8.9737     8.9738   3.743833   3.744034     2.6427      75.17     0.0716 5.1466e-02 0.0000e+00     86.781  41.715460    6.17496    35.2990    35.3010    27.3570    1487.68    1487.06 0.0000e+00
