IBTS/IBTS_CruiseNotebook/Data/CTD/sta0021.cnv
* Sea-Bird SBE 9 Data File:
* FileName = C:\Seabird\CTDData\sta0021.hex
* Software Version Seasave V 7.21f
* Temperature SN = 2491
* Conductivity SN = 2694
* Number of Bytes Per Scan = 40
* Number of Voltage Words = 5
* Number of Scans Averaged by the Deck Unit = 1
* NMEA Latitude = 61 41.33 N
* NMEA Longitude = 000 38.67 E
* NMEA UTC (Time) = Feb 12 2020 11:42:56
* NMEA baud rate = 4800
** Ship: 10 F/F "G. O. Sars"
** Station: 0021
** Echodepth: 212.83
** Log: 8010.8
** Wind-Dir Force: 30 35
** Air-temp (dry): 2.8
** Weather Sky:
** Sea Ice:
# nquan = 20                                
# nvalues = 194                         
# units = specified
# name 0 = scan: Scan Count
# name 1 = prDM: Pressure, Digiquartz [db]
# name 2 = t068C: Temperature [ITS-68, deg C]
# name 3 = t168C: Temperature, 2 [ITS-68, deg C]
# name 4 = c0S/m: Conductivity [S/m]
# name 5 = c1S/m: Conductivity, 2 [S/m]
# name 6 = sbeox0V: Oxygen raw, SBE 43 [V]
# name 7 = altM: Altimeter [m]
# name 8 = flC: Fluorescence, Chelsea Aqua 3 Chl Con [ug/l]
# name 9 = par: PAR/Irradiance, Biospherical/Licor
# name 10 = spar: SPAR/Surface Irradiance
# name 11 = timeS: Time, Elapsed [seconds]
# name 12 = timeJ: Julian Days
# name 13 = sbeox0ML/L: Oxygen, SBE 43 [ml/l], WS = 2
# name 14 = sal00: Salinity, Practical [PSU]
# name 15 = sal11: Salinity, Practical, 2 [PSU]
# name 16 = sigma-t00: Density [sigma-t, Kg/m^3 ]
# name 17 = svCM: Sound Velocity [Chen-Millero, m/s]
# name 18 = avgsvCM: Average Sound Velocity [Chen-Millero, m/s], minP = 1, minS = 5
# name 19 = flag: flag
# span 0 =        -76,       5527       
# span 1 =      9.000,    202.000       
# span 2 =     8.9315,     8.9590       
# span 3 =     8.9310,     8.9591       
# span 4 =   3.735220,   3.746331       
# span 5 =   3.735319,   3.746460       
# span 6 =     2.5812,     2.6447       
# span 7 =      -1.16,      99.41       
# span 8 =     0.0383,     0.0594       
# span 9 = 5.1442e-02, 3.2921e+01       
# span 10 = 4.8763e+02, 7.8439e+02      
# span 11 =     -3.229,    230.257      
# span 12 =  43.488134,  43.490836      
# span 13 =    6.09571,    6.15413      
# span 14 =    35.2766,    35.2821      
# span 15 =    35.2780,    35.2834      
# span 16 =    27.3437,    27.3491      
# span 17 =    1486.47,    1489.70      
# span 18 =    1486.47,    1488.02      
# span 19 = 0.0000e+00, 0.0000e+00      
# interval = decibars: 1                
# start_time = Feb 12 2020 11:42:58 [System UTC, header]
# bad_flag = -9.990e-29
*END*
[from data line 73]
       2671     82.000     8.9485     8.9476   3.739973   3.740019     2.6245      98.86     0.0512 2.6631e+00 6.0076e+02    111.246  43.489459    6.14244    35.2796    35.2810    27.3459    1487.69    1487.03 0.0000e+00
       2722     83.000     8.9481     8.9478   3.739969   3.740071     2.6264      98.86     0.0526 2.6148e+00 5.7457e+02    113.371  43.489483    6.15207    35.2795    35.2809    27.3458    1487.71    1487.04 0.0000e+00
       2737     84.000     8.9473     8.9474   3.739919   3.740066     2.6260      98.86     0.0504 2.4914e+00 5.5280e+02    113.986  43.489491    6.14780    35.2793    35.2807    27.3458    1487.72    1487.05 0.0000e+00
       2752     85.000     8.9473     8.9473   3.739962   3.740094     2.6256      98.86     0.0513 2.3735e+00 5.5541e+02    114.630  43.489498    6.14375    35.2792    35.2806    27.3458    1487.74    1487.06 0.0000e+00
       2768     86.000     8.9472     8.9472   3.739993   3.740107     2.6245      98.86     0.0503 2.2542e+00 5.5375e+02    115.288  43.489506    6.13813    35.2792    35.2804    27.3458    1487.75    1487.07 0.0000e+00
       2783     87.000     8.9469     8.9471   3.740005   3.740151     2.6232      98.86     0.0496 2.1397e+00 5.7391e+02    115.936  43.489513    6.13368    35.2791    35.2805    27.3458    1487.77    1487.07 0.0000e+00
       2799     88.000     8.9471     8.9478   3.740078   3.740260     2.6219      98.86     0.0480 2.0451e+00 6.0985e+02    116.563  43.489521    6.12923    35.2792    35.2804    27.3458    1487.79    1487.08 0.0000e+00
       2813     89.000     8.9484     8.9483   3.740257   3.740370     2.6201      98.86     0.0461 1.9686e+00 5.2510e+02    117.166  43.489527    6.12625    35.2793    35.2806    27.3457    1487.81    1487.09 0.0000e+00
       2827     90.000     8.9484     8.9484   3.740312   3.740435     2.6192      98.86     0.0459 1.9028e+00 6.5473e+02    117.765  43.489534    6.12707    35.2794    35.2807    27.3458    1487.83    1487.10 0.0000e+00
       2842     91.000     8.9484     8.9479   3.740357   3.740417     2.6183      98.87     0.0465 1.8442e+00 5.5716e+02    118.358  43.489541    6.12844    35.2794    35.2806    27.3458    1487.84    1487.11 0.0000e+00
       2856     92.000     8.9482     8.9482   3.740371   3.740498     2.6179      98.86     0.0433 1.7826e+00 6.5642e+02    118.968  43.489548    6.13102    35.2793    35.2806    27.3457    1487.86    1487.12 0.0000e+00
       2883     93.000     8.9477     8.9473   3.740346   3.740436     2.6176      98.86     0.0453 1.7583e+00 6.0938e+02    120.094  43.489561    6.12950    35.2790    35.2804    27.3456    1487.87    1487.12 0.0000e+00
       2914     94.000     8.9473     8.9475   3.740376   3.740514     2.6165      98.86     0.0469 1.7197e+00 6.1576e+02    121.371  43.489576    6.12975    35.2793    35.2805    27.3458    1487.89    1487.13 0.0000e+00
       2935     95.000     8.9482     8.9482   3.740505   3.740633     2.6169      98.87     0.0478 1.6465e+00 6.3010e+02    122.248  43.489586    6.13147    35.2793    35.2806    27.3457    1487.91    1487.14 0.0000e+00
       2955     96.000     8.9478     8.9466   3.740494   3.740503     2.6161      98.86     0.0469 1.5746e+00 6.2759e+02    123.065  43.489596    6.12616    35.2791    35.2804    27.3456    1487.92    1487.15 0.0000e+00
       2975     97.000     8.9488     8.9488   3.740661   3.740789     2.6155      98.86     0.0497 1.5098e+00 6.2415e+02    123.916  43.489606    6.13094    35.2793    35.2807    27.3456    1487.94    1487.16 0.0000e+00
       2995     98.000     8.9477     8.9475   3.740569   3.740703     2.6165      98.86     0.0500 1.4484e+00 6.2805e+02    124.758  43.489615    6.13908    35.2790    35.2806    27.3455    1487.95    1487.16 0.0000e+00
       3014     99.000     8.9467     8.9467   3.740512   3.740637     2.6171      98.86     0.0471 1.3859e+00 6.3182e+02    125.548  43.489624    6.13876    35.2789    35.2802    27.3456    1487.97    1487.17 0.0000e+00
       3032    100.000     8.9479     8.9478   3.740688   3.740818     2.6173      98.86     0.0470 1.3280e+00 6.1249e+02    126.287  43.489633    6.13271    35.2791    35.2806    27.3456    1487.99    1487.18 0.0000e+00
       3048    101.000     8.9476     8.9477   3.740708   3.740827     2.6159      98.86     0.0478 1.2741e+00 6.4449e+02    126.944  43.489641    6.12636    35.2791    35.2803    27.3456    1488.00    1487.19 0.0000e+00
       3063    102.000     8.9474     8.9480   3.740710   3.740920     2.6152      98.86     0.0540 1.2248e+00 6.1007e+02    127.567  43.489648    6.12681    35.2789    35.2805    27.3455    1488.02    1487.20 0.0000e+00
       3078    103.000     8.9516     8.9519   3.741264   3.741424     2.6143      98.87     0.0544 1.1690e+00 6.2283e+02    128.199  43.489655    6.12688    35.2800    35.2814    27.3457    1488.05    1487.20 0.0000e+00
       3096    104.000     8.9511     8.9508   3.741239   3.741331     2.6142      98.86     0.0540 1.1308e+00 6.2665e+02    128.941  43.489664    6.12720    35.2798    35.2811    27.3456    1488.07    1487.21 0.0000e+00
       3127    105.000     8.9503     8.9502   3.741188   3.741314     2.6127      98.85     0.0502 1.0989e+00 6.0768e+02    130.256  43.489679    6.12654    35.2796    35.2810    27.3456    1488.08    1487.22 0.0000e+00
       3167    106.000     8.9489     8.9486   3.741037   3.741161     2.6145      98.84     0.0450 1.0772e+00 6.1584e+02    131.929  43.489698    6.14527    35.2789    35.2805    27.3453    1488.09    1487.23 0.0000e+00
       3190    107.000     8.9486     8.9483   3.741055   3.741163     2.6167      98.59     0.0484 1.0494e+00 6.0678e+02    132.856  43.489709    6.15121    35.2789    35.2803    27.3453    1488.11    1487.24 0.0000e+00
       3207    108.000     8.9487     8.9486   3.741119   3.741244     2.6179      98.87     0.0512 1.0104e+00 6.2024e+02    133.572  43.489717    6.14402    35.2790    35.2804    27.3454    1488.12    1487.25 0.0000e+00
       3222    109.000     8.9484     8.9484   3.741146   3.741273     2.6166      98.86     0.0518 9.6838e-01 5.9659e+02    134.222  43.489725    6.13089    35.2791    35.2804    27.3455    1488.14    1487.25 0.0000e+00
       3237    110.000     8.9479     8.9483   3.741142   3.741314     2.6148      98.87     0.0499 9.2621e-01 6.3340e+02    134.847  43.489732    6.12576    35.2791    35.2805    27.3456    1488.15    1487.26 0.0000e+00
       3252    111.000     8.9482     8.9477   3.741201   3.741286     2.6134      94.73     0.0459 8.9270e-01 5.8095e+02    135.464  43.489739    6.12936    35.2789    35.2803    27.3454    1488.17    1487.27 0.0000e+00
       3267    112.000     8.9471     8.9470   3.741132   3.741257     2.6136      96.96     0.0512 8.6295e-01 6.3806e+02    136.072  43.489746    6.13449    35.2788    35.2802    27.3455    1488.18    1487.28 0.0000e+00
       3282    113.000     8.9471     8.9472   3.741185   3.741329     2.6132      98.73     0.0499 8.3273e-01 5.7124e+02    136.722  43.489754    6.13276    35.2789    35.2803    27.3455    1488.20    1487.29 0.0000e+00
       3306    114.000     8.9491     8.9487   3.741444   3.741523     2.6123      98.63     0.0463 8.0318e-01 5.9923e+02    137.691  43.489765    6.12971    35.2791    35.2804    27.3454    1488.22    1487.29 0.0000e+00
       3329    115.000     8.9491     8.9488   3.741492   3.741588     2.6119      97.85     0.0456 7.7587e-01 6.2621e+02    138.661  43.489776    6.13322    35.2792    35.2805    27.3454    1488.24    1487.30 0.0000e+00
       3349    116.000     8.9485     8.9485   3.741455   3.741589     2.6120      97.28     0.0491 7.4189e-01 6.4334e+02    139.481  43.489786    6.13324    35.2789    35.2803    27.3453    1488.25    1487.31 0.0000e+00
       3369    117.000     8.9487     8.9488   3.741538   3.741669     2.6114      96.25     0.0488 7.0893e-01 6.0335e+02    140.336  43.489796    6.13088    35.2791    35.2804    27.3454    1488.27    1487.32 0.0000e+00
       3400    118.000     8.9483     8.9487   3.741483   3.741687     2.6117      95.08     0.0476 6.7619e-01 6.2666e+02    141.631  43.489811    6.13848    35.2784    35.2802    27.3450    1488.28    1487.33 0.0000e+00
       3438    119.000     8.9474     8.9475   3.741416   3.741588     2.6124      94.19     0.0514 6.4571e-01 6.4223e+02    143.209  43.489829    6.14005    35.2781    35.2798    27.3449    1488.30    1487.34 0.0000e+00
       3459    120.000     8.9479     8.9481   3.741539   3.741687     2.6130      93.17     0.0494 6.2054e-01 6.3744e+02    144.104  43.489839    6.14233    35.2785    35.2798    27.3451    1488.32    1487.34 0.0000e+00
       3476    121.000     8.9484     8.9480   3.741644   3.741721     2.6129      89.59     0.0465 5.9787e-01 6.3699e+02    144.784  43.489847    6.13797    35.2786    35.2798    27.3451    1488.33    1487.35 0.0000e+00
       3491    122.000     8.9483     8.9483   3.741679   3.741796     2.6121      90.19     0.0443 5.7573e-01 6.4250e+02    145.420  43.489854    6.13368    35.2786    35.2798    27.3451    1488.35    1487.36 0.0000e+00
       3506    123.000     8.9477     8.9477   3.741649   3.741769     2.6113      89.98     0.0423 5.5366e-01 6.3828e+02    146.035  43.489862    6.13407    35.2784    35.2796    27.3450    1488.36    1487.37 0.0000e+00
       3521    124.000     8.9464     8.9468   3.741555   3.741740     2.6108      89.21     0.0419 5.3098e-01 6.5521e+02    146.650  43.489869    6.13498    35.2782    35.2797    27.3451    1488.38    1487.38 0.0000e+00
       3539    125.000     8.9472     8.9472   3.741687   3.741810     2.6106      94.02     0.0410 5.1461e-01 6.5964e+02    147.420  43.489878    6.12943    35.2783    35.2796    27.3451    1488.40    1487.38 0.0000e+00
       3564    126.000     8.9465     8.9463   3.741658   3.741765     2.6082      87.10     0.0444 5.0467e-01 6.5929e+02    148.447  43.489889    6.12356    35.2782    35.2795    27.3451    1488.41    1487.39 0.0000e+00
       3586    127.000     8.9465     8.9469   3.741700   3.741871     2.6073      86.06     0.0441 4.8934e-01 6.6366e+02    149.357  43.489900    6.12622    35.2782    35.2796    27.3451    1488.43    1487.40 0.0000e+00
       3604    128.000     8.9488     8.9493   3.742034   3.742189     2.6069      85.27     0.0441 4.7242e-01 6.0443e+02    150.138  43.489909    6.12787    35.2789    35.2801    27.3453    1488.45    1487.41 0.0000e+00
       3622    129.000     8.9499     8.9501   3.742197   3.742331     2.6071      84.54     0.0426 4.5146e-01 6.9544e+02    150.870  43.489917    6.12660    35.2791    35.2803    27.3452    1488.47    1487.42 0.0000e+00
       3640    130.000     8.9512     8.9509   3.742374   3.742471     2.6058      83.51     0.0449 4.3552e-01 5.5463e+02    151.626  43.489926    6.12033    35.2792    35.2805    27.3451    1488.49    1487.43 0.0000e+00
       3662    131.000     8.9516     8.9517   3.742465   3.742607     2.6048      82.40     0.0456 4.2515e-01 6.8012e+02    152.538  43.489937    6.12191    35.2793    35.2806    27.3451    1488.51    1487.43 0.0000e+00
       3689    132.000     8.9516     8.9516   3.742507   3.742648     2.6046      81.23     0.0459 4.1234e-01 6.3507e+02    153.663  43.489950    6.12337    35.2792    35.2807    27.3451    1488.53    1487.44 0.0000e+00
       3715    133.000     8.9530     8.9536   3.742686   3.742914     2.6041      80.37     0.0486 3.9580e-01 6.4857e+02    154.735  43.489962    6.12465    35.2792    35.2810    27.3449    1488.55    1487.45 0.0000e+00
       3735    134.000     8.9492     8.9504   3.742300   3.742593     2.6045      79.41     0.0489 3.8172e-01 6.4998e+02    155.587  43.489972    6.12321    35.2785    35.2804    27.3449    1488.55    1487.46 0.0000e+00
       3753    135.000     8.9479     8.9476   3.742183   3.742313     2.6029      78.50     0.0487 3.6454e-01 6.3495e+02    156.350  43.489981    6.11547    35.2781    35.2797    27.3448    1488.56    1487.47 0.0000e+00
       3771    136.000     8.9479     8.9478   3.742248   3.742363     2.6023      77.56     0.0470 3.5229e-01 6.3268e+02    157.086  43.489989    6.11761    35.2783    35.2796    27.3449    1488.58    1487.48 0.0000e+00
       3789    137.000     8.9487     8.9489   3.742372   3.742536     2.6017      76.72     0.0472 3.3416e-01 6.4604e+02    157.827  43.489998    6.11706    35.2783    35.2798    27.3448    1488.60    1487.48 0.0000e+00
       3807    138.000     8.9489     8.9491   3.742457   3.742610     2.6012      75.67     0.0475 3.2557e-01 6.6823e+02    158.596  43.490007    6.11610    35.2785    35.2799    27.3450    1488.62    1487.49 0.0000e+00
       3825    139.000     8.9496     8.9498   3.742580   3.742734     2.6004      74.65     0.0469 3.1494e-01 5.8768e+02    159.350  43.490016    6.11073    35.2786    35.2800    27.3449    1488.64    1487.50 0.0000e+00
       3843    140.000     8.9505     8.9503   3.742724   3.742836     2.5989      73.67     0.0478 3.0222e-01 7.0008e+02    160.093  43.490024    6.10811    35.2788    35.2801    27.3449    1488.66    1487.51 0.0000e+00
       3862    141.000     8.9500     8.9501   3.742716   3.742860     2.5984      72.71     0.0477 2.8888e-01 6.1567e+02    160.867  43.490033    6.11238    35.2787    35.2801    27.3449    1488.67    1487.52 0.0000e+00
       3882    142.000     8.9510     8.9510   3.742869   3.742997     2.5982      71.86     0.0455 2.7828e-01 6.5024e+02    161.699  43.490043    6.11552    35.2788    35.2802    27.3449    1488.69    1487.52 0.0000e+00
       3903    143.000     8.9512     8.9512   3.742922   3.743056     2.5988      70.85     0.0452 2.6772e-01 6.4413e+02    162.574  43.490053    6.12290    35.2787    35.2801    27.3447    1488.71    1487.53 0.0000e+00
       3936    144.000     8.9514     8.9515   3.742964   3.743124     2.5998      69.49     0.0473 2.5734e-01 6.2745e+02    163.977  43.490069    6.11963    35.2785    35.2801    27.3445    1488.72    1487.54 0.0000e+00
       3994    145.000     8.9511     8.9508   3.742972   3.743102     2.5984      68.27     0.0437 2.5329e-01 6.6074e+02    166.371  43.490097    6.11819    35.2784    35.2801    27.3445    1488.74    1487.55 0.0000e+00
       4017    146.000     8.9509     8.9508   3.743024   3.743138     2.5992      67.56     0.0488 2.4586e-01 7.4110e+02    167.336  43.490108    6.12345    35.2787    35.2800    27.3447    1488.76    1487.56 0.0000e+00
       4034    147.000     8.9507     8.9507   3.743048   3.743186     2.5994      66.82     0.0480 2.3441e-01 6.3955e+02    168.029  43.490116    6.11929    35.2786    35.2801    27.3448    1488.77    1487.57 0.0000e+00
       4049    148.000     8.9514     8.9515   3.743173   3.743309     2.5986      66.16     0.0459 2.2485e-01 6.4794e+02    168.671  43.490123    6.11342    35.2788    35.2801    27.3448    1488.79    1487.57 0.0000e+00
       4064    149.000     8.9515     8.9517   3.743226   3.743365     2.5976      65.28     0.0445 2.1858e-01 7.1043e+02    169.298  43.490131    6.11089    35.2787    35.2800    27.3447    1488.81    1487.58 0.0000e+00
       4079    150.000     8.9519     8.9521   3.743314   3.743460     2.5968      64.42     0.0462 2.1003e-01 6.3262e+02    169.909  43.490138    6.10924    35.2788    35.2801    27.3447    1488.82    1487.59 0.0000e+00
       4094    151.000     8.9525     8.9520   3.743416   3.743485     2.5959      63.70     0.0444 2.0172e-01 6.9695e+02    170.522  43.490145    6.10864    35.2788    35.2800    27.3446    1488.84    1487.60 0.0000e+00
       4108    152.000     8.9535     8.9532   3.743559   3.743660     2.5954      62.42     0.0447 1.9732e-01 6.4380e+02    171.130  43.490152    6.10986    35.2788    35.2802    27.3445    1488.86    1487.61 0.0000e+00
