IBTS/IBTS_CruiseNotebook/Data/CTD/sta0016.cnv
* Sea-Bird SBE 9 Data File:
* FileName = C:\Seabird\CTDData\sta0016.hex
* Software Version Seasave V 7.21f
* Temperature SN = 2491
* Conductivity SN = 2694
* Number of Bytes Per Scan = 40
* Number of Voltage Words = 5
* Number of Scans Averaged by the Deck Unit = 1
* NMEA Latitude = 61 35.40 N
* NMEA Longitude = 001 11.00 E
* NMEA UTC (Time) = Feb 11 2020 18:31:10
* NMEA baud rate = 4800
** Ship: 10 F/F "G. O. Sars"
** Station: 0016
** Echodepth: 186.59
** Log: 7897.58
** Wind-Dir Force: 35 22
** Air-temp (dry): 5.1
** Weather Sky:
** Sea Ice:
# nquan = 20                                
# nvalues = 174                         
# units = specified
# name 0 = scan: Scan Count
# name 1 = prDM: Pressure, Digiquartz [db]
# name 2 = t068C: Temperature [ITS-68, deg C]
# name 3 = t168C: Temperature, 2 [ITS-68, deg C]
# name 4 = c0S/m: Conductivity [S/m]
# name 5 = c1S/m: Conductivity, 2 [S/m]
# name 6 = sbeox0V: Oxygen raw, SBE 43 [V]
# name 7 = altM: Altimeter [m]
# name 8 = flC: Fluorescence, Chelsea Aqua 3 Chl Con [ug/l]
# name 9 = par: PAR/Irradiance, Biospherical/Licor
# name 10 = spar: SPAR/Surface Irradiance
# name 11 = timeS: Time, Elapsed [seconds]
# name 12 = timeJ: Julian Days
# name 13 = sbeox0ML/L: Oxygen, SBE 43 [ml/l], WS = 2
# name 14 = sal00: Salinity, Practical [PSU]
# name 15 = sal11: Salinity, Practical, 2 [PSU]
# name 16 = sigma-t00: Density [sigma-t, Kg/m^3 ]
# name 17 = svCM: Sound Velocity [Chen-Millero, m/s]
# name 18 = avgsvCM: Average Sound Velocity [Chen-Millero, m/s], minP = 1, minS = 5
# name 19 = flag: flag
# span 0 =         66,       4140       
# span 1 =      4.000,    177.000       
# span 2 =     8.8788,     8.9071       
# span 3 =     8.8787,     8.9071       
# span 4 =   3.729477,   3.740280       
# span 5 =   3.729725,   3.740433       
# span 6 =     2.5972,     2.6529       
# span 7 =      10.33,     100.58       
# span 8 =     0.0432,     0.0602       
# span 9 = 5.1427e-02, 9.5148e-01       
# span 10 = -1.622e-02, 2.1075e+00      
# span 11 =      2.707,    172.446      
# span 12 =  42.771710,  42.773674      
# span 13 =    6.13456,    6.18898      
# span 14 =    35.2757,    35.2792      
# span 15 =    35.2777,    35.2804      
# span 16 =    27.3517,    27.3545      
# span 17 =    1486.15,    1489.10      
# span 18 =    1486.15,    1487.61      
# span 19 = 0.0000e+00, 0.0000e+00      
# interval = decibars: 1                
# start_time = Feb 11 2020 18:31:13 [System UTC, header]
# bad_flag = -9.990e-29
*END*
[from data line 73]
       1971     77.000     8.8938     8.8939   3.734432   3.734560     2.6322      75.73     0.0555 5.1449e-02 -9.990e-29     82.069  42.772628    6.16328    35.2781    35.2793    27.3535    1487.41    1486.77 0.0000e+00
       2000     78.000     8.8934     8.8934   3.734426   3.734542     2.6312      59.15     0.0561 5.1475e-02 -9.990e-29     83.308  42.772642    6.16743    35.2779    35.2792    27.3534    1487.42    1486.78 0.0000e+00
       2041     79.000     8.8932     8.8934   3.734449   3.734572     2.6319     100.58     0.0570 5.1443e-02 -9.990e-29     85.004  42.772662    6.17230    35.2779    35.2790    27.3534    1487.44    1486.79 0.0000e+00
       2071     80.000     8.8934     8.8934   3.734488   3.734617     2.6311      48.74     0.0538 5.1467e-02 -9.990e-29     86.267  42.772677    6.16733    35.2776    35.2790    27.3532    1487.46    1486.80 0.0000e+00
       2093     81.000     8.8936     8.8936   3.734567   3.734685     2.6320      80.79     0.0555 5.1461e-02 -9.990e-29     87.159  42.772687    6.18024    35.2778    35.2790    27.3533    1487.47    1486.81 0.0000e+00
       2111     82.000     8.8940     8.8940   3.734639   3.734784     2.6327      98.77     0.0548 5.1450e-02 -9.990e-29     87.934  42.772696    6.17755    35.2777    35.2792    27.3531    1487.49    1486.81 0.0000e+00
       2129     83.000     8.8940     8.8941   3.734704   3.734838     2.6328      98.86     0.0563 5.1461e-02 -9.990e-29     88.666  42.772704    6.16725    35.2779    35.2792    27.3533    1487.51    1486.82 0.0000e+00
       2147     84.000     8.8941     8.8942   3.734766   3.734894     2.6299      26.26     0.0512 5.1479e-02 -9.990e-29     89.410  42.772713    6.15959    35.2779    35.2792    27.3533    1487.52    1486.83 0.0000e+00
       2166     85.000     8.8944     8.8943   3.734837   3.734957     2.6300      86.96     0.0504 5.1455e-02 -9.990e-29     90.204  42.772722    6.16743    35.2779    35.2793    27.3532    1487.54    1486.84 0.0000e+00
       2188     86.000     8.8947     8.8946   3.734900   3.735030     2.6287      73.12     0.0548 5.1458e-02 -9.990e-29     91.108  42.772733    6.16240    35.2778    35.2793    27.3531    1487.56    1486.85 0.0000e+00
       2210     87.000     8.8950     8.8950   3.734993   3.735110     2.6288      63.36     0.0530 5.1459e-02 1.9438e+00     92.025  42.772743    6.16806    35.2780    35.2792    27.3532    1487.58    1486.86 0.0000e+00
       2229     88.000     8.8951     8.8951   3.735062   3.735176     2.6285      40.04     0.0513 5.1475e-02 1.6167e+00     92.820  42.772753    6.17179    35.2781    35.2793    27.3533    1487.59    1486.86 0.0000e+00
       2246     89.000     8.8951     8.8951   3.735104   3.735214     2.6298      98.98     0.0546 5.1472e-02 5.1735e-01     93.529  42.772761    6.17441    35.2781    35.2792    27.3533    1487.61    1486.87 0.0000e+00
       2262     90.000     8.8951     8.8952   3.735151   3.735277     2.6289      97.68     0.0565 5.1444e-02 7.5830e-01     94.205  42.772769    6.16770    35.2781    35.2793    27.3533    1487.63    1486.88 0.0000e+00
       2279     91.000     8.8950     8.8950   3.735176   3.735294     2.6288      96.77     0.0549 5.1450e-02 1.9023e+00     94.912  42.772777    6.17125    35.2780    35.2792    27.3532    1487.64    1486.89 0.0000e+00
       2299     92.000     8.8951     8.8951   3.735229   3.735337     2.6290      95.75     0.0530 5.1444e-02 1.8868e+00     95.752  42.772786    6.17419    35.2780    35.2791    27.3532    1487.66    1486.90 0.0000e+00
       2322     93.000     8.8953     8.8952   3.735279   3.735406     2.6295      94.44     0.0543 5.1490e-02 -9.990e-29     96.724  42.772798    6.17798    35.2778    35.2792    27.3530    1487.68    1486.91 0.0000e+00
       2346     94.000     8.8953     8.8953   3.735327   3.735453     2.6299      93.51     0.0549 5.1462e-02 -9.990e-29     97.716  42.772809    6.17966    35.2778    35.2792    27.3530    1487.69    1486.92 0.0000e+00
       2369     95.000     8.8955     8.8955   3.735386   3.735508     2.6306      92.36     0.0546 5.1468e-02 -9.990e-29     98.676  42.772820    6.18203    35.2778    35.2791    27.3530    1487.71    1486.92 0.0000e+00
       2393     96.000     8.8956     8.8957   3.735430   3.735582     2.6303      91.53     0.0539 5.1474e-02 -9.990e-29     99.681  42.772832    6.17336    35.2777    35.2792    27.3529    1487.73    1486.93 0.0000e+00
       2419     97.000     8.8958     8.8958   3.735500   3.735638     2.6285      90.60     0.0567 5.1464e-02 -9.990e-29    100.753  42.772844    6.16604    35.2777    35.2792    27.3529    1487.74    1486.94 0.0000e+00
       2442     98.000     8.8959     8.8959   3.735557   3.735704     2.6266      89.53     0.0565 5.1452e-02 -9.990e-29    101.723  42.772856    6.16161    35.2777    35.2793    27.3529    1487.76    1486.95 0.0000e+00
       2461     99.000     8.8959     8.8959   3.735636   3.735757     2.6254      88.69     0.0554 5.1461e-02 -9.990e-29    102.517  42.772865    6.16300    35.2781    35.2794    27.3532    1487.78    1486.96 0.0000e+00
       2478    100.000     8.8962     8.8962   3.735710   3.735825     2.6253      87.84     0.0551 5.1445e-02 -9.990e-29    103.209  42.772873    6.16308    35.2781    35.2793    27.3531    1487.80    1486.97 0.0000e+00
       2494    101.000     8.8960     8.8961   3.735730   3.735848     2.6241      86.92     0.0533 5.1445e-02 -9.990e-29    103.858  42.772880    6.16098    35.2780    35.2792    27.3531    1487.81    1486.97 0.0000e+00
       2510    102.000     8.8967     8.8967   3.735865   3.735986     2.6240      85.85     0.0543 5.1452e-02 -9.990e-29    104.525  42.772888    6.16439    35.2783    35.2795    27.3532    1487.83    1486.98 0.0000e+00
       2529    103.000     8.8963     8.8964   3.735873   3.736006     2.6237      84.67     0.0555 5.1489e-02 -9.990e-29    105.318  42.772897    6.16199    35.2783    35.2796    27.3532    1487.85    1486.99 0.0000e+00
       2559    104.000     8.8963     8.8963   3.735904   3.736040     2.6226      83.51     0.0549 5.1463e-02 -9.990e-29    106.567  42.772912    6.16137    35.2781    35.2795    27.3531    1487.86    1487.00 0.0000e+00
       2601    105.000     8.8963     8.8963   3.735928   3.736085     2.6228      82.28     0.0516 5.1462e-02 7.7267e-01    108.345  42.772932    6.16555    35.2779    35.2795    27.3529    1487.88    1487.01 0.0000e+00
       2628    106.000     8.8970     8.8971   3.736067   3.736217     2.6227      81.61     0.0569 5.1459e-02 1.9674e+00    109.441  42.772945    6.16638    35.2782    35.2797    27.3530    1487.90    1487.02 0.0000e+00
       2645    107.000     8.8978     8.8973   3.736214   3.736280     2.6231      80.66     0.0571 5.1463e-02 1.9438e+00    110.184  42.772953    6.16814    35.2785    35.2796    27.3531    1487.92    1487.02 0.0000e+00
       2661    108.000     8.8970     8.8972   3.736165   3.736314     2.6231      79.72     0.0574 5.1427e-02 1.0251e+00    110.842  42.772961    6.16610    35.2782    35.2796    27.3531    1487.93    1487.03 0.0000e+00
       2676    109.000     8.8975     8.8976   3.736269   3.736406     2.6227      78.76     0.0571 5.1477e-02 1.0452e+00    111.469  42.772968    6.16108    35.2784    35.2797    27.3531    1487.95    1487.04 0.0000e+00
       2691    110.000     8.8984     8.8982   3.736414   3.736527     2.6214      77.78     0.0588 5.1466e-02 1.9404e+00    112.087  42.772976    6.15441    35.2785    35.2799    27.3531    1487.97    1487.05 0.0000e+00
       2706    111.000     8.8986     8.8985   3.736487   3.736598     2.6202      76.82     0.0557 5.1447e-02 1.9438e+00    112.706  42.772983    6.14890    35.2786    35.2799    27.3531    1487.99    1487.06 0.0000e+00
       2721    112.000     8.8995     8.8994   3.736631   3.736729     2.6185      75.81     0.0537 5.1485e-02 1.9438e+00    113.323  42.772990    6.14193    35.2788    35.2799    27.3531    1488.01    1487.07 0.0000e+00
       2735    113.000     8.8992     8.8992   3.736639   3.736762     2.6164      74.81     0.0528 5.1480e-02 1.9438e+00    113.930  42.772997    6.14034    35.2787    35.2799    27.3531    1488.02    1487.07 0.0000e+00
       2760    114.000     8.8982     8.8984   3.736566   3.736705     2.6161      73.47     0.0498 5.1464e-02 1.0833e+00    114.976  42.773009    6.15394    35.2784    35.2797    27.3530    1488.03    1487.08 0.0000e+00
       2810    115.000     8.8984     8.8984   3.736616   3.736759     2.6181      72.05     0.0539 5.1460e-02 8.3147e-01    117.049  42.773033    6.15999    35.2782    35.2798    27.3529    1488.05    1487.09 0.0000e+00
       2837    116.000     8.8998     8.8995   3.736813   3.736914     2.6180      71.34     0.0545 5.1459e-02 -9.990e-29    118.174  42.773046    6.15900    35.2785    35.2798    27.3528    1488.07    1487.10 0.0000e+00
       2855    117.000     8.8993     8.8993   3.736807   3.736948     2.6180      70.57     0.0554 5.1435e-02 -9.990e-29    118.918  42.773055    6.15895    35.2784    35.2799    27.3528    1488.09    1487.11 0.0000e+00
       2871    118.000     8.8994     8.8999   3.736883   3.737052     2.6179      69.68     0.0551 5.1466e-02 -9.990e-29    119.580  42.773062    6.15572    35.2786    35.2799    27.3530    1488.10    1487.12 0.0000e+00
       2886    119.000     8.8994     8.9001   3.736921   3.737112     2.6168      68.79     0.0551 5.1447e-02 -9.990e-29    120.203  42.773070    6.15316    35.2785    35.2799    27.3529    1488.12    1487.13 0.0000e+00
       2901    120.000     8.9010     8.9012   3.737139   3.737284     2.6164      67.86     0.0564 5.1457e-02 -9.990e-29    120.823  42.773077    6.15637    35.2788    35.2801    27.3529    1488.14    1487.13 0.0000e+00
       2916    121.000     8.9012     8.9013   3.737215   3.737350     2.6167      66.90     0.0572 5.1491e-02 -9.990e-29    121.441  42.773084    6.15986    35.2789    35.2802    27.3529    1488.16    1487.14 0.0000e+00
       2930    122.000     8.9014     8.9014   3.737271   3.737412     2.6167      65.87     0.0574 5.1476e-02 -9.990e-29    122.059  42.773091    6.15776    35.2788    35.2803    27.3528    1488.18    1487.15 0.0000e+00
       2945    123.000     8.9017     8.9015   3.737356   3.737453     2.6163      64.88     0.0579 5.1476e-02 -9.990e-29    122.675  42.773098    6.15506    35.2789    35.2801    27.3529    1488.20    1487.16 0.0000e+00
       2960    124.000     8.9011     8.9009   3.737337   3.737443     2.6156      63.88     0.0565 5.1437e-02 -9.990e-29    123.297  42.773105    6.15221    35.2788    35.2802    27.3529    1488.21    1487.17 0.0000e+00
       2981    125.000     8.9012     8.9012   3.737382   3.737507     2.6147      62.66     0.0532 5.1453e-02 -9.990e-29    124.153  42.773115    6.15407    35.2787    35.2800    27.3528    1488.23    1487.18 0.0000e+00
       3013    126.000     8.9010     8.9012   3.737407   3.737554     2.6155      61.36     0.0545 5.1473e-02 3.3410e-01    125.517  42.773131    6.16223    35.2787    35.2801    27.3528    1488.24    1487.18 0.0000e+00
       3058    127.000     8.9016     8.9014   3.737488   3.737622     2.6157      60.26     0.0561 5.1457e-02 1.4256e+00    127.395  42.773153    6.16042    35.2785    35.2801    27.3525    1488.26    1487.19 0.0000e+00
       3085    128.000     8.9019     8.9020   3.737581   3.737719     2.6161      59.51     0.0545 5.1437e-02 1.9592e+00    128.511  42.773166    6.16191    35.2787    35.2800    27.3527    1488.28    1487.20 0.0000e+00
       3104    129.000     8.9032     8.9031   3.737770   3.737887     2.6155      58.73     0.0537 5.1469e-02 1.9438e+00    129.296  42.773175    6.15556    35.2789    35.2802    27.3526    1488.30    1487.21 0.0000e+00
       3120    130.000     8.9022     8.9023   3.737710   3.737864     2.6143      57.88     0.0544 5.1436e-02 -9.990e-29    129.975  42.773182    6.15479    35.2788    35.2803    27.3527    1488.31    1487.22 0.0000e+00
       3136    131.000     8.9034     8.9033   3.737894   3.738004     2.6143      56.99     0.0523 5.1456e-02 -9.990e-29    130.614  42.773190    6.15927    35.2791    35.2803    27.3527    1488.33    1487.23 0.0000e+00
       3151    132.000     8.9036     8.9035   3.737958   3.738067     2.6145      56.04     0.0524 5.1447e-02 -9.990e-29    131.244  42.773197    6.16064    35.2791    35.2803    27.3527    1488.35    1487.24 0.0000e+00
       3166    133.000     8.9032     8.9033   3.737961   3.738097     2.6143      55.06     0.0538 5.1454e-02 -9.990e-29    131.884  42.773205    6.15865    35.2790    35.2803    27.3527    1488.37    1487.24 0.0000e+00
       3182    134.000     8.9025     8.9026   3.737922   3.738070     2.6138      54.02     0.0566 5.1454e-02 -9.990e-29    132.548  42.773212    6.15691    35.2788    35.2803    27.3527    1488.38    1487.25 0.0000e+00
       3199    135.000     8.9022     8.9027   3.737952   3.738115     2.6133      52.98     0.0551 5.1452e-02 -9.990e-29    133.250  42.773220    6.15578    35.2790    35.2802    27.3528    1488.40    1487.26 0.0000e+00
       3217    136.000     8.9030     8.9031   3.738077   3.738205     2.6126      51.91     0.0554 5.1449e-02 -9.990e-29    134.005  42.773229    6.15303    35.2790    35.2802    27.3527    1488.41    1487.27 0.0000e+00
       3237    137.000     8.9032     8.9031   3.738142   3.738259     2.6118      50.84     0.0554 5.1459e-02 -9.990e-29    134.822  42.773239    6.15164    35.2790    35.2803    27.3527    1488.43    1487.28 0.0000e+00
       3258    138.000     8.9033     8.9033   3.738181   3.738310     2.6107      49.74     0.0549 5.1471e-02 -9.990e-29    135.720  42.773249    6.15108    35.2788    35.2802    27.3525    1488.45    1487.29 0.0000e+00
       3281    139.000     8.9028     8.9031   3.738173   3.738343     2.6106      48.69     0.0551 5.1487e-02 -9.990e-29    136.663  42.773260    6.15671    35.2788    35.2803    27.3526    1488.46    1487.29 0.0000e+00
       3305    140.000     8.9032     8.9033   3.738255   3.738399     2.6115      47.65     0.0516 5.1441e-02 1.1187e+00    137.666  42.773272    6.16316    35.2788    35.2802    27.3525    1488.48    1487.30 0.0000e+00
       3334    141.000     8.9016     8.9011   3.738115   3.738222     2.6120      46.54     0.0516 5.1460e-02 2.9558e-01    138.868  42.773286    6.16058    35.2784    35.2800    27.3525    1488.49    1487.31 0.0000e+00
       3365    142.000     8.9012     8.9010   3.738120   3.738247     2.6113      45.51     0.0543 5.1452e-02 6.6300e-01    140.184  42.773301    6.15565    35.2784    35.2799    27.3525    1488.51    1487.32 0.0000e+00
       3392    143.000     8.9019     8.9018   3.738239   3.738369     2.6105      44.62     0.0565 5.1436e-02 1.4436e+00    141.290  42.773314    6.15389    35.2784    35.2799    27.3525    1488.53    1487.33 0.0000e+00
       3412    144.000     8.9010     8.9011   3.738219   3.738350     2.6095      43.83     0.0559 5.1470e-02 -9.990e-29    142.106  42.773323    6.15076    35.2786    35.2799    27.3528    1488.54    1487.34 0.0000e+00
       3428    145.000     8.9013     8.9015   3.738302   3.738437     2.6091      42.97     0.0567 5.1463e-02 -9.990e-29    142.784  42.773331    6.14992    35.2787    35.2800    27.3528    1488.56    1487.35 0.0000e+00
       3443    146.000     8.9015     8.9019   3.738376   3.738524     2.6080      42.09     0.0580 5.1466e-02 -9.990e-29    143.419  42.773338    6.14507    35.2788    35.2800    27.3528    1488.57    1487.35 0.0000e+00
       3458    147.000     8.9016     8.9017   3.738434   3.738553     2.6071      41.17     0.0602 5.1457e-02 -9.990e-29    144.038  42.773345    6.14071    35.2789    35.2800    27.3528    1488.59    1487.36 0.0000e+00
