IBTS/IBTS_CruiseNotebook/Data/CTD/sta0019.cnv
* Sea-Bird SBE 9 Data File:
* FileName = C:\Seabird\CTDData\sta0019.hex
* Software Version Seasave V 7.21f
* Temperature SN = 2491
* Conductivity SN = 2694
* Number of Bytes Per Scan = 40
* Number of Voltage Words = 5
* Number of Scans Averaged by the Deck Unit = 1
* NMEA Latitude = 61 36.15 N
* NMEA Longitude = 000 39.89 W
* NMEA UTC (Time) = Feb 12 2020 05:10:03
* NMEA baud rate = 4800
** Ship: 10 F/F "G. O. Sars"
** Station: 0019
** Echodepth: 199
** Log: 7968.46
** Wind-Dir Force: 32 27
** Air-temp (dry): 3.1
** Weather Sky:
** Sea Ice:
# nquan = 20                                
# nvalues = 187                         
# units = specified
# name 0 = scan: Scan Count
# name 1 = prDM: Pressure, Digiquartz [db]
# name 2 = t068C: Temperature [ITS-68, deg C]
# name 3 = t168C: Temperature, 2 [ITS-68, deg C]
# name 4 = c0S/m: Conductivity [S/m]
# name 5 = c1S/m: Conductivity, 2 [S/m]
# name 6 = sbeox0V: Oxygen raw, SBE 43 [V]
# name 7 = altM: Altimeter [m]
# name 8 = flC: Fluorescence, Chelsea Aqua 3 Chl Con [ug/l]
# name 9 = par: PAR/Irradiance, Biospherical/Licor
# name 10 = spar: SPAR/Surface Irradiance
# name 11 = timeS: Time, Elapsed [seconds]
# name 12 = timeJ: Julian Days
# name 13 = sbeox0ML/L: Oxygen, SBE 43 [ml/l], WS = 2
# name 14 = sal00: Salinity, Practical [PSU]
# name 15 = sal11: Salinity, Practical, 2 [PSU]
# name 16 = sigma-t00: Density [sigma-t, Kg/m^3 ]
# name 17 = svCM: Sound Velocity [Chen-Millero, m/s]
# name 18 = avgsvCM: Average Sound Velocity [Chen-Millero, m/s], minP = 1, minS = 5
# name 19 = flag: flag
# span 0 =        120,       5235       
# span 1 =      4.000,    190.000       
# span 2 =     9.0992,     9.1248       
# span 3 =     9.0993,     9.1250       
# span 4 =   3.751227,   3.761896       
# span 5 =   3.751430,   3.762095       
# span 6 =     2.5741,     2.6289       
# span 7 =       9.81,     100.25       
# span 8 =     0.0401,     0.0548       
# span 9 = 5.1425e-02, 6.0076e-01       
# span 10 = 1.9438e+00, 1.9438e+00      
# span 11 =      4.955,    218.094      
# span 12 =  43.215393,  43.217860      
# span 13 =    6.03718,    6.10262      
# span 14 =    35.2819,    35.2835      
# span 15 =    35.2842,    35.2853      
# span 16 =    27.3200,    27.3243      
# span 17 =    1487.01,    1490.12      
# span 18 =    1487.01,    1488.53      
# span 19 = 0.0000e+00, 0.0000e+00      
# interval = decibars: 1                
# start_time = Feb 12 2020 05:10:05 [System UTC, header]
# bad_flag = -9.990e-29
*END*
[from data line 145]
       4109    149.000     9.1221     9.1224   3.759762   3.759935     2.5850      51.20     0.0449 5.1466e-02 -9.990e-29    171.150  43.217317    6.05671    35.2830    35.2845    27.3204    1489.44    1488.19 0.0000e+00
       4124    150.000     9.1225     9.1228   3.759841   3.760026     2.5850      50.16     0.0461 5.1438e-02 -9.990e-29    171.776  43.217324    6.05371    35.2830    35.2846    27.3203    1489.46    1488.20 0.0000e+00
       4140    151.000     9.1226     9.1228   3.759904   3.760064     2.5838      49.06     0.0475 5.1458e-02 -9.990e-29    172.465  43.217332    6.05011    35.2830    35.2845    27.3204    1489.47    1488.21 0.0000e+00
       4163    152.000     9.1231     9.1229   3.759977   3.760115     2.5834      47.85     0.0483 5.1452e-02 -9.990e-29    173.407  43.217343    6.05603    35.2828    35.2845    27.3201    1489.49    1488.22 0.0000e+00
       4180    153.000     9.1217     9.1217   3.759894   3.760053     2.5838      46.85     0.0450 5.1436e-02 -9.990e-29    174.141  43.217351    6.05743    35.2829    35.2845    27.3204    1489.50    1488.23 0.0000e+00
       4196    154.000     9.1214     9.1207   3.759903   3.759994     2.5838      45.96     0.0429 5.1480e-02 -9.990e-29    174.774  43.217359    6.05170    35.2828    35.2844    27.3204    1489.52    1488.23 0.0000e+00
       4210    155.000     9.1195     9.1192   3.759794   3.759896     2.5824      45.08     0.0439 5.1466e-02 -9.990e-29    175.383  43.217365    6.04319    35.2831    35.2844    27.3209    1489.53    1488.24 0.0000e+00
       4226    156.000     9.1192     9.1194   3.759798   3.759962     2.5806      44.14     0.0454 5.1471e-02 -9.990e-29    176.051  43.217373    6.04314    35.2829    35.2844    27.3208    1489.54    1488.25 0.0000e+00
       4256    157.000     9.1200     9.1203   3.759908   3.760095     2.5810      42.88     0.0433 5.1468e-02 -9.990e-29    177.272  43.217387    6.05655    35.2828    35.2845    27.3206    1489.56    1488.26 0.0000e+00
       4358    158.000     9.1210     9.1212   3.760021   3.760219     2.5846      41.75     0.0457 5.1469e-02 -9.990e-29    181.523  43.217437    6.06734    35.2825    35.2844    27.3202    1489.58    1488.27 0.0000e+00
       4378    159.000     9.1199     9.1198   3.759971   3.760139     2.5848      41.10     0.0432 5.1491e-02 -9.990e-29    182.379  43.217447    6.06272    35.2826    35.2845    27.3205    1489.59    1488.28 0.0000e+00
       4396    160.000     9.1194     9.1194   3.759985   3.760139     2.5843      40.26     0.0453 5.1469e-02 -9.990e-29    183.121  43.217455    6.06106    35.2828    35.2844    27.3207    1489.61    1488.28 0.0000e+00
       4412    161.000     9.1186     9.1190   3.759966   3.760148     2.5838      39.37     0.0475 5.1476e-02 -9.990e-29    183.796  43.217463    6.06103    35.2829    35.2844    27.3209    1489.62    1488.29 0.0000e+00
       4428    162.000     9.1187     9.1190   3.760011   3.760193     2.5836      38.43     0.0481 5.1445e-02 -9.990e-29    184.447  43.217471    6.05803    35.2828    35.2844    27.3208    1489.64    1488.30 0.0000e+00
       4443    163.000     9.1188     9.1194   3.760076   3.760275     2.5825      37.43     0.0477 5.1485e-02 -9.990e-29    185.079  43.217478    6.05032    35.2829    35.2844    27.3209    1489.66    1488.31 0.0000e+00
       4458    164.000     9.1193     9.1195   3.760161   3.760333     2.5807      36.39     0.0472 5.1476e-02 -9.990e-29    185.707  43.217485    6.04665    35.2828    35.2844    27.3208    1489.68    1488.32 0.0000e+00
       4473    165.000     9.1197     9.1197   3.760252   3.760399     2.5799      35.39     0.0463 5.1504e-02 -9.990e-29    186.320  43.217492    6.05158    35.2829    35.2844    27.3207    1489.69    1488.33 0.0000e+00
       4488    166.000     9.1201     9.1200   3.760339   3.760465     2.5801      34.35     0.0471 5.1448e-02 -9.990e-29    186.942  43.217499    6.05402    35.2830    35.2844    27.3207    1489.71    1488.33 0.0000e+00
       4503    167.000     9.1203     9.1205   3.760415   3.760565     2.5794      33.32     0.0492 5.1447e-02 -9.990e-29    187.563  43.217507    6.05083    35.2831    35.2844    27.3208    1489.73    1488.34 0.0000e+00
       4517    168.000     9.1218     9.1221   3.760591   3.760760     2.5788      32.30     0.0483 5.1480e-02 -9.990e-29    188.178  43.217514    6.05202    35.2830    35.2844    27.3204    1489.75    1488.35 0.0000e+00
       4532    169.000     9.1216     9.1207   3.760611   3.760678     2.5789      31.30     0.0486 5.1495e-02 -9.990e-29    188.787  43.217521    6.05742    35.2829    35.2845    27.3204    1489.77    1488.36 0.0000e+00
       4546    170.000     9.1206     9.1210   3.760561   3.760744     2.5793      30.29     0.0490 5.1511e-02 -9.990e-29    189.391  43.217528    6.06143    35.2829    35.2844    27.3206    1489.78    1488.37 0.0000e+00
       4580    171.000     9.1204     9.1205   3.760589   3.760741     2.5796      29.08     0.0495 5.1472e-02 -9.990e-29    190.787  43.217544    6.06144    35.2829    35.2844    27.3206    1489.79    1488.38 0.0000e+00
       4643    172.000     9.1202     9.1199   3.760569   3.760729     2.5792      27.87     0.0525 5.1449e-02 -9.990e-29    193.423  43.217574    6.06005    35.2824    35.2844    27.3203    1489.81    1488.38 0.0000e+00
       4661    173.000     9.1187     9.1194   3.760493   3.760723     2.5794      27.20     0.0523 5.1477e-02 -9.990e-29    194.153  43.217583    6.06211    35.2826    35.2843    27.3207    1489.82    1488.39 0.0000e+00
       4677    174.000     9.1192     9.1194   3.760606   3.760776     2.5799      26.41     0.0504 5.1457e-02 -9.990e-29    194.829  43.217591    6.06116    35.2828    35.2844    27.3208    1489.84    1488.40 0.0000e+00
       4692    175.000     9.1195     9.1194   3.760673   3.760828     2.5791      25.53     0.0523 5.1457e-02 -9.990e-29    195.474  43.217598    6.05589    35.2828    35.2845    27.3207    1489.86    1488.41 0.0000e+00
       4707    176.000     9.1198     9.1200   3.760762   3.760922     2.5786      24.61     0.0532 5.1496e-02 -9.990e-29    196.094  43.217605    6.05685    35.2829    35.2844    27.3207    1489.87    1488.42 0.0000e+00
       4722    177.000     9.1201     9.1204   3.760828   3.761011     2.5785      23.64     0.0533 5.1486e-02 -9.990e-29    196.712  43.217612    6.05768    35.2828    35.2845    27.3206    1489.89    1488.43 0.0000e+00
       4737    178.000     9.1208     9.1211   3.760942   3.761117     2.5780      22.67     0.0546 5.1457e-02 -9.990e-29    197.319  43.217619    6.05442    35.2829    35.2844    27.3205    1489.91    1488.43 0.0000e+00
       4751    179.000     9.1208     9.1211   3.760995   3.761161     2.5772      21.70     0.0548 5.1490e-02 -9.990e-29    197.926  43.217626    6.05075    35.2830    35.2844    27.3206    1489.93    1488.44 0.0000e+00
       4786    180.000     9.1206     9.1208   3.760988   3.761166     2.5768      20.21     0.0492 5.1440e-02 -9.990e-29    199.357  43.217643    6.05910    35.2826    35.2843    27.3204    1489.94    1488.45 0.0000e+00
       4830    181.000     9.1214     9.1213   3.761085   3.761280     2.5784      19.02     0.0457 5.1451e-02 -9.990e-29    201.207  43.217664    6.06370    35.2824    35.2845    27.3200    1489.96    1488.46 0.0000e+00
       4850    182.000     9.1215     9.1215   3.761162   3.761352     2.5778      18.25     0.0457 5.1469e-02 -9.990e-29    202.052  43.217674    6.05536    35.2826    35.2846    27.3202    1489.98    1488.47 0.0000e+00
       4867    183.000     9.1212     9.1214   3.761212   3.761388     2.5764      17.37     0.0457 5.1469e-02 -9.990e-29    202.753  43.217682    6.05037    35.2829    35.2846    27.3205    1490.00    1488.48 0.0000e+00
       4883    184.000     9.1216     9.1217   3.761292   3.761463     2.5754      16.45     0.0456 5.1476e-02 -9.990e-29    203.407  43.217690    6.05159    35.2829    35.2846    27.3204    1490.01    1488.48 0.0000e+00
       4898    185.000     9.1223     9.1225   3.761424   3.761577     2.5752      15.49     0.0457 5.1457e-02 -9.990e-29    204.044  43.217697    6.05569    35.2831    35.2845    27.3205    1490.03    1488.49 0.0000e+00
       4913    186.000     9.1233     9.1234   3.761593   3.761739     2.5753      14.52     0.0457 5.1457e-02 -9.990e-29    204.664  43.217704    6.05564    35.2834    35.2848    27.3206    1490.05    1488.50 0.0000e+00
       4928    187.000     9.1243     9.1243   3.761742   3.761898     2.5750      13.56     0.0462 5.1459e-02 -9.990e-29    205.276  43.217712    6.05309    35.2835    35.2851    27.3205    1490.07    1488.51 0.0000e+00
       4942    188.000     9.1242     9.1242   3.761780   3.761945     2.5741      12.58     0.0469 5.1437e-02 -9.990e-29    205.883  43.217718    6.05220    35.2835    35.2853    27.3205    1490.09    1488.52 0.0000e+00
       5010    189.000     9.1239     9.1241   3.761797   3.761972     2.5747      11.46     0.0495 5.1457e-02 -9.990e-29    208.724  43.217751    6.05565    35.2835    35.2852    27.3206    1490.10    1488.53 0.0000e+00
       5235    190.000     9.1248     9.1250   3.761896   3.762095     2.5761       9.81     0.0545 5.1478e-02 -9.990e-29    218.094  43.217860    6.06374    35.2832    35.2851    27.3201    1490.12    1488.53 0.0000e+00
