IBTS/IBTS_CruiseNotebook/Data/CTD/sta0009.cnv
* Sea-Bird SBE 9 Data File:
* FileName = C:\Seabird\CTDData\sta0009.hex
* Software Version Seasave V 7.21f
* Temperature SN = 2491
* Conductivity SN = 2694
* Number of Bytes Per Scan = 40
* Number of Voltage Words = 5
* Number of Scans Averaged by the Deck Unit = 1
* NMEA Latitude = 61 23.97 N
* NMEA Longitude = 001 46.60 E
* NMEA UTC (Time) = Feb 10 2020 22:29:23
* NMEA baud rate = 4800
** Ship: 10 F/F "G. O. Sars"
** Station: 0009
** Echodepth: 154
** Log: 7777.6
** Wind-Dir Force: 25 29
** Air-temp (dry): 4.2
** Weather Sky:
** Sea Ice:
# nquan = 20                                
# nvalues = 140                         
# units = specified
# name 0 = scan: Scan Count
# name 1 = prDM: Pressure, Digiquartz [db]
# name 2 = t068C: Temperature [ITS-68, deg C]
# name 3 = t168C: Temperature, 2 [ITS-68, deg C]
# name 4 = c0S/m: Conductivity [S/m]
# name 5 = c1S/m: Conductivity, 2 [S/m]
# name 6 = sbeox0V: Oxygen raw, SBE 43 [V]
# name 7 = altM: Altimeter [m]
# name 8 = flC: Fluorescence, Chelsea Aqua 3 Chl Con [ug/l]
# name 9 = par: PAR/Irradiance, Biospherical/Licor
# name 10 = spar: SPAR/Surface Irradiance
# name 11 = timeS: Time, Elapsed [seconds]
# name 12 = timeJ: Julian Days
# name 13 = sbeox0ML/L: Oxygen, SBE 43 [ml/l], WS = 2
# name 14 = sal00: Salinity, Practical [PSU]
# name 15 = sal11: Salinity, Practical, 2 [PSU]
# name 16 = sigma-t00: Density [sigma-t, Kg/m^3 ]
# name 17 = svCM: Sound Velocity [Chen-Millero, m/s]
# name 18 = avgsvCM: Average Sound Velocity [Chen-Millero, m/s], minP = 1, minS = 5
# name 19 = flag: flag
# span 0 =         64,       5468       
# span 1 =      9.000,    148.000       
# span 2 =     8.8739,     8.8928       
# span 3 =     8.8741,     8.8929       
# span 4 =   3.730376,   3.738502       
# span 5 =   3.730615,   3.738703       
# span 6 =     2.6193,     2.6593       
# span 7 =       6.24,      99.65       
# span 8 =     0.0506,     0.0691       
# span 9 = 5.1417e-02, 2.9361e-01       
# span 10 = -1.091e-01, 2.0795e+00      
# span 11 =      2.629,    227.776      
# span 12 =  41.937125,  41.939731      
# span 13 =    6.16721,    6.20961      
# span 14 =    35.2873,    35.2888      
# span 15 =    35.2901,    35.2907      
# span 16 =    27.3618,    27.3647      
# span 17 =    1486.23,    1488.58      
# span 18 =    1486.23,    1487.34      
# span 19 = 0.0000e+00, 0.0000e+00      
# interval = decibars: 1                
# start_time = Feb 10 2020 22:29:25 [System UTC, header]
# bad_flag = -9.990e-29
*END*
         64      9.000     8.8745     8.8743   3.730376   3.730615     2.6546      59.79     0.0578 2.9361e-01 -1.091e-01      2.629  41.937125    6.17314    35.2873    35.2901    27.3638    1486.23    1486.23 0.0000e+00
        134     10.000     8.8739     8.8746   3.730423   3.730704     2.6564      77.67     0.0578 2.3381e-01 1.4502e-01      5.547  41.937159    6.19275    35.2880    35.2902    27.3644    1486.25    1486.23 0.0000e+00
        195     11.000     8.8740     8.8744   3.730487   3.730736     2.6585      76.42     0.0572 1.6920e-01 -5.577e-03      8.094  41.937189    6.20064    35.2880    35.2903    27.3645    1486.26    1486.24 0.0000e+00
        233     12.000     8.8743     8.8743   3.730561   3.730782     2.6586      73.19     0.0573 1.3958e-01 3.6250e-20      9.665  41.937207    6.19271    35.2880    35.2904    27.3644    1486.28    1486.24 0.0000e+00
        256     13.000     8.8739     8.8741   3.730588   3.730813     2.6582      74.65     0.0581 1.2737e-01 1.9849e-04     10.641  41.937218    6.19783    35.2882    35.2904    27.3646    1486.30    1486.24 0.0000e+00
        276     14.000     8.8742     8.8743   3.730664   3.730879     2.6586      82.48     0.0592 1.3853e-01 1.6251e+00     11.452  41.937227    6.20342    35.2883    35.2904    27.3646    1486.31    1486.25 0.0000e+00
        295     15.000     8.8742     8.8744   3.730721   3.730930     2.6590      98.02     0.0600 1.0643e-01 1.4250e+00     12.268  41.937237    6.19899    35.2884    35.2904    27.3647    1486.33    1486.25 0.0000e+00
        329     16.000     8.8742     8.8744   3.730749   3.730967     2.6578      79.51     0.0591 9.0784e-02 1.6819e+00     13.671  41.937253    6.19850    35.2882    35.2903    27.3645    1486.35    1486.26 0.0000e+00
        380     17.000     8.8744     8.8750   3.730821   3.731067     2.6588      82.33     0.0590 7.1641e-02 3.8214e-01     15.807  41.937278    6.19797    35.2883    35.2903    27.3646    1486.36    1486.27 0.0000e+00
        432     18.000     8.8746     8.8747   3.730890   3.731102     2.6567      69.04     0.0577 5.7765e-02 4.8569e-01     17.977  41.937303    6.19476    35.2883    35.2904    27.3646    1486.38    1486.27 0.0000e+00
        573     19.000     8.8749     8.8752   3.730948   3.731172     2.6564      98.49     0.0592 5.7039e-02 9.2394e-01     23.841  41.937371    6.19116    35.2881    35.2902    27.3644    1486.40    1486.28 0.0000e+00
        599     20.000     8.8754     8.8755   3.731043   3.731256     2.6553      98.86     0.0594 5.1610e-02 2.6594e-02     24.929  41.937383    6.19209    35.2882    35.2903    27.3643    1486.42    1486.29 0.0000e+00
        713     21.000     8.8757     8.8758   3.731111   3.731321     2.6589      92.61     0.0557 5.2162e-02 6.4711e-02     29.666  41.937438    6.20852    35.2881    35.2902    27.3642    1486.43    1486.29 0.0000e+00
        746     22.000     8.8761     8.8764   3.731210   3.731431     2.6593      98.83     0.0587 5.1434e-02 3.4428e-04     31.052  41.937454    6.19836    35.2883    35.2903    27.3643    1486.45    1486.30 0.0000e+00
        772     23.000     8.8760     8.8762   3.731235   3.731456     2.6562      57.20     0.0586 5.1440e-02 -5.780e-18     32.118  41.937467    6.19641    35.2881    35.2903    27.3642    1486.47    1486.31 0.0000e+00
        801     24.000     8.8752     8.8755   3.731214   3.731432     2.6575      96.65     0.0612 5.1450e-02 2.0653e-23     33.326  41.937481    6.20221    35.2882    35.2902    27.3644    1486.48    1486.31 0.0000e+00
        915     25.000     8.8752     8.8754   3.731248   3.731472     2.6544      88.62     0.0569 5.1467e-02 1.5310e+00     38.101  41.937536    6.18737    35.2881    35.2903    27.3643    1486.50    1486.32 0.0000e+00
        964     26.000     8.8757     8.8760   3.731366   3.731569     2.6525      68.16     0.0524 5.1441e-02 1.7413e+00     40.116  41.937559    6.18909    35.2884    35.2902    27.3644    1486.52    1486.33 0.0000e+00
        979     27.000     8.8766     8.8769   3.731499   3.731710     2.6529      55.96     0.0506 5.1469e-02 4.5173e-01     40.755  41.937567    6.19470    35.2884    35.2903    27.3643    1486.54    1486.34 0.0000e+00
        995     28.000     8.8775     8.8779   3.731645   3.731864     2.6531      76.13     0.0540 5.1438e-02 1.6739e+00     41.411  41.937574    6.19640    35.2885    35.2905    27.3643    1486.56    1486.34 0.0000e+00
       1010     29.000     8.8782     8.8781   3.731750   3.731933     2.6542      98.92     0.0570 5.1466e-02 1.9445e+00     42.043  41.937582    6.19012    35.2885    35.2905    27.3641    1486.57    1486.35 0.0000e+00
       1025     30.000     8.8763     8.8763   3.731597   3.731796     2.6508      60.98     0.0568 5.1454e-02 1.9438e+00     42.678  41.937589    6.17486    35.2883    35.2904    27.3643    1486.58    1486.36 0.0000e+00
       1055     31.000     8.8759     8.8759   3.731598   3.731782     2.6502      68.77     0.0590 5.1462e-02 1.6207e+00     43.932  41.937603    6.19232    35.2882    35.2901    27.3643    1486.60    1486.37 0.0000e+00
       1101     32.000     8.8759     8.8762   3.731652   3.731863     2.6536      94.59     0.0565 5.1462e-02 1.6700e-01     45.853  41.937626    6.20017    35.2883    35.2902    27.3643    1486.62    1486.38 0.0000e+00
       1221     33.000     8.8754     8.8757   3.731644   3.731852     2.6523      56.65     0.0590 5.1457e-02 -1.082e-02     50.840  41.937683    6.20163    35.2882    35.2901    27.3644    1486.63    1486.38 0.0000e+00
       1301     34.000     8.8761     8.8761   3.731757   3.731944     2.6532      47.72     0.0607 5.1463e-02 -2.139e-31     54.160  41.937722    6.20474    35.2882    35.2902    27.3643    1486.65    1486.39 0.0000e+00
       1323     35.000     8.8759     8.8759   3.731793   3.731980     2.6550      99.46     0.0599 5.1473e-02 3.6121e-20     55.063  41.937732    6.20216    35.2883    35.2903    27.3644    1486.66    1486.40 0.0000e+00
       1341     36.000     8.8754     8.8758   3.731784   3.732022     2.6525      64.69     0.0591 5.1442e-02 1.0113e-06     55.852  41.937741    6.19309    35.2882    35.2904    27.3644    1486.68    1486.41 0.0000e+00
       1358     37.000     8.8775     8.8774   3.732051   3.732223     2.6534      70.10     0.0603 5.1437e-02 3.9677e-01     56.549  41.937749    6.19728    35.2885    35.2904    27.3642    1486.70    1486.41 0.0000e+00
       1373     38.000     8.8775     8.8777   3.732095   3.732280     2.6512      39.43     0.0590 5.1437e-02 -1.048e-02     57.183  41.937757    6.19113    35.2885    35.2902    27.3642    1486.72    1486.42 0.0000e+00
       1389     39.000     8.8778     8.8779   3.732170   3.732359     2.6521      98.04     0.0587 5.1452e-02 3.0279e-09     57.824  41.937764    6.18941    35.2885    35.2904    27.3642    1486.74    1486.43 0.0000e+00
       1415     40.000     8.8774     8.8774   3.732160   3.732348     2.6485      73.64     0.0582 5.1453e-02 2.5965e-20     58.937  41.937777    6.18423    35.2883    35.2903    27.3641    1486.75    1486.44 0.0000e+00
       1530     41.000     8.8770     8.8773   3.732173   3.732386     2.6506      51.58     0.0595 5.1451e-02 -2.379e-32     63.703  41.937832    6.20523    35.2883    35.2903    27.3642    1486.77    1486.45 0.0000e+00
       1614     42.000     8.8776     8.8784   3.732278   3.732544     2.6517      99.65     0.0640 5.1445e-02 -1.378e-36     67.219  41.937873    6.19080    35.2884    35.2904    27.3641    1486.79    1486.45 0.0000e+00
       1628     43.000     8.8775     8.8777   3.732308   3.732509     2.6497      98.86     0.0620 5.1476e-02 2.4267e-34     67.788  41.937879    6.17853    35.2883    35.2902    27.3641    1486.80    1486.46 0.0000e+00
       1642     44.000     8.8769     8.8771   3.732300   3.732498     2.6478      88.56     0.0599 5.1439e-02 2.6965e-26     68.394  41.937886    6.17561    35.2883    35.2902    27.3642    1486.82    1486.47 0.0000e+00
       1657     45.000     8.8780     8.8788   3.732463   3.732709     2.6450      13.52     0.0587 5.1457e-02 2.8551e-15     68.999  41.937894    6.18304    35.2885    35.2903    27.3641    1486.84    1486.48 0.0000e+00
       1671     46.000     8.8795     8.8796   3.732646   3.732841     2.6479      95.91     0.0602 5.1449e-02 7.9263e-05     69.600  41.937900    6.20022    35.2884    35.2904    27.3639    1486.86    1486.49 0.0000e+00
       1686     47.000     8.8810     8.8810   3.732839   3.733032     2.6482      95.65     0.0639 5.1466e-02 3.8838e-01     70.205  41.937907    6.19412    35.2885    35.2905    27.3637    1486.88    1486.50 0.0000e+00
       1700     48.000     8.8804     8.8805   3.732827   3.733017     2.6463      56.35     0.0633 5.1439e-02 5.5235e-03     70.804  41.937914    6.18981    35.2885    35.2904    27.3638    1486.90    1486.50 0.0000e+00
       1715     49.000     8.8801     8.8804   3.732844   3.733062     2.6486      79.46     0.0637 5.1437e-02 4.0206e-72     71.416  41.937921    6.20050    35.2885    35.2905    27.3638    1486.91    1486.51 0.0000e+00
       1730     50.000     8.8791     8.8793   3.732792   3.733004     2.6473       7.68     0.0612 5.1459e-02 1.1249e-61     72.022  41.937929    6.19681    35.2884    35.2905    27.3639    1486.92    1486.52 0.0000e+00
       1744     51.000     8.8792     8.8795   3.732874   3.733068     2.6492      96.91     0.0628 5.1457e-02 1.5206e-50     72.629  41.937936    6.19988    35.2887    35.2905    27.3641    1486.94    1486.53 0.0000e+00
       1759     52.000     8.8794     8.8797   3.732925   3.733138     2.6480      98.89     0.0620 5.1449e-02 4.2633e-40     73.237  41.937943    6.18580    35.2886    35.2905    27.3640    1486.96    1486.54 0.0000e+00
       1773     53.000     8.8788     8.8789   3.732913   3.733088     2.6455      98.86     0.0609 5.1486e-02 5.7464e-29     73.842  41.937949    6.17557    35.2886    35.2903    27.3641    1486.97    1486.55 0.0000e+00
       1791     54.000     8.8793     8.8796   3.732997   3.733202     2.6436      65.95     0.0605 5.1437e-02 4.7691e-09     74.598  41.937958    6.17987    35.2885    35.2903    27.3639    1486.99    1486.55 0.0000e+00
       1822     55.000     8.8798     8.8797   3.733088   3.733259     2.6455      95.68     0.0628 5.1458e-02 1.7991e+00     75.866  41.937973    6.20961    35.2884    35.2903    27.3638    1487.01    1486.56 0.0000e+00
       1843     56.000     8.8805     8.8813   3.733216   3.733477     2.6480      98.34     0.0611 5.1472e-02 1.7023e+00     76.755  41.937983    6.20925    35.2886    35.2906    27.3639    1487.03    1486.57 0.0000e+00
       1862     57.000     8.8806     8.8808   3.733273   3.733478     2.6486      97.53     0.0614 5.1454e-02 2.4300e-01     77.554  41.937992    6.20470    35.2886    35.2906    27.3639    1487.04    1486.58 0.0000e+00
       1891     58.000     8.8807     8.8808   3.733317   3.733510     2.6485      96.25     0.0575 5.1463e-02 1.7892e-02     78.736  41.938006    6.20425    35.2885    35.2904    27.3637    1487.06    1486.59 0.0000e+00
       1933     59.000     8.8802     8.8805   3.733315   3.733524     2.6486      95.06     0.0615 5.1448e-02 -3.967e-05     80.489  41.938026    6.20321    35.2885    35.2904    27.3638    1487.08    1486.59 0.0000e+00
       1956     60.000     8.8801     8.8807   3.733351   3.733610     2.6478      94.30     0.0628 5.1449e-02 2.5927e-32     81.465  41.938038    6.19586    35.2885    35.2906    27.3638    1487.09    1486.60 0.0000e+00
       1974     61.000     8.8806     8.8807   3.733448   3.733649     2.6461      93.50     0.0642 5.1470e-02 2.5212e-29     82.222  41.938046    6.19348    35.2885    35.2906    27.3638    1487.11    1486.61 0.0000e+00
       1991     62.000     8.8823     8.8827   3.733659   3.733875     2.6461      92.70     0.0644 5.1436e-02 3.7517e-18     82.899  41.938054    6.19590    35.2886    35.2905    27.3636    1487.13    1486.62 0.0000e+00
       2006     63.000     8.8803     8.8808   3.733503   3.733740     2.6453      91.81     0.0671 5.1449e-02 1.1174e-07     83.525  41.938062    6.19262    35.2885    35.2905    27.3638    1487.14    1486.63 0.0000e+00
       2020     64.000     8.8797     8.8801   3.733504   3.733717     2.6446      90.95     0.0665 5.1447e-02 1.8998e-01     84.140  41.938069    6.18842    35.2886    35.2904    27.3640    1487.16    1486.64 0.0000e+00
       2035     65.000     8.8797     8.8797   3.733535   3.733730     2.6432      89.98     0.0639 5.1437e-02 -1.371e-03     84.755  41.938076    6.18287    35.2884    35.2905    27.3638    1487.17    1486.64 0.0000e+00
       2050     66.000     8.8798     8.8799   3.733603   3.733797     2.6415      88.89     0.0643 5.1428e-02 3.7983e-10     85.375  41.938083    6.18355    35.2886    35.2905    27.3639    1487.19    1486.65 0.0000e+00
       2065     67.000     8.8798     8.8799   3.733644   3.733837     2.6416      88.04     0.0645 5.1465e-02 9.3909e-20     85.985  41.938090    6.18997    35.2885    35.2904    27.3639    1487.21    1486.66 0.0000e+00
       2079     68.000     8.8801     8.8802   3.733728   3.733914     2.6415      86.89     0.0619 5.1449e-02 2.4240e-31     86.599  41.938097    6.19073    35.2886    35.2905    27.3639    1487.22    1486.67 0.0000e+00
       2094     69.000     8.8802     8.8804   3.733781   3.733968     2.6413      85.91     0.0620 5.1428e-02 -6.182e-42     87.198  41.938104    6.18984    35.2886    35.2904    27.3639    1487.24    1486.68 0.0000e+00
       2108     70.000     8.8802     8.8804   3.733823   3.734015     2.6412      85.01     0.0627 5.1428e-02 6.3663e-35     87.794  41.938111    6.18688    35.2886    35.2904    27.3639    1487.26    1486.69 0.0000e+00
       2122     71.000     8.8802     8.8804   3.733879   3.734067     2.6402      83.98     0.0629 5.1459e-02 1.7462e-24     88.389  41.938118    6.17726    35.2887    35.2904    27.3640    1487.27    1486.69 0.0000e+00
       2137     72.000     8.8804     8.8805   3.733940   3.734125     2.6381      83.24     0.0622 5.1480e-02 4.6357e-14     88.985  41.938125    6.16858    35.2886    35.2905    27.3639    1487.29    1486.70 0.0000e+00
       2151     73.000     8.8806     8.8807   3.733998   3.734188     2.6358      82.11     0.0629 5.1447e-02 6.2104e-03     89.586  41.938132    6.17070    35.2886    35.2905    27.3638    1487.31    1486.71 0.0000e+00
       2216     74.000     8.8810     8.8811   3.734086   3.734280     2.6387      80.82     0.0634 5.1460e-02 3.6530e-01     92.301  41.938163    6.19071    35.2886    35.2905    27.3638    1487.33    1486.72 0.0000e+00
       2292     75.000     8.8812     8.8814   3.734144   3.734346     2.6423      79.48     0.0629 5.1463e-02 -1.056e-03     95.446  41.938200    6.20026    35.2885    35.2905    27.3637    1487.34    1486.73 0.0000e+00
       2307     76.000     8.8813     8.8816   3.734206   3.734414     2.6424      78.61     0.0633 5.1447e-02 7.8704e-01     96.089  41.938207    6.19716    35.2886    35.2905    27.3637    1487.36    1486.74 0.0000e+00
       2322     77.000     8.8812     8.8817   3.734247   3.734466     2.6416      77.70     0.0625 5.1477e-02 -1.849e-02     96.723  41.938214    6.18972    35.2887    35.2905    27.3638    1487.38    1486.74 0.0000e+00
       2337     78.000     8.8816     8.8818   3.734330   3.734525     2.6401      76.76     0.0603 5.1447e-02 -1.144e-08     97.337  41.938221    6.18251    35.2887    35.2905    27.3637    1487.39    1486.75 0.0000e+00
       2352     79.000     8.8819     8.8822   3.734406   3.734601     2.6383      76.01     0.0596 5.1447e-02 1.2805e-01     97.951  41.938229    6.17666    35.2887    35.2904    27.3637    1487.41    1486.76 0.0000e+00
       2366     80.000     8.8818     8.8819   3.734434   3.734627     2.6368      74.87     0.0617 5.1439e-02 4.4456e-04     98.561  41.938236    6.17325    35.2886    35.2905    27.3636    1487.43    1486.77 0.0000e+00
