IBTS/IBTS_CruiseNotebook/Data/CTD/sta0017.cnv
* Sea-Bird SBE 9 Data File:
* FileName = C:\Seabird\CTDData\sta0017.hex
* Software Version Seasave V 7.21f
* Temperature SN = 2491
* Conductivity SN = 2694
* Number of Bytes Per Scan = 40
* Number of Voltage Words = 5
* Number of Scans Averaged by the Deck Unit = 1
* NMEA Latitude = 61 47.47 N
* NMEA Longitude = 001 10.84 E
* NMEA UTC (Time) = Feb 11 2020 20:22:29
* NMEA baud rate = 4800
** Ship: 10 F/F "G. O. Sars"
** Station: 0017
** Echodepth: 187
** Log: 7910.0
** Wind-Dir Force: 32 23
** Air-temp (dry): 5.0
** Weather Sky:
** Sea Ice:
# nquan = 20                                
# nvalues = 179                         
# units = specified
# name 0 = scan: Scan Count
# name 1 = prDM: Pressure, Digiquartz [db]
# name 2 = t068C: Temperature [ITS-68, deg C]
# name 3 = t168C: Temperature, 2 [ITS-68, deg C]
# name 4 = c0S/m: Conductivity [S/m]
# name 5 = c1S/m: Conductivity, 2 [S/m]
# name 6 = sbeox0V: Oxygen raw, SBE 43 [V]
# name 7 = altM: Altimeter [m]
# name 8 = flC: Fluorescence, Chelsea Aqua 3 Chl Con [ug/l]
# name 9 = par: PAR/Irradiance, Biospherical/Licor
# name 10 = spar: SPAR/Surface Irradiance
# name 11 = timeS: Time, Elapsed [seconds]
# name 12 = timeJ: Julian Days
# name 13 = sbeox0ML/L: Oxygen, SBE 43 [ml/l], WS = 2
# name 14 = sal00: Salinity, Practical [PSU]
# name 15 = sal11: Salinity, Practical, 2 [PSU]
# name 16 = sigma-t00: Density [sigma-t, Kg/m^3 ]
# name 17 = svCM: Sound Velocity [Chen-Millero, m/s]
# name 18 = avgsvCM: Average Sound Velocity [Chen-Millero, m/s], minP = 1, minS = 5
# name 19 = flag: flag
# span 0 =          6,       5516       
# span 1 =      3.000,    181.000       
# span 2 =     8.9245,     8.9471       
# span 3 =     8.9251,     8.9471       
# span 4 =   3.733882,   3.742629       
# span 5 =   3.734165,   3.742755       
# span 6 =     2.5663,     2.6407       
# span 7 =       1.16,      99.37       
# span 8 =     0.0354,     0.0551       
# span 9 = 5.1417e-02, 1.2186e+00       
# span 10 = -4.876e-02, 2.0277e+00      
# span 11 =      0.213,    229.811      
# span 12 =  42.848972,  42.851630      
# span 13 =    6.04253,    6.14623      
# span 14 =    35.2722,    35.2771      
# span 15 =    35.2731,    35.2788      
# span 16 =    27.3428,    27.3472      
# span 17 =    1486.31,    1489.27      
# span 18 =    1486.31,    1487.80      
# span 19 = 0.0000e+00, 0.0000e+00      
# interval = decibars: 1                
# start_time = Feb 11 2020 20:22:31 [System UTC, header]
# bad_flag = -9.990e-29
*END*
[from data line 73]
       2646     76.000     8.9430     8.9432   3.738848   3.739017     2.6229      98.86     0.0434 5.1426e-02 7.0314e-01    110.202  42.850245    6.13027    35.2761    35.2777    27.3440    1487.57    1486.93 0.0000e+00
       2661     77.000     8.9431     8.9431   3.738902   3.739045     2.6226      97.09     0.0454 5.1437e-02 4.3095e-01    110.840  42.850253    6.12933    35.2761    35.2776    27.3440    1487.59    1486.94 0.0000e+00
       2676     78.000     8.9433     8.9434   3.738977   3.739126     2.6211      89.56     0.0472 5.1477e-02 1.6573e+00    111.468  42.850260    6.12691    35.2762    35.2777    27.3441    1487.61    1486.95 0.0000e+00
       2691     79.000     8.9433     8.9434   3.739011   3.739157     2.6214      98.89     0.0440 5.1437e-02 1.9444e+00    112.085  42.850267    6.13075    35.2761    35.2775    27.3440    1487.62    1486.96 0.0000e+00
       2706     80.000     8.9433     8.9433   3.739051   3.739205     2.6205      98.86     0.0414 5.1480e-02 1.9435e+00    112.712  42.850274    6.12872    35.2760    35.2777    27.3439    1487.64    1486.96 0.0000e+00
       2726     81.000     8.9432     8.9434   3.739085   3.739249     2.6204      98.86     0.0437 5.1477e-02 -9.990e-29    113.537  42.850284    6.12778    35.2760    35.2775    27.3439    1487.65    1486.97 0.0000e+00
       2746     82.000     8.9434     8.9436   3.739155   3.739326     2.6189      84.03     0.0469 5.1469e-02 -9.990e-29    114.388  42.850294    6.12961    35.2761    35.2777    27.3439    1487.67    1486.98 0.0000e+00
       2765     83.000     8.9438     8.9441   3.739250   3.739422     2.6205      98.93     0.0476 5.1452e-02 -9.990e-29    115.170  42.850303    6.13860    35.2762    35.2777    27.3440    1487.69    1486.99 0.0000e+00
       2782     84.000     8.9442     8.9443   3.739349   3.739489     2.6204      98.87     0.0477 5.1454e-02 -9.990e-29    115.857  42.850311    6.13148    35.2764    35.2777    27.3440    1487.71    1487.00 0.0000e+00
       2798     85.000     8.9441     8.9443   3.739365   3.739535     2.6198      98.86     0.0485 5.1485e-02 1.2922e+00    116.521  42.850319    6.11685    35.2761    35.2777    27.3439    1487.72    1487.01 0.0000e+00
       2821     86.000     8.9439     8.9442   3.739376   3.739547     2.6157      89.04     0.0466 5.1457e-02 1.0196e+00    117.488  42.850330    6.11599    35.2760    35.2775    27.3438    1487.74    1487.02 0.0000e+00
       2859     87.000     8.9441     8.9440   3.739428   3.739573     2.6172      99.37     0.0446 5.1454e-02 -4.876e-02    119.093  42.850348    6.13348    35.2759    35.2775    27.3436    1487.76    1487.02 0.0000e+00
       2892     88.000     8.9438     8.9438   3.739411   3.739583     2.6181      91.29     0.0493 5.1470e-02 7.0999e-02    120.470  42.850364    6.13627    35.2755    35.2773    27.3434    1487.77    1487.03 0.0000e+00
       2917     89.000     8.9444     8.9445   3.739560   3.739717     2.6192      98.72     0.0517 5.1471e-02 3.5686e-01    121.491  42.850376    6.13674    35.2760    35.2775    27.3437    1487.79    1487.04 0.0000e+00
       2937     90.000     8.9445     8.9446   3.739612   3.739777     2.6191      97.94     0.0494 5.1487e-02 1.4546e+00    122.352  42.850386    6.13376    35.2759    35.2776    27.3437    1487.81    1487.05 0.0000e+00
       2956     91.000     8.9441     8.9442   3.739586   3.739755     2.6186      97.06     0.0470 5.1463e-02 1.1205e+00    123.141  42.850395    6.12769    35.2756    35.2773    27.3434    1487.82    1487.06 0.0000e+00
       2976     92.000     8.9433     8.9432   3.739550   3.739711     2.6167      87.32     0.0453 5.1461e-02 1.9480e+00    123.942  42.850404    6.12416    35.2755    35.2773    27.3435    1487.83    1487.07 0.0000e+00
       2997     93.000     8.9416     8.9414   3.739404   3.739551     2.6173      88.18     0.0449 5.1460e-02 1.9438e+00    124.854  42.850415    6.14319    35.2752    35.2769    27.3435    1487.84    1487.07 0.0000e+00
       3022     94.000     8.9416     8.9416   3.739456   3.739608     2.6195      95.99     0.0427 5.1476e-02 7.6911e-01    125.882  42.850427    6.14357    35.2753    35.2769    27.3436    1487.86    1487.08 0.0000e+00
       3047     95.000     8.9428     8.9428   3.739637   3.739775     2.6194      92.79     0.0452 5.1493e-02 1.3158e+00    126.904  42.850439    6.14044    35.2755    35.2770    27.3436    1487.88    1487.09 0.0000e+00
       3072     96.000     8.9435     8.9436   3.739732   3.739917     2.6189      91.97     0.0448 5.1465e-02 3.9115e-01    127.955  42.850451    6.13313    35.2753    35.2772    27.3433    1487.90    1487.10 0.0000e+00
       3096     97.000     8.9435     8.9436   3.739785   3.739962     2.6169      91.05     0.0443 5.1462e-02 -6.539e-03    128.975  42.850463    6.12502    35.2754    35.2772    27.3434    1487.92    1487.11 0.0000e+00
       3117     98.000     8.9433     8.9431   3.739819   3.739956     2.6156      90.15     0.0451 5.1479e-02 7.2067e-02    129.830  42.850473    6.12762    35.2755    35.2771    27.3435    1487.93    1487.12 0.0000e+00
       3136     99.000     8.9434     8.9434   3.739879   3.740042     2.6154      89.27     0.0472 5.1456e-02 3.3916e-01    130.628  42.850482    6.13133    35.2755    35.2772    27.3435    1487.95    1487.12 0.0000e+00
       3155    100.000     8.9434     8.9433   3.739915   3.740068     2.6153      88.49     0.0483 5.1466e-02 9.7208e-01    131.398  42.850491    6.13171    35.2754    35.2771    27.3434    1487.97    1487.13 0.0000e+00
       3172    101.000     8.9434     8.9435   3.739972   3.740130     2.6152      87.44     0.0488 5.1478e-02 1.9538e+00    132.132  42.850499    6.12697    35.2756    35.2771    27.3435    1487.98    1487.14 0.0000e+00
       3190    102.000     8.9437     8.9438   3.740035   3.740207     2.6135      86.41     0.0493 5.1471e-02 1.9438e+00    132.884  42.850508    6.11928    35.2754    35.2771    27.3434    1488.00    1487.15 0.0000e+00
       3211    103.000     8.9436     8.9436   3.740069   3.740214     2.6121      85.37     0.0480 5.1451e-02 1.7668e+00    133.730  42.850518    6.11591    35.2754    35.2769    27.3434    1488.02    1487.16 0.0000e+00
       3233    104.000     8.9436     8.9437   3.740100   3.740269     2.6101      84.32     0.0456 5.1464e-02 1.1372e+00    134.663  42.850529    6.10976    35.2753    35.2769    27.3433    1488.03    1487.17 0.0000e+00
       3253    105.000     8.9440     8.9440   3.740200   3.740365     2.6084      83.37     0.0405 5.1458e-02 1.7407e+00    135.499  42.850538    6.11263    35.2754    35.2772    27.3433    1488.05    1487.18 0.0000e+00
       3270    106.000     8.9441     8.9441   3.740265   3.740422     2.6088      82.42     0.0426 5.1458e-02 5.5262e-01    136.223  42.850546    6.11768    35.2755    35.2772    27.3434    1488.07    1487.18 0.0000e+00
       3294    107.000     8.9440     8.9441   3.740280   3.740455     2.6084      81.17     0.0476 5.1466e-02 1.5907e+00    137.221  42.850558    6.11943    35.2753    35.2771    27.3432    1488.08    1487.19 0.0000e+00
       3384    108.000     8.9443     8.9443   3.740348   3.740516     2.6107      79.76     0.0488 5.1476e-02 -9.990e-29    140.960  42.850601    6.13119    35.2753    35.2770    27.3431    1488.10    1487.20 0.0000e+00
       3427    109.000     8.9446     8.9447   3.740454   3.740616     2.6116      78.97     0.0509 5.1460e-02 -9.990e-29    142.733  42.850622    6.12683    35.2756    35.2772    27.3434    1488.12    1487.21 0.0000e+00
       3442    110.000     8.9445     8.9446   3.740495   3.740655     2.6106      78.25     0.0479 5.1436e-02 -9.990e-29    143.395  42.850629    6.11958    35.2756    35.2772    27.3434    1488.14    1487.22 0.0000e+00
       3458    111.000     8.9444     8.9447   3.740529   3.740694     2.6096      77.44     0.0479 5.1456e-02 -9.990e-29    144.034  42.850637    6.11842    35.2756    35.2771    27.3434    1488.15    1487.23 0.0000e+00
       3473    112.000     8.9444     8.9445   3.740574   3.740734     2.6091      76.42     0.0456 5.1451e-02 -9.990e-29    144.684  42.850644    6.12257    35.2756    35.2772    27.3434    1488.17    1487.23 0.0000e+00
       3509    113.000     8.9440     8.9441   3.740533   3.740707     2.6090      74.94     0.0463 5.1457e-02 -9.990e-29    146.172  42.850662    6.12271    35.2751    35.2768    27.3431    1488.18    1487.24 0.0000e+00
       3546    114.000     8.9444     8.9444   3.740630   3.740801     2.6083      73.94     0.0481 5.1451e-02 -9.990e-29    147.727  42.850680    6.12741    35.2752    35.2770    27.3431    1488.20    1487.25 0.0000e+00
       3564    115.000     8.9445     8.9448   3.740711   3.740890     2.6097      73.25     0.0485 5.1499e-02 -9.990e-29    148.473  42.850688    6.13372    35.2755    35.2771    27.3433    1488.22    1487.26 0.0000e+00
       3580    116.000     8.9446     8.9449   3.740767   3.740949     2.6102      72.49     0.0489 5.1466e-02 -9.990e-29    149.133  42.850696    6.12894    35.2755    35.2771    27.3433    1488.23    1487.27 0.0000e+00
       3595    117.000     8.9450     8.9452   3.740854   3.741022     2.6095      71.57     0.0492 5.1447e-02 1.9438e+00    149.764  42.850703    6.12222    35.2756    35.2771    27.3433    1488.25    1487.28 0.0000e+00
       3610    118.000     8.9451     8.9453   3.740908   3.741071     2.6084      70.76     0.0476 5.1437e-02 1.9438e+00    150.390  42.850710    6.11980    35.2756    35.2771    27.3433    1488.27    1487.28 0.0000e+00
       3625    119.000     8.9452     8.9454   3.740955   3.741131     2.6078      69.76     0.0462 5.1467e-02 1.8965e+00    151.008  42.850718    6.11950    35.2755    35.2771    27.3432    1488.29    1487.29 0.0000e+00
       3640    120.000     8.9453     8.9452   3.741025   3.741148     2.6071      68.72     0.0460 5.1466e-02 6.8664e-01    151.629  42.850725    6.12022    35.2756    35.2770    27.3433    1488.30    1487.30 0.0000e+00
       3655    121.000     8.9452     8.9455   3.741043   3.741213     2.6069      67.87     0.0475 5.1457e-02 1.9211e+00    152.239  42.850732    6.11938    35.2754    35.2769    27.3432    1488.32    1487.31 0.0000e+00
       3670    122.000     8.9454     8.9457   3.741112   3.741287     2.6060      66.79     0.0444 5.1446e-02 7.8723e-01    152.865  42.850739    6.11431    35.2755    35.2770    27.3432    1488.34    1487.32 0.0000e+00
       3692    123.000     8.9452     8.9453   3.741132   3.741289     2.6047      65.50     0.0426 5.1456e-02 1.8872e+00    153.810  42.850750    6.11946    35.2754    35.2770    27.3431    1488.35    1487.33 0.0000e+00
       3730    124.000     8.9452     8.9453   3.741156   3.741342     2.6065      64.03     0.0498 5.1447e-02 1.3935e+00    155.380  42.850768    6.12829    35.2752    35.2771    27.3430    1488.37    1487.33 0.0000e+00
       3771    125.000     8.9452     8.9453   3.741199   3.741384     2.6053      62.93     0.0521 5.1459e-02 1.3379e+00    157.092  42.850788    6.11916    35.2752    35.2770    27.3429    1488.38    1487.34 0.0000e+00
       3797    126.000     8.9457     8.9456   3.741298   3.741467     2.6056      62.11     0.0551 5.1445e-02 1.9600e+00    158.157  42.850800    6.12677    35.2752    35.2771    27.3429    1488.40    1487.35 0.0000e+00
       3816    127.000     8.9456     8.9457   3.741345   3.741505     2.6058      61.27     0.0541 5.1459e-02 8.4153e-01    158.955  42.850810    6.12451    35.2754    35.2769    27.3430    1488.42    1487.36 0.0000e+00
       3832    128.000     8.9461     8.9463   3.741452   3.741601     2.6053      60.37     0.0489 5.1445e-02 1.3347e+00    159.643  42.850818    6.12016    35.2755    35.2769    27.3431    1488.44    1487.37 0.0000e+00
       3849    129.000     8.9463     8.9464   3.741522   3.741681     2.6044      59.51     0.0470 5.1477e-02 1.3713e+00    160.318  42.850826    6.11662    35.2756    35.2771    27.3431    1488.45    1487.38 0.0000e+00
       3868    130.000     8.9459     8.9460   3.741519   3.741683     2.6034      58.39     0.0477 5.1458e-02 1.9257e+00    161.120  42.850835    6.11947    35.2754    35.2771    27.3430    1488.47    1487.39 0.0000e+00
       3893    131.000     8.9458     8.9458   3.741550   3.741703     2.6043      57.18     0.0467 5.1457e-02 1.9438e+00    162.150  42.850847    6.13205    35.2754    35.2770    27.3430    1488.49    1487.39 0.0000e+00
       3918    132.000     8.9460     8.9461   3.741609   3.741769     2.6061      56.18     0.0465 5.1478e-02 1.9438e+00    163.191  42.850859    6.13804    35.2753    35.2769    27.3429    1488.50    1487.40 0.0000e+00
       3937    133.000     8.9462     8.9464   3.741675   3.741852     2.6070      55.08     0.0488 5.1474e-02 1.9438e+00    164.004  42.850868    6.13474    35.2754    35.2770    27.3429    1488.52    1487.41 0.0000e+00
       3954    134.000     8.9463     8.9466   3.741729   3.741909     2.6066      54.17     0.0508 5.1482e-02 1.9438e+00    164.696  42.850876    6.12574    35.2753    35.2769    27.3429    1488.54    1487.42 0.0000e+00
       3970    135.000     8.9456     8.9458   3.741711   3.741876     2.6049      53.29     0.0471 5.1443e-02 1.9438e+00    165.386  42.850884    6.11771    35.2754    35.2769    27.3430    1488.55    1487.43 0.0000e+00
       3994    136.000     8.9450     8.9452   3.741673   3.741856     2.6028      51.81     0.0436 5.1441e-02 1.5227e+00    166.383  42.850896    6.11546    35.2751    35.2768    27.3429    1488.56    1487.44 0.0000e+00
       4070    137.000     8.9471     8.9471   3.741940   3.742100     2.6012      50.86     0.0481 5.1450e-02 1.9095e+00    169.562  42.850932    6.11985    35.2753    35.2770    27.3428    1488.59    1487.44 0.0000e+00
       4092    138.000     8.9465     8.9465   3.741941   3.742075     2.6010      50.36     0.0486 5.1434e-02 1.9448e+00    170.455  42.850943    6.11868    35.2755    35.2769    27.3430    1488.60    1487.45 0.0000e+00
       4109    139.000     8.9463     8.9469   3.741975   3.742166     2.6009      49.49     0.0504 5.1435e-02 1.9438e+00    171.168  42.850951    6.11179    35.2755    35.2770    27.3430    1488.62    1487.46 0.0000e+00
       4125    140.000     8.9464     8.9468   3.742031   3.742199     2.5987      48.67     0.0486 5.1437e-02 1.9423e+00    171.826  42.850959    6.09768    35.2756    35.2769    27.3430    1488.64    1487.47 0.0000e+00
       4140    141.000     8.9467     8.9471   3.742118   3.742280     2.5962      47.85     0.0469 5.1463e-02 7.4786e-01    172.469  42.850966    6.08840    35.2757    35.2770    27.3431    1488.65    1487.48 0.0000e+00
       4156    142.000     8.9452     8.9470   3.742008   3.742314     2.5938      46.75     0.0471 5.1457e-02 6.5127e-01    173.112  42.850974    6.08376    35.2755    35.2770    27.3432    1488.66    1487.49 0.0000e+00
       4171    143.000     8.9453     8.9460   3.742050   3.742243     2.5916      45.72     0.0474 5.1437e-02 1.9456e+00    173.751  42.850981    6.07976    35.2754    35.2767    27.3431    1488.68    1487.49 0.0000e+00
       4186    144.000     8.9432     8.9443   3.741885   3.742103     2.5895      44.89     0.0467 5.1447e-02 1.9438e+00    174.378  42.850988    6.07719    35.2753    35.2765    27.3433    1488.69    1487.50 0.0000e+00
       4201    145.000     8.9428     8.9436   3.741877   3.742059     2.5880      43.73     0.0487 5.1466e-02 1.9438e+00    174.998  42.850995    6.07670    35.2751    35.2762    27.3433    1488.70    1487.51 0.0000e+00
       4216    146.000     8.9430     8.9434   3.741941   3.742080     2.5870      42.64     0.0469 5.1470e-02 -9.990e-29    175.611  42.851003    6.07329    35.2751    35.2762    27.3432    1488.72    1487.52 0.0000e+00
