IBTS/IBTS_CruiseNotebook/Data/CTD/sta0012.cnv
* Sea-Bird SBE 9 Data File:
* FileName = C:\Seabird\CTDData\sta0012.hex
* Software Version Seasave V 7.21f
* Temperature SN = 2491
* Conductivity SN = 2694
* Number of Bytes Per Scan = 40
* Number of Voltage Words = 5
* Number of Scans Averaged by the Deck Unit = 1
* NMEA Latitude = 61 14.92 N
* NMEA Longitude = 002 09.38 E
* NMEA UTC (Time) = Feb 11 2020 04:42:14
* NMEA baud rate = 4800
** Ship: 10 F/F "G. O. Sars"
** Station: 0012
** Echodepth: 194
** Log: 7816.10
** Wind-Dir Force: 27 29
** Air-temp (dry): 5.3
** Weather Sky:
** Sea Ice:
# nquan = 20                                
# nvalues = 184                         
# units = specified
# name 0 = scan: Scan Count
# name 1 = prDM: Pressure, Digiquartz [db]
# name 2 = t068C: Temperature [ITS-68, deg C]
# name 3 = t168C: Temperature, 2 [ITS-68, deg C]
# name 4 = c0S/m: Conductivity [S/m]
# name 5 = c1S/m: Conductivity, 2 [S/m]
# name 6 = sbeox0V: Oxygen raw, SBE 43 [V]
# name 7 = altM: Altimeter [m]
# name 8 = flC: Fluorescence, Chelsea Aqua 3 Chl Con [ug/l]
# name 9 = par: PAR/Irradiance, Biospherical/Licor
# name 10 = spar: SPAR/Surface Irradiance
# name 11 = timeS: Time, Elapsed [seconds]
# name 12 = timeJ: Julian Days
# name 13 = sbeox0ML/L: Oxygen, SBE 43 [ml/l], WS = 2
# name 14 = sal00: Salinity, Practical [PSU]
# name 15 = sal11: Salinity, Practical, 2 [PSU]
# name 16 = sigma-t00: Density [sigma-t, Kg/m^3 ]
# name 17 = svCM: Sound Velocity [Chen-Millero, m/s]
# name 18 = avgsvCM: Average Sound Velocity [Chen-Millero, m/s], minP = 1, minS = 5
# name 19 = flag: flag
# span 0 =        -73,       4353       
# span 1 =      4.000,    187.000       
# span 2 =     8.5013,     8.5737       
# span 3 =     8.5018,     8.5738       
# span 4 =   3.695986,   3.701436       
# span 5 =   3.696165,   3.701585       
# span 6 =     2.5939,     2.6472       
# span 7 =       8.46,      99.42       
# span 8 =     0.0381,     0.0560       
# span 9 = 5.1428e-02, 1.1964e+00       
# span 10 = -6.760e-04, 1.9503e+00      
# span 11 =     -3.091,    181.323      
# span 12 =  42.195983,  42.198117      
# span 13 =    6.18013,    6.23157      
# span 14 =    35.2334,    35.2445      
# span 15 =    35.2352,    35.2466      
# span 16 =    27.3771,    27.3811      
# span 17 =    1484.94,    1487.76      
# span 18 =    1484.95,    1486.37      
# span 19 = 0.0000e+00, 0.0000e+00      
# interval = decibars: 1                
# start_time = Feb 11 2020 04:42:16 [System UTC, header]
# bad_flag = -9.990e-29
*END*
[from data line 73]
       1971     77.000     8.5729     8.5728   3.700937   3.701084     2.6269      85.63     0.0497 5.1460e-02 1.9438e+00     82.063  42.196968    6.19763    35.2438    35.2454    27.3775    1486.18    1485.54 0.0000e+00
       1993     78.000     8.5733     8.5731   3.701017   3.701160     2.6271      99.42     0.0481 5.1463e-02 1.9438e+00     83.016  42.196979    6.20490    35.2438    35.2455    27.3774    1486.20    1485.55 0.0000e+00
       2016     79.000     8.5718     8.5718   3.700887   3.701042     2.6279      98.86     0.0489 5.1520e-02 1.9438e+00     83.959  42.196990    6.21255    35.2434    35.2450    27.3774    1486.21    1485.56 0.0000e+00
       2033     80.000     8.5723     8.5715   3.701006   3.701065     2.6283      91.80     0.0470 5.1462e-02 1.9438e+00     84.659  42.196998    6.21162    35.2437    35.2451    27.3775    1486.23    1485.57 0.0000e+00
       2048     81.000     8.5720     8.5722   3.701000   3.701188     2.6285      92.84     0.0452 5.1457e-02 1.9438e+00     85.290  42.197006    6.21314    35.2434    35.2452    27.3774    1486.24    1485.58 0.0000e+00
       2064     82.000     8.5705     8.5708   3.700890   3.701073     2.6290      98.35     0.0456 5.1510e-02 1.9438e+00     85.978  42.197014    6.21469    35.2433    35.2449    27.3775    1486.25    1485.58 0.0000e+00
       2126     83.000     8.5711     8.5709   3.700967   3.701108     2.6301      98.86     0.0463 5.1476e-02 1.9438e+00     88.547  42.197043    6.22277    35.2430    35.2447    27.3772    1486.27    1485.59 0.0000e+00
       2161     84.000     8.5708     8.5702   3.700993   3.701095     2.6312      98.86     0.0474 5.1447e-02 1.9438e+00     90.015  42.197060    6.21758    35.2431    35.2448    27.3773    1486.29    1485.60 0.0000e+00
       2178     85.000     8.5717     8.5711   3.701160   3.701240     2.6297      85.17     0.0482 5.1445e-02 1.9438e+00     90.705  42.197068    6.21105    35.2435    35.2449    27.3775    1486.31    1485.61 0.0000e+00
       2194     86.000     8.5723     8.5726   3.701256   3.701449     2.6294      90.85     0.0484 5.1463e-02 1.9438e+00     91.357  42.197076    6.21688    35.2434    35.2452    27.3773    1486.32    1485.62 0.0000e+00
       2208     87.000     8.5733     8.5730   3.701431   3.701543     2.6298      98.84     0.0453 5.1449e-02 1.9438e+00     91.977  42.197083    6.21776    35.2438    35.2453    27.3775    1486.35    1485.63 0.0000e+00
       2223     88.000     8.5732     8.5731   3.701436   3.701585     2.6291      98.86     0.0412 5.1447e-02 1.9438e+00     92.591  42.197090    6.20657    35.2435    35.2451    27.3772    1486.36    1485.63 0.0000e+00
       2238     89.000     8.5643     8.5648   3.700527   3.700769     2.6275      98.86     0.0425 5.1428e-02 1.9438e+00     93.203  42.197097    6.19377    35.2422    35.2443    27.3776    1486.34    1485.64 0.0000e+00
       2253     90.000     8.5642     8.5642   3.700573   3.700719     2.6235      80.77     0.0438 5.1532e-02 1.9438e+00     93.815  42.197104    6.18833    35.2423    35.2439    27.3777    1486.36    1485.65 0.0000e+00
       2267     91.000     8.5666     8.5666   3.700885   3.701018     2.6235      93.74     0.0473 5.1494e-02 1.9438e+00     94.431  42.197111    6.19911    35.2427    35.2442    27.3777    1486.38    1485.66 0.0000e+00
       2282     92.000     8.5698     8.5694   3.701238   3.701355     2.6227      98.87     0.0498 5.1505e-02 1.9438e+00     95.042  42.197119    6.20109    35.2428    35.2445    27.3772    1486.41    1485.67 0.0000e+00
       2296     93.000     8.5681     8.5683   3.701093   3.701294     2.6227      98.87     0.0509 5.1470e-02 1.9438e+00     95.638  42.197125    6.20286    35.2425    35.2444    27.3773    1486.42    1485.67 0.0000e+00
       2315     94.000     8.5687     8.5688   3.701217   3.701391     2.6222      88.18     0.0512 5.1481e-02 1.9438e+00     96.422  42.197135    6.19855    35.2427    35.2445    27.3773    1486.44    1485.68 0.0000e+00
       2382     95.000     8.5690     8.5689   3.701272   3.701445     2.6224      87.07     0.0490 5.1477e-02 1.9438e+00     99.201  42.197167    6.20929    35.2425    35.2445    27.3771    1486.46    1485.69 0.0000e+00
       2415     96.000     8.5684     8.5679   3.701264   3.701387     2.6251      94.38     0.0478 5.1508e-02 1.9438e+00    100.597  42.197183    6.22693    35.2425    35.2444    27.3773    1486.47    1485.70 0.0000e+00
       2434     97.000     8.5667     8.5666   3.701133   3.701288     2.6265      97.57     0.0473 5.1469e-02 1.9438e+00    101.369  42.197192    6.22287    35.2424    35.2441    27.3774    1486.48    1485.71 0.0000e+00
       2450     98.000     8.5665     8.5670   3.701177   3.701386     2.6265      96.95     0.0458 5.1486e-02 1.9438e+00    102.046  42.197200    6.21617    35.2426    35.2443    27.3776    1486.50    1485.72 0.0000e+00
       2465     99.000     8.5666     8.5665   3.701228   3.701378     2.6257      96.16     0.0435 5.1466e-02 1.9438e+00    102.684  42.197207    6.21243    35.2425    35.2442    27.3775    1486.52    1485.72 0.0000e+00
       2480    100.000     8.5660     8.5660   3.701216   3.701366     2.6252      95.33     0.0433 5.1472e-02 1.9438e+00    103.310  42.197214    6.21299    35.2425    35.2441    27.3776    1486.53    1485.73 0.0000e+00
       2495    101.000     8.5668     8.5669   3.701339   3.701508     2.6251      94.49     0.0453 5.1511e-02 1.9438e+00    103.935  42.197221    6.20789    35.2425    35.2442    27.3775    1486.55    1485.74 0.0000e+00
       2510    102.000     8.5659     8.5665   3.701271   3.701518     2.6231      93.38     0.0476 5.1495e-02 1.9438e+00    104.550  42.197229    6.19585    35.2422    35.2442    27.3774    1486.56    1485.75 0.0000e+00
       2525    103.000     8.5605     8.5615   3.700751   3.701033     2.6208      92.28     0.0490 5.1495e-02 1.9438e+00    105.158  42.197236    6.19242    35.2416    35.2436    27.3778    1486.56    1485.76 0.0000e+00
       2539    104.000     8.5602     8.5592   3.700755   3.700818     2.6196      91.31     0.0498 5.1480e-02 1.9438e+00    105.762  42.197243    6.19524    35.2415    35.2431    27.3777    1486.57    1485.76 0.0000e+00
       2554    105.000     8.5570     8.5551   3.700473   3.700424     2.6188      90.17     0.0485 5.1449e-02 1.9438e+00    106.355  42.197250    6.19603    35.2412    35.2426    27.3780    1486.58    1485.77 0.0000e+00
       2568    106.000     8.5558     8.5556   3.700398   3.700527     2.6180      89.29     0.0478 5.1472e-02 1.9438e+00    106.957  42.197256    6.19374    35.2411    35.2427    27.3781    1486.59    1485.78 0.0000e+00
       2599    107.000     8.5556     8.5558   3.700402   3.700587     2.6164      87.62     0.0508 5.1487e-02 1.9438e+00    108.240  42.197271    6.19965    35.2409    35.2426    27.3779    1486.60    1485.79 0.0000e+00
       2640    108.000     8.5551     8.5549   3.700376   3.700544     2.6191      86.44     0.0530 5.1457e-02 1.9438e+00    109.953  42.197291    6.21396    35.2406    35.2426    27.3778    1486.62    1485.79 0.0000e+00
       2670    109.000     8.5546     8.5548   3.700380   3.700571     2.6196      85.64     0.0487 5.1501e-02 1.9438e+00    111.210  42.197306    6.21061    35.2407    35.2425    27.3779    1486.63    1485.80 0.0000e+00
       2691    110.000     8.5547     8.5548   3.700439   3.700625     2.6202      84.91     0.0479 5.1464e-02 1.9438e+00    112.087  42.197316    6.21125    35.2407    35.2426    27.3780    1486.65    1485.81 0.0000e+00
       2708    111.000     8.5546     8.5547   3.700484   3.700645     2.6192      84.16     0.0476 5.1454e-02 1.9438e+00    112.806  42.197324    6.20404    35.2408    35.2424    27.3780    1486.67    1485.82 0.0000e+00
       2724    112.000     8.5554     8.5550   3.700611   3.700744     2.6186      83.29     0.0468 5.1486e-02 1.9438e+00    113.463  42.197332    6.20330    35.2409    35.2427    27.3780    1486.69    1485.83 0.0000e+00
       2739    113.000     8.5546     8.5544   3.700572   3.700714     2.6179      82.45     0.0476 5.1446e-02 1.9438e+00    114.097  42.197339    6.20398    35.2408    35.2425    27.3780    1486.70    1485.83 0.0000e+00
       2755    114.000     8.5543     8.5538   3.700596   3.700671     2.6179      81.56     0.0472 5.1436e-02 1.9438e+00    114.730  42.197347    6.20443    35.2408    35.2421    27.3781    1486.72    1485.84 0.0000e+00
       2772    115.000     8.5539     8.5542   3.700566   3.700761     2.6168      80.40     0.0429 5.1482e-02 1.9438e+00    115.461  42.197355    6.20278    35.2404    35.2422    27.3779    1486.73    1485.85 0.0000e+00
       2796    116.000     8.5540     8.5546   3.700621   3.700845     2.6171      79.12     0.0410 5.1483e-02 1.9438e+00    116.475  42.197367    6.20853    35.2404    35.2422    27.3779    1486.75    1485.86 0.0000e+00
       2827    117.000     8.5546     8.5552   3.700726   3.700967     2.6164      77.87     0.0445 5.1478e-02 1.9438e+00    117.744  42.197381    6.20161    35.2405    35.2424    27.3778    1486.77    1485.86 0.0000e+00
       2852    118.000     8.5527     8.5522   3.700559   3.700696     2.6158      76.91     0.0447 5.1480e-02 1.9438e+00    118.781  42.197393    6.20347    35.2401    35.2420    27.3778    1486.77    1485.87 0.0000e+00
       2869    119.000     8.5513     8.5513   3.700495   3.700642     2.6154      76.06     0.0432 5.1472e-02 1.9438e+00    119.511  42.197402    6.20488    35.2403    35.2419    27.3782    1486.79    1485.88 0.0000e+00
       2885    120.000     8.5494     8.5491   3.700312   3.700463     2.6155      75.15     0.0435 5.1448e-02 1.9438e+00    120.149  42.197409    6.20808    35.2398    35.2417    27.3781    1486.79    1485.89 0.0000e+00
       2900    121.000     8.5492     8.5490   3.700347   3.700481     2.6158      74.32     0.0441 5.1449e-02 1.9438e+00    120.772  42.197416    6.20705    35.2399    35.2415    27.3782    1486.81    1485.89 0.0000e+00
       2914    122.000     8.5494     8.5488   3.700402   3.700510     2.6153      73.25     0.0479 5.1486e-02 -9.990e-29    121.383  42.197423    6.19808    35.2398    35.2415    27.3781    1486.83    1485.90 0.0000e+00
       2929    123.000     8.5447     8.5448   3.699945   3.700130     2.6133      72.42     0.0480 5.1459e-02 -9.990e-29    121.989  42.197430    6.18934    35.2391    35.2410    27.3783    1486.83    1485.91 0.0000e+00
       2943    124.000     8.5469     8.5457   3.700236   3.700256     2.6119      71.41     0.0470 5.1457e-02 -9.990e-29    122.588  42.197437    6.18835    35.2396    35.2410    27.3783    1486.85    1485.92 0.0000e+00
       2965    125.000     8.5476     8.5481   3.700343   3.700553     2.6106      70.09     0.0471 5.1464e-02 -9.990e-29    123.500  42.197448    6.19309    35.2395    35.2412    27.3781    1486.87    1485.92 0.0000e+00
       2995    126.000     8.5475     8.5481   3.700365   3.700612     2.6109      68.79     0.0501 5.1463e-02 -9.990e-29    124.765  42.197463    6.20452    35.2394    35.2414    27.3780    1486.89    1485.93 0.0000e+00
       3038    127.000     8.5457     8.5456   3.700202   3.700381     2.6123      67.59     0.0497 5.1474e-02 -9.990e-29    126.537  42.197483    6.20377    35.2389    35.2409    27.3780    1486.89    1485.94 0.0000e+00
       3090    128.000     8.5470     8.5482   3.700406   3.700718     2.6109      66.65     0.0468 5.1464e-02 -9.990e-29    128.702  42.197508    6.20106    35.2393    35.2414    27.3781    1486.92    1485.95 0.0000e+00
       3110    129.000     8.5477     8.5482   3.700559   3.700770     2.6117      66.06     0.0461 5.1450e-02 1.9438e+00    129.522  42.197518    6.20591    35.2398    35.2415    27.3783    1486.94    1485.96 0.0000e+00
       3126    130.000     8.5503     8.5503   3.700879   3.701025     2.6118      65.25     0.0482 5.1436e-02 1.9438e+00    130.217  42.197526    6.20417    35.2401    35.2416    27.3782    1486.96    1485.96 0.0000e+00
       3142    131.000     8.5496     8.5508   3.700847   3.701127     2.6118      64.51     0.0492 5.1504e-02 1.9438e+00    130.864  42.197533    6.20719    35.2400    35.2417    27.3782    1486.98    1485.97 0.0000e+00
       3157    132.000     8.5475     8.5476   3.700651   3.700839     2.6122      63.55     0.0507 5.1476e-02 1.9438e+00    131.499  42.197541    6.21168    35.2395    35.2414    27.3781    1486.98    1485.98 0.0000e+00
       3172    133.000     8.5460     8.5465   3.700539   3.700747     2.6131      62.60     0.0483 5.1457e-02 1.9438e+00    132.122  42.197548    6.21230    35.2393    35.2410    27.3782    1486.99    1485.99 0.0000e+00
       3187    134.000     8.5450     8.5445   3.700463   3.700583     2.6127      61.65     0.0477 5.1495e-02 1.9438e+00    132.740  42.197555    6.20543    35.2390    35.2408    27.3782    1487.01    1485.99 0.0000e+00
       3201    135.000     8.5434     8.5419   3.700326   3.700361     2.6119      60.55     0.0460 5.1460e-02 1.9438e+00    133.349  42.197562    6.20046    35.2387    35.2406    27.3782    1487.02    1486.00 0.0000e+00
       3216    136.000     8.5426     8.5432   3.700309   3.700520     2.6105      59.67     0.0467 5.1466e-02 1.9438e+00    133.954  42.197569    6.19536    35.2388    35.2405    27.3784    1487.03    1486.01 0.0000e+00
       3230    137.000     8.5430     8.5429   3.700397   3.700532     2.6093      58.61     0.0462 5.1470e-02 1.9438e+00    134.554  42.197576    6.19344    35.2389    35.2404    27.3784    1487.05    1486.02 0.0000e+00
       3248    138.000     8.5482     8.5488   3.700972   3.701183     2.6082      57.42     0.0456 5.1485e-02 1.9438e+00    135.306  42.197585    6.19541    35.2393    35.2409    27.3779    1487.09    1486.02 0.0000e+00
       3282    139.000     8.5458     8.5462   3.700748   3.700943     2.6084      55.86     0.0491 5.1478e-02 1.9438e+00    136.704  42.197601    6.20611    35.2388    35.2405    27.3779    1487.09    1486.03 0.0000e+00
       3307    140.000     8.5429     8.5422   3.700485   3.700579     2.6094      54.96     0.0456 5.1471e-02 1.9438e+00    137.745  42.197613    6.20706    35.2385    35.2402    27.3781    1487.10    1486.04 0.0000e+00
       3329    141.000     8.5291     8.5266   3.699063   3.699010     2.6088      54.06     0.0487 5.1472e-02 1.9438e+00    138.674  42.197624    6.20333    35.2367    35.2386    27.3788    1487.06    1486.05 0.0000e+00
       3355    142.000     8.5195     8.5198   3.698085   3.698309     2.6082      53.01     0.0498 5.1488e-02 1.9438e+00    139.739  42.197636    6.20675    35.2354    35.2375    27.3793    1487.04    1486.05 0.0000e+00
       3381    143.000     8.5092     8.5083   3.697052   3.697161     2.6085      52.01     0.0491 5.1484e-02 1.9438e+00    140.845  42.197649    6.21409    35.2342    35.2363    27.3800    1487.02    1486.06 0.0000e+00
       3403    144.000     8.5070     8.5072   3.696884   3.697071     2.6092      51.19     0.0453 5.1479e-02 1.9438e+00    141.731  42.197659    6.21630    35.2341    35.2359    27.3803    1487.02    1486.07 0.0000e+00
       3420    145.000     8.5072     8.5073   3.696947   3.697118     2.6093      50.36     0.0427 5.1445e-02 1.9438e+00    142.438  42.197667    6.21815    35.2341    35.2358    27.3802    1487.04    1486.07 0.0000e+00
       3435    146.000     8.5075     8.5081   3.697042   3.697260     2.6099      49.53     0.0413 5.1466e-02 1.9438e+00    143.071  42.197675    6.22123    35.2344    35.2361    27.3804    1487.06    1486.08 0.0000e+00
       3450    147.000     8.5081     8.5082   3.697133   3.697305     2.6103      48.66     0.0456 5.1457e-02 1.9438e+00    143.696  42.197682    6.21894    35.2342    35.2360    27.3802    1487.08    1486.09 0.0000e+00
