IBTS/IBTS_CruiseNotebook/Data/CTD/sta0020.cnv
* Sea-Bird SBE 9 Data File:
* FileName = C:\Seabird\CTDData\sta0020.hex
* Software Version Seasave V 7.21f
* Temperature SN = 2491
* Conductivity SN = 2694
* Number of Bytes Per Scan = 40
* Number of Voltage Words = 5
* Number of Scans Averaged by the Deck Unit = 1
* NMEA Latitude = 61 39.00 N
* NMEA Longitude = 000 24.61 W
* NMEA UTC (Time) = Feb 12 2020 07:25:18
* NMEA baud rate = 4800
** Ship: 10 F/F "G. O. Sars"
** Station: 0020
** Echodepth: 210.5
** Log: 7978.95
** Wind-Dir Force: 31 31
** Air-temp (dry): 3.2
** Weather Sky:
** Sea Ice:
# nquan = 20                                
# nvalues = 197                         
# units = specified
# name 0 = scan: Scan Count
# name 1 = prDM: Pressure, Digiquartz [db]
# name 2 = t068C: Temperature [ITS-68, deg C]
# name 3 = t168C: Temperature, 2 [ITS-68, deg C]
# name 4 = c0S/m: Conductivity [S/m]
# name 5 = c1S/m: Conductivity, 2 [S/m]
# name 6 = sbeox0V: Oxygen raw, SBE 43 [V]
# name 7 = altM: Altimeter [m]
# name 8 = flC: Fluorescence, Chelsea Aqua 3 Chl Con [ug/l]
# name 9 = par: PAR/Irradiance, Biospherical/Licor
# name 10 = spar: SPAR/Surface Irradiance
# name 11 = timeS: Time, Elapsed [seconds]
# name 12 = timeJ: Julian Days
# name 13 = sbeox0ML/L: Oxygen, SBE 43 [ml/l], WS = 2
# name 14 = sal00: Salinity, Practical [PSU]
# name 15 = sal11: Salinity, Practical, 2 [PSU]
# name 16 = sigma-t00: Density [sigma-t, Kg/m^3 ]
# name 17 = svCM: Sound Velocity [Chen-Millero, m/s]
# name 18 = avgsvCM: Average Sound Velocity [Chen-Millero, m/s], minP = 1, minS = 5
# name 19 = flag: flag
# span 0 =        -94,       4791       
# span 1 =      8.000,    204.000       
# span 2 =     9.0088,     9.0621       
# span 3 =     9.0092,     9.0621       
# span 4 =   3.744909,   3.752943       
# span 5 =   3.745078,   3.753143       
# span 6 =     2.5699,     2.6315       
# span 7 =       7.95,     125.91       
# span 8 =     0.0429,     0.0591       
# span 9 = 5.1425e-02, 3.8460e-01       
# span 10 = 1.9438e+00, 1.9438e+00      
# span 11 =     -3.939,    199.591      
# span 12 =  43.309214,  43.311569      
# span 13 =    6.05891,    6.10806      
# span 14 =    35.2735,    35.2827      
# span 15 =    35.2754,    35.2844      
# span 16 =    27.3289,    27.3341      
# span 17 =    1486.81,    1489.94      
# span 18 =    1486.81,    1488.36      
# span 19 = 0.0000e+00, 0.0000e+00      
# interval = decibars: 1                
# start_time = Feb 12 2020 07:25:20 [System UTC, header]
# bad_flag = -9.990e-29
*END*
        -94      8.000     9.0384     9.0430   3.744991   3.745862     2.6235     125.91     0.0543 2.4331e-01 1.9438e+00     -3.939  43.309214    6.06590    35.2786    35.2832    27.3306    1486.81    1486.81 0.0000e+00
        120      9.000     9.0380     9.0367   3.745153   3.745291     2.6246      65.90     0.0480 3.8460e-01 1.9438e+00      4.939  43.309316    6.08111    35.2802    35.2830    27.3319    1486.82    1486.81 0.0000e+00
        583     10.000     9.0339     9.0334   3.744909   3.745078     2.6315      91.89     0.0496 3.2548e-01 1.9438e+00     24.258  43.309540    6.10139    35.2813    35.2835    27.3334    1486.83    1486.81 0.0000e+00
        589     11.000     9.0344     9.0334   3.745020   3.745109     2.6313      99.00     0.0440 2.8780e-01 1.9438e+00     24.516  43.309543    6.08740    35.2815    35.2834    27.3335    1486.84    1486.81 0.0000e+00
        607     12.000     9.0332     9.0331   3.744958   3.745125     2.6293      94.31     0.0459 2.2171e-01 1.9438e+00     25.241  43.309551    6.06983    35.2815    35.2834    27.3337    1486.86    1486.82 0.0000e+00
        623     13.000     9.0329     9.0333   3.744991   3.745189     2.6245      30.80     0.0453 2.0757e-01 1.9438e+00     25.912  43.309559    6.06822    35.2817    35.2834    27.3339    1486.87    1486.82 0.0000e+00
        643     14.000     9.0327     9.0326   3.744993   3.745178     2.6265      96.68     0.0459 1.8368e-01 1.9438e+00     26.766  43.309569    6.09231    35.2814    35.2835    27.3337    1486.89    1486.83 0.0000e+00
        670     15.000     9.0318     9.0320   3.744980   3.745158     2.6282      98.87     0.0478 1.4621e-01 1.9438e+00     27.865  43.309582    6.09276    35.2817    35.2834    27.3341    1486.90    1486.83 0.0000e+00
        692     16.000     9.0349     9.0348   3.745315   3.745451     2.6270      47.62     0.0462 1.3054e-01 1.9438e+00     28.775  43.309592    6.08814    35.2816    35.2832    27.3335    1486.93    1486.84 0.0000e+00
        710     17.000     9.0360     9.0358   3.745460   3.745607     2.6290      92.59     0.0464 1.3057e-01 1.9438e+00     29.528  43.309601    6.10014    35.2816    35.2833    27.3333    1486.95    1486.84 0.0000e+00
        726     18.000     9.0358     9.0359   3.745491   3.745664     2.6289      98.93     0.0446 1.0838e-01 1.9438e+00     30.194  43.309609    6.09381    35.2816    35.2834    27.3334    1486.96    1486.85 0.0000e+00
        741     19.000     9.0364     9.0360   3.745599   3.745718     2.6284      98.86     0.0450 9.5944e-02 1.9438e+00     30.845  43.309616    6.08618    35.2817    35.2833    27.3333    1486.98    1486.86 0.0000e+00
        758     20.000     9.0365     9.0369   3.745647   3.745856     2.6268      66.61     0.0446 8.7279e-02 1.9438e+00     31.531  43.309624    6.08486    35.2816    35.2834    27.3332    1487.00    1486.86 0.0000e+00
        781     21.000     9.0349     9.0348   3.745538   3.745703     2.6278      80.35     0.0464 7.5463e-02 1.9438e+00     32.496  43.309635    6.10095    35.2816    35.2834    27.3335    1487.01    1486.87 0.0000e+00
        813     22.000     9.0351     9.0366   3.745611   3.745936     2.6288      98.24     0.0476 7.1500e-02 1.9438e+00     33.852  43.309651    6.09135    35.2817    35.2836    27.3335    1487.03    1486.88 0.0000e+00
        846     23.000     9.0345     9.0340   3.745594   3.745736     2.6261      54.87     0.0477 6.7784e-02 1.9438e+00     35.203  43.309667    6.09125    35.2816    35.2836    27.3336    1487.04    1486.89 0.0000e+00
        871     24.000     9.0379     9.0389   3.745958   3.746233     2.6277     100.03     0.0473 6.3973e-02 1.9438e+00     36.258  43.309679    6.09661    35.2816    35.2835    27.3330    1487.07    1486.89 0.0000e+00
        891     25.000     9.0383     9.0385   3.746058   3.746222     2.6273      98.86     0.0429 6.4321e-02 1.9438e+00     37.103  43.309689    6.08471    35.2817    35.2833    27.3331    1487.09    1486.90 0.0000e+00
        909     26.000     9.0436     9.0445   3.746615   3.746845     2.6243      31.93     0.0433 6.0494e-02 1.9438e+00     37.844  43.309697    6.08015    35.2818    35.2834    27.3323    1487.13    1486.91 0.0000e+00
        927     27.000     9.0465     9.0464   3.746928   3.747077     2.6254      94.34     0.0454 6.0341e-02 1.9438e+00     38.564  43.309706    6.08969    35.2818    35.2834    27.3317    1487.15    1486.92 0.0000e+00
        944     28.000     9.0465     9.0465   3.746983   3.747146     2.6246      98.79     0.0455 5.6917e-02 1.9438e+00     39.272  43.309714    6.08125    35.2819    35.2836    27.3318    1487.17    1486.93 0.0000e+00
        960     29.000     9.0465     9.0468   3.747023   3.747212     2.6232      98.87     0.0469 5.6144e-02 1.9438e+00     39.975  43.309722    6.07156    35.2818    35.2835    27.3318    1487.19    1486.94 0.0000e+00
        977     30.000     9.0458     9.0459   3.747005   3.747180     2.6208      42.18     0.0496 5.3709e-02 1.9438e+00     40.665  43.309730    6.07524    35.2818    35.2836    27.3319    1487.20    1486.95 0.0000e+00
        994     31.000     9.0442     9.0441   3.746884   3.747050     2.6220      69.16     0.0502 5.2753e-02 1.9438e+00     41.355  43.309738    6.09368    35.2817    35.2835    27.3320    1487.21    1486.95 0.0000e+00
       1010     32.000     9.0439     9.0444   3.746920   3.747106     2.6239      99.45     0.0505 5.1435e-02 1.9438e+00     42.055  43.309746    6.09750    35.2819    35.2833    27.3322    1487.23    1486.96 0.0000e+00
       1028     33.000     9.0459     9.0458   3.747153   3.747298     2.6242      98.86     0.0503 5.1476e-02 1.9438e+00     42.807  43.309755    6.09239    35.2818    35.2835    27.3319    1487.25    1486.97 0.0000e+00
       1052     34.000     9.0461     9.0473   3.747201   3.747488     2.6244      53.35     0.0476 5.1453e-02 1.9438e+00     43.800  43.309766    6.09974    35.2817    35.2835    27.3317    1487.27    1486.98 0.0000e+00
       1091     35.000     9.0463     9.0470   3.747285   3.747509     2.6270      98.75     0.0465 5.1465e-02 1.9438e+00     45.434  43.309785    6.09966    35.2819    35.2835    27.3319    1487.28    1486.99 0.0000e+00
       1132     36.000     9.0476     9.0470   3.747447   3.747570     2.6250      51.17     0.0457 5.1460e-02 1.9438e+00     47.137  43.309805    6.09547    35.2818    35.2837    27.3316    1487.30    1487.00 0.0000e+00
       1157     37.000     9.0464     9.0453   3.747381   3.747440     2.6256      99.96     0.0473 5.1466e-02 1.9438e+00     48.151  43.309817    6.09320    35.2818    35.2835    27.3318    1487.32    1487.01 0.0000e+00
       1175     38.000     9.0453     9.0449   3.747328   3.747440     2.6240      98.87     0.0466 5.1458e-02 1.9438e+00     48.932  43.309826    6.07939    35.2819    35.2834    27.3320    1487.33    1487.01 0.0000e+00
       1192     39.000     9.0457     9.0455   3.747412   3.747544     2.6210      49.38     0.0460 5.1454e-02 1.9438e+00     49.627  43.309834    6.07596    35.2819    35.2835    27.3320    1487.35    1487.02 0.0000e+00
       1208     40.000     9.0467     9.0473   3.747555   3.747763     2.6207      63.45     0.0440 5.1466e-02 1.9438e+00     50.291  43.309841    6.08826    35.2819    35.2835    27.3318    1487.37    1487.03 0.0000e+00
       1224     41.000     9.0487     9.0488   3.747784   3.747958     2.6216     100.08     0.0439 5.1466e-02 1.9438e+00     50.938  43.309849    6.09541    35.2818    35.2836    27.3314    1487.39    1487.04 0.0000e+00
       1238     42.000     9.0487     9.0488   3.747837   3.747994     2.6220      98.86     0.0446 5.1466e-02 1.9438e+00     51.558  43.309856    6.09202    35.2819    35.2835    27.3315    1487.41    1487.05 0.0000e+00
       1253     43.000     9.0482     9.0482   3.747837   3.747983     2.6226      98.86     0.0466 5.1466e-02 1.9438e+00     52.162  43.309863    6.08581    35.2819    35.2835    27.3316    1487.42    1487.06 0.0000e+00
       1268     44.000     9.0474     9.0473   3.747805   3.747955     2.6195      18.61     0.0465 5.1481e-02 1.9438e+00     52.798  43.309870    6.07954    35.2819    35.2836    27.3317    1487.44    1487.07 0.0000e+00
       1286     45.000     9.0463     9.0465   3.747742   3.747915     2.6205      87.74     0.0472 5.1466e-02 1.9438e+00     53.547  43.309879    6.08604    35.2819    35.2835    27.3319    1487.45    1487.07 0.0000e+00
       1304     46.000     9.0459     9.0460   3.747754   3.747926     2.6186      98.99     0.0470 5.1483e-02 1.9438e+00     54.278  43.309888    6.07317    35.2819    35.2836    27.3320    1487.46    1487.08 0.0000e+00
       1321     47.000     9.0461     9.0455   3.747810   3.747922     2.6168      98.86     0.0464 5.1467e-02 1.9438e+00     55.004  43.309896    6.07455    35.2818    35.2836    27.3318    1487.48    1487.09 0.0000e+00
       1340     48.000     9.0464     9.0467   3.747885   3.748080     2.6169      98.86     0.0463 5.1476e-02 1.9438e+00     55.791  43.309905    6.08678    35.2818    35.2836    27.3318    1487.50    1487.10 0.0000e+00
       1368     49.000     9.0457     9.0464   3.747860   3.748093     2.6190      98.87     0.0443 5.1466e-02 1.9438e+00     56.943  43.309918    6.09878    35.2818    35.2835    27.3319    1487.51    1487.11 0.0000e+00
       1409     50.000     9.0431     9.0437   3.747649   3.747890     2.6213      59.55     0.0479 5.1474e-02 1.9438e+00     58.666  43.309938    6.10133    35.2817    35.2836    27.3322    1487.52    1487.12 0.0000e+00
       1440     51.000     9.0377     9.0372   3.747202   3.747333     2.6238      99.29     0.0475 5.1466e-02 1.9438e+00     59.974  43.309953    6.10806    35.2819    35.2837    27.3332    1487.51    1487.12 0.0000e+00
       1466     52.000     9.0358     9.0364   3.747089   3.747294     2.6223      97.07     0.0457 5.1470e-02 1.9438e+00     61.053  43.309966    6.09112    35.2821    35.2836    27.3337    1487.52    1487.13 0.0000e+00
       1491     53.000     9.0373     9.0380   3.747271   3.747484     2.6198      34.01     0.0443 5.1472e-02 1.9438e+00     62.100  43.309978    6.09539    35.2820    35.2836    27.3334    1487.55    1487.14 0.0000e+00
       1513     54.000     9.0414     9.0411   3.747699   3.747807     2.6215     100.28     0.0452 5.1446e-02 1.9438e+00     63.000  43.309988    6.10099    35.2820    35.2834    27.3327    1487.58    1487.15 0.0000e+00
       1531     55.000     9.0442     9.0442   3.748004   3.748140     2.6205      98.86     0.0448 5.1452e-02 1.9438e+00     63.751  43.309997    6.08431    35.2819    35.2833    27.3322    1487.60    1487.16 0.0000e+00
       1547     56.000     9.0478     9.0469   3.748384   3.748457     2.6176      67.20     0.0480 5.1445e-02 1.9438e+00     64.435  43.310005    6.07200    35.2818    35.2835    27.3316    1487.63    1487.16 0.0000e+00
       1563     57.000     9.0490     9.0484   3.748552   3.748649     2.6151      27.09     0.0486 5.1466e-02 1.9438e+00     65.081  43.310013    6.07582    35.2819    35.2835    27.3315    1487.66    1487.17 0.0000e+00
       1577     58.000     9.0500     9.0502   3.748701   3.748879     2.6162      98.45     0.0482 5.1459e-02 1.9438e+00     65.684  43.310019    6.08762    35.2820    35.2837    27.3314    1487.68    1487.18 0.0000e+00
       1592     59.000     9.0503     9.0503   3.748778   3.748943     2.6155      98.87     0.0478 5.1491e-02 1.9438e+00     66.273  43.310026    6.08428    35.2821    35.2838    27.3313    1487.69    1487.19 0.0000e+00
       1606     60.000     9.0510     9.0510   3.748902   3.749050     2.6156      98.86     0.0480 5.1470e-02 1.9438e+00     66.857  43.310033    6.08639    35.2822    35.2837    27.3313    1487.71    1487.20 0.0000e+00
       1619     61.000     9.0514     9.0514   3.748962   3.749132     2.6155      98.86     0.0468 5.1459e-02 1.9438e+00     67.437  43.310040    6.08659    35.2819    35.2837    27.3311    1487.73    1487.21 0.0000e+00
       1633     62.000     9.0513     9.0511   3.748996   3.749147     2.6154      98.87     0.0455 5.1470e-02 1.9438e+00     68.017  43.310046    6.08593    35.2819    35.2837    27.3311    1487.75    1487.22 0.0000e+00
       1647     63.000     9.0512     9.0511   3.749036   3.749193     2.6151      98.86     0.0446 5.1460e-02 1.9438e+00     68.593  43.310053    6.08438    35.2819    35.2837    27.3311    1487.76    1487.23 0.0000e+00
       1662     64.000     9.0506     9.0506   3.749031   3.749178     2.6146      98.86     0.0456 5.1476e-02 1.9438e+00     69.202  43.310060    6.08415    35.2820    35.2836    27.3313    1487.78    1487.23 0.0000e+00
       1733     65.000     9.0496     9.0495   3.748951   3.749117     2.6137      98.86     0.0477 5.1474e-02 1.9438e+00     72.171  43.310095    6.08757    35.2817    35.2835    27.3312    1487.79    1487.24 0.0000e+00
       1787     66.000     9.0488     9.0491   3.748932   3.749132     2.6148      98.86     0.0466 5.1436e-02 1.9438e+00     74.404  43.310120    6.09310    35.2818    35.2836    27.3314    1487.80    1487.25 0.0000e+00
       1805     67.000     9.0495     9.0488   3.749056   3.749152     2.6147      98.86     0.0438 5.1478e-02 1.9438e+00     75.181  43.310129    6.09267    35.2819    35.2836    27.3314    1487.82    1487.26 0.0000e+00
       1822     68.000     9.0504     9.0505   3.749186   3.749353     2.6155      98.87     0.0431 5.1445e-02 1.9438e+00     75.867  43.310137    6.09538    35.2819    35.2836    27.3312    1487.84    1487.27 0.0000e+00
       1837     69.000     9.0508     9.0510   3.749272   3.749444     2.6157      98.86     0.0448 5.1476e-02 1.9438e+00     76.510  43.310145    6.08883    35.2819    35.2835    27.3312    1487.86    1487.28 0.0000e+00
       1852     70.000     9.0518     9.0520   3.749423   3.749587     2.6143      98.86     0.0455 5.1486e-02 1.9438e+00     77.139  43.310152    6.08023    35.2821    35.2836    27.3311    1487.88    1487.29 0.0000e+00
       1867     71.000     9.0512     9.0507   3.749402   3.749522     2.6129      98.86     0.0475 5.1466e-02 1.9438e+00     77.755  43.310159    6.07606    35.2820    35.2837    27.3311    1487.89    1487.29 0.0000e+00
       1882     72.000     9.0497     9.0485   3.749302   3.749359     2.6114      98.87     0.0462 5.1439e-02 1.9438e+00     78.359  43.310166    6.07448    35.2819    35.2837    27.3313    1487.90    1487.30 0.0000e+00
       1896     73.000     9.0476     9.0476   3.749142   3.749302     2.6105      98.87     0.0459 5.1476e-02 1.9438e+00     78.958  43.310173    6.07297    35.2818    35.2835    27.3316    1487.91    1487.31 0.0000e+00
       1910     74.000     9.0479     9.0482   3.749222   3.749398     2.6093      98.86     0.0457 5.1480e-02 1.9438e+00     79.560  43.310180    6.07162    35.2819    35.2835    27.3316    1487.93    1487.32 0.0000e+00
       1925     75.000     9.0477     9.0478   3.749256   3.749422     2.6082      98.86     0.0456 5.1499e-02 1.9438e+00     80.176  43.310187    6.07306    35.2820    35.2836    27.3317    1487.95    1487.33 0.0000e+00
       1974     76.000     9.0483     9.0480   3.749347   3.749476     2.6092      98.87     0.0454 5.1448e-02 1.9438e+00     82.216  43.310211    6.08575    35.2819    35.2835    27.3315    1487.97    1487.34 0.0000e+00
       1998     77.000     9.0491     9.0492   3.749470   3.749633     2.6101      98.86     0.0444 5.1443e-02 1.9438e+00     83.188  43.310222    6.08946    35.2819    35.2835    27.3314    1487.98    1487.34 0.0000e+00
       2014     78.000     9.0516     9.0516   3.749770   3.749912     2.6106      98.86     0.0456 5.1473e-02 1.9438e+00     83.857  43.310230    6.09259    35.2821    35.2836    27.3311    1488.01    1487.35 0.0000e+00
       2029     79.000     9.0515     9.0515   3.749820   3.749967     2.6119      98.86     0.0495 5.1466e-02 1.9438e+00     84.494  43.310237    6.09379    35.2822    35.2838    27.3313    1488.03    1487.36 0.0000e+00
