IBTS/IBTS_CruiseNotebook/Data/CTD/sta0016.cnv
* Sea-Bird SBE 9 Data File:
* FileName = C:\Seabird\CTDData\sta0016.hex
* Software Version Seasave V 7.21f
* Temperature SN = 2491
* Conductivity SN = 2694
* Number of Bytes Per Scan = 40
* Number of Voltage Words = 5
* Number of Scans Averaged by the Deck Unit = 1
* NMEA Latitude = 61 35.40 N
* NMEA Longitude = 001 11.00 E
* NMEA UTC (Time) = Feb 11 2020 18:31:10
* NMEA baud rate = 4800
** Ship: 10 F/F "G. O. Sars"
** Station: 0016
** Echodepth: 186.59
** Log: 7897.58
** Wind-Dir Force: 35 22
** Air-temp (dry): 5.1
** Weather Sky:
** Sea Ice:
# nquan = 20                                
# nvalues = 174                         
# units = specified
# name 0 = scan: Scan Count
# name 1 = prDM: Pressure, Digiquartz [db]
# name 2 = t068C: Temperature [ITS-68, deg C]
# name 3 = t168C: Temperature, 2 [ITS-68, deg C]
# name 4 = c0S/m: Conductivity [S/m]
# name 5 = c1S/m: Conductivity, 2 [S/m]
# name 6 = sbeox0V: Oxygen raw, SBE 43 [V]
# name 7 = altM: Altimeter [m]
# name 8 = flC: Fluorescence, Chelsea Aqua 3 Chl Con [ug/l]
# name 9 = par: PAR/Irradiance, Biospherical/Licor
# name 10 = spar: SPAR/Surface Irradiance
# name 11 = timeS: Time, Elapsed [seconds]
# name 12 = timeJ: Julian Days
# name 13 = sbeox0ML/L: Oxygen, SBE 43 [ml/l], WS = 2
# name 14 = sal00: Salinity, Practical [PSU]
# name 15 = sal11: Salinity, Practical, 2 [PSU]
# name 16 = sigma-t00: Density [sigma-t, Kg/m^3 ]
# name 17 = svCM: Sound Velocity [Chen-Millero, m/s]
# name 18 = avgsvCM: Average Sound Velocity [Chen-Millero, m/s], minP = 1, minS = 5
# name 19 = flag: flag
# span 0 =         66,       4140       
# span 1 =      4.000,    177.000       
# span 2 =     8.8788,     8.9071       
# span 3 =     8.8787,     8.9071       
# span 4 =   3.729477,   3.740280       
# span 5 =   3.729725,   3.740433       
# span 6 =     2.5972,     2.6529       
# span 7 =      10.33,     100.58       
# span 8 =     0.0432,     0.0602       
# span 9 = 5.1427e-02, 9.5148e-01       
# span 10 = -1.622e-02, 2.1075e+00      
# span 11 =      2.707,    172.446      
# span 12 =  42.771710,  42.773674      
# span 13 =    6.13456,    6.18898      
# span 14 =    35.2757,    35.2792      
# span 15 =    35.2777,    35.2804      
# span 16 =    27.3517,    27.3545      
# span 17 =    1486.15,    1489.10      
# span 18 =    1486.15,    1487.61      
# span 19 = 0.0000e+00, 0.0000e+00      
# interval = decibars: 1                
# start_time = Feb 11 2020 18:31:13 [System UTC, header]
# bad_flag = -9.990e-29
*END*
[from data line 145]
       3488    149.000     8.9017     8.9017   3.738515   3.738642     2.6049      39.25     0.0590 5.1461e-02 -9.990e-29    145.272  42.773360    6.14515    35.2787    35.2800    27.3527    1488.62    1487.38 0.0000e+00
       3511    150.000     8.9013     8.9014   3.738518   3.738654     2.6055      37.96     0.0573 5.1442e-02 -9.990e-29    146.253  42.773371    6.15341    35.2786    35.2800    27.3527    1488.64    1487.39 0.0000e+00
       3551    151.000     8.9017     8.9016   3.738592   3.738720     2.6076      36.60     0.0562 5.1457e-02 -9.990e-29    147.914  42.773390    6.16103    35.2785    35.2800    27.3526    1488.66    1487.40 0.0000e+00
       3585    152.000     8.9021     8.9022   3.738670   3.738812     2.6075      35.68     0.0562 5.1451e-02 -9.990e-29    149.329  42.773407    6.15213    35.2785    35.2799    27.3525    1488.67    1487.40 0.0000e+00
       3607    153.000     8.9022     8.9023   3.738739   3.738885     2.6070      34.84     0.0560 5.1456e-02 -9.990e-29    150.234  42.773417    6.15541    35.2786    35.2801    27.3526    1488.69    1487.41 0.0000e+00
       3624    154.000     8.9029     8.9029   3.738863   3.738987     2.6071      33.99     0.0573 5.1473e-02 -9.990e-29    150.952  42.773425    6.15897    35.2788    35.2801    27.3525    1488.71    1487.42 0.0000e+00
       3640    155.000     8.9029     8.9031   3.738915   3.739055     2.6077      33.09     0.0585 5.1454e-02 -9.990e-29    151.606  42.773433    6.16239    35.2788    35.2801    27.3526    1488.73    1487.43 0.0000e+00
       3655    156.000     8.9030     8.9032   3.738976   3.739111     2.6079      32.15     0.0590 5.1457e-02 -9.990e-29    152.235  42.773440    6.15913    35.2789    35.2801    27.3526    1488.74    1487.44 0.0000e+00
       3670    157.000     8.9029     8.9031   3.739007   3.739143     2.6075      31.19     0.0569 5.1470e-02 -9.990e-29    152.859  42.773448    6.15033    35.2788    35.2801    27.3526    1488.76    1487.45 0.0000e+00
       3684    158.000     8.9039     8.9033   3.739158   3.739206     2.6055      30.20     0.0563 5.1466e-02 -9.990e-29    153.472  42.773454    6.13903    35.2789    35.2801    27.3525    1488.78    1487.45 0.0000e+00
       3699    159.000     8.9046     8.9048   3.739258   3.739416     2.6036      29.24     0.0550 5.1457e-02 1.8272e+00    154.081  42.773462    6.13481    35.2788    35.2803    27.3523    1488.80    1487.46 0.0000e+00
       3713    160.000     8.9045     8.9045   3.739293   3.739413     2.6018      28.25     0.0555 5.1439e-02 1.9423e+00    154.680  42.773468    6.13456    35.2788    35.2801    27.3523    1488.82    1487.47 0.0000e+00
       3728    161.000     8.9046     8.9046   3.739355   3.739479     2.6010      27.26     0.0567 5.1428e-02 8.1872e-01    155.278  42.773476    6.13925    35.2789    35.2802    27.3524    1488.83    1487.48 0.0000e+00
       3747    162.000     8.9044     8.9044   3.739378   3.739504     2.6008      26.05     0.0546 5.1470e-02 5.7195e-03    156.103  42.773485    6.14428    35.2789    35.2802    27.3524    1488.85    1487.49 0.0000e+00
       3824    163.000     8.9045     8.9044   3.739376   3.739520     2.6053      24.56     0.0509 5.1449e-02 2.1075e+00    159.298  42.773522    6.16331    35.2783    35.2799    27.3519    1488.86    1487.50 0.0000e+00
       3849    164.000     8.9046     8.9046   3.739483   3.739613     2.6050      23.96     0.0554 5.1433e-02 1.9438e+00    160.318  42.773534    6.15190    35.2788    35.2802    27.3523    1488.88    1487.51 0.0000e+00
       3866    165.000     8.9051     8.9051   3.739601   3.739723     2.6035      23.20     0.0547 5.1445e-02 1.9438e+00    161.033  42.773542    6.14567    35.2791    35.2804    27.3524    1488.90    1487.51 0.0000e+00
       3882    166.000     8.9061     8.9059   3.739749   3.739846     2.6027      22.38     0.0545 5.1427e-02 1.9438e+00    161.690  42.773550    6.14657    35.2792    35.2804    27.3523    1488.92    1487.52 0.0000e+00
       3897    167.000     8.9067     8.9067   3.739835   3.739965     2.6020      21.48     0.0548 5.1437e-02 1.9438e+00    162.326  42.773557    6.14525    35.2790    35.2804    27.3521    1488.94    1487.53 0.0000e+00
       3912    168.000     8.9063     8.9062   3.739840   3.739952     2.6011      20.51     0.0542 5.1437e-02 -9.990e-29    162.957  42.773564    6.14199    35.2790    35.2802    27.3522    1488.95    1487.54 0.0000e+00
       3927    169.000     8.9060     8.9060   3.739852   3.739979     2.6001      19.52     0.0538 5.1445e-02 -9.990e-29    163.596  42.773572    6.14192    35.2789    35.2802    27.3522    1488.97    1487.55 0.0000e+00
       3943    170.000     8.9055     8.9055   3.739860   3.739976     2.5997      18.50     0.0549 5.1445e-02 -9.990e-29    164.242  42.773579    6.14541    35.2790    35.2802    27.3523    1488.98    1487.56 0.0000e+00
       3965    171.000     8.9058     8.9058   3.739927   3.740047     2.5997      17.22     0.0574 5.1445e-02 -9.990e-29    165.169  42.773590    6.14925    35.2789    35.2802    27.3522    1489.00    1487.56 0.0000e+00
       3992    172.000     8.9056     8.9056   3.739935   3.740070     2.6005      16.05     0.0575 5.1465e-02 -9.990e-29    166.277  42.773603    6.15834    35.2787    35.2802    27.3521    1489.02    1487.57 0.0000e+00
       4013    173.000     8.9059     8.9058   3.740020   3.740126     2.6019      15.09     0.0571 5.1441e-02 -9.990e-29    167.182  42.773613    6.16059    35.2789    35.2801    27.3522    1489.03    1487.58 0.0000e+00
       4031    174.000     8.9056     8.9059   3.740051   3.740191     2.6021      14.16     0.0573 5.1461e-02 -9.990e-29    167.927  42.773622    6.15691    35.2790    35.2802    27.3523    1489.05    1487.59 0.0000e+00
       4048    175.000     8.9070     8.9071   3.740231   3.740359     2.6018      13.18     0.0556 5.1458e-02 -9.990e-29    168.644  42.773630    6.15375    35.2790    35.2803    27.3521    1489.07    1487.60 0.0000e+00
       4073    176.000     8.9069     8.9070   3.740246   3.740388     2.6006      11.97     0.0518 5.1475e-02 1.9438e+00    169.662  42.773642    6.14652    35.2788    35.2802    27.3520    1489.09    1487.61 0.0000e+00
       4140    177.000     8.9071     8.9071   3.740280   3.740433     2.5972      10.33     0.0550 5.1439e-02 9.4155e-01    172.446  42.773674    6.14824    35.2785    35.2801    27.3517    1489.10    1487.61 0.0000e+00
