IBTS/IBTS_CruiseNotebook/Data/CTD/sta0024.cnv
* Sea-Bird SBE 9 Data File:
* FileName = C:\Seabird\CTDData\sta0024.hex
* Software Version Seasave V 7.21f
* Temperature SN = 2491
* Conductivity SN = 2694
* Number of Bytes Per Scan = 40
* Number of Voltage Words = 5
* Number of Scans Averaged by the Deck Unit = 1
* NMEA Latitude = 61 43.43 N
* NMEA Longitude = 001 16.13 E
* NMEA UTC (Time) = Feb 13 2020 06:56:10
* NMEA baud rate = 4800
** Ship: 10 F/F "G. O. Sars"
** Station: 0024
** Echodepth: 182
** Log: 8140.59
** Wind-Dir Force: 08 03
** Air-temp (dry): 2.7
** Weather Sky:
** Sea Ice:
# nquan = 20                                
# nvalues = 169                         
# units = specified
# name 0 = scan: Scan Count
# name 1 = prDM: Pressure, Digiquartz [db]
# name 2 = t068C: Temperature [ITS-68, deg C]
# name 3 = t168C: Temperature, 2 [ITS-68, deg C]
# name 4 = c0S/m: Conductivity [S/m]
# name 5 = c1S/m: Conductivity, 2 [S/m]
# name 6 = sbeox0V: Oxygen raw, SBE 43 [V]
# name 7 = altM: Altimeter [m]
# name 8 = flC: Fluorescence, Chelsea Aqua 3 Chl Con [ug/l]
# name 9 = par: PAR/Irradiance, Biospherical/Licor
# name 10 = spar: SPAR/Surface Irradiance
# name 11 = timeS: Time, Elapsed [seconds]
# name 12 = timeJ: Julian Days
# name 13 = sbeox0ML/L: Oxygen, SBE 43 [ml/l], WS = 2
# name 14 = sal00: Salinity, Practical [PSU]
# name 15 = sal11: Salinity, Practical, 2 [PSU]
# name 16 = sigma-t00: Density [sigma-t, Kg/m^3 ]
# name 17 = svCM: Sound Velocity [Chen-Millero, m/s]
# name 18 = avgsvCM: Average Sound Velocity [Chen-Millero, m/s], minP = 1, minS = 5
# name 19 = flag: flag
# span 0 =        208,       4551       
# span 1 =      5.000,    173.000       
# span 2 =     8.8485,     8.8711       
# span 3 =     8.8488,     8.8710       
# span 4 =   3.726562,   3.735824       
# span 5 =   3.726780,   3.735962       
# span 6 =     2.5904,     2.6431       
# span 7 =      10.54,      99.67       
# span 8 =     0.0425,     0.0591       
# span 9 = 5.1425e-02, 8.0694e-01       
# span 10 = 2.5237e-02, 1.9651e+00      
# span 11 =      8.629,    189.592      
# span 12 =  44.289128,  44.291222      
# span 13 =    6.10781,    6.16921      
# span 14 =    35.2749,    35.2757      
# span 15 =    35.2766,    35.2771      
# span 16 =    27.3550,    27.3583      
# span 17 =    1486.05,    1488.88      
# span 18 =    1486.05,    1487.46      
# span 19 = 0.0000e+00, 0.0000e+00      
# interval = decibars: 1                
# start_time = Feb 13 2020 06:56:12 [System UTC, header]
# bad_flag = -9.990e-29
*END*
[from data line 73]
       2160     78.000     8.8635     8.8635   3.731376   3.731508     2.6224      98.86     0.0541 5.1476e-02 1.1657e+00     89.961  44.290069    6.14423    35.2755    35.2769    27.3563    1487.31    1486.67 0.0000e+00
       2175     79.000     8.8636     8.8637   3.731432   3.731569     2.6223      98.87     0.0513 5.1457e-02 1.9358e+00     90.577  44.290076    6.14499    35.2756    35.2769    27.3563    1487.33    1486.67 0.0000e+00
       2190     80.000     8.8638     8.8639   3.731503   3.731633     2.6219      98.86     0.0496 5.1470e-02 1.9438e+00     91.190  44.290083    6.14417    35.2756    35.2769    27.3564    1487.34    1486.68 0.0000e+00
       2204     81.000     8.8643     8.8644   3.731591   3.731729     2.6216      98.87     0.0508 5.1476e-02 1.9438e+00     91.795  44.290090    6.14242    35.2756    35.2769    27.3562    1487.36    1486.69 0.0000e+00
       2219     82.000     8.8647     8.8646   3.731672   3.731780     2.6207      98.87     0.0497 5.1501e-02 -9.990e-29     92.399  44.290097    6.14092    35.2755    35.2768    27.3562    1487.38    1486.70 0.0000e+00
       2241     83.000     8.8644     8.8644   3.731679   3.731824     2.6203      98.86     0.0501 5.1467e-02 -9.990e-29     93.337  44.290108    6.14299    35.2754    35.2770    27.3561    1487.40    1486.71 0.0000e+00
       2317     84.000     8.8645     8.8643   3.731713   3.731846     2.6200      98.64     0.0512 5.1447e-02 4.2275e-01     96.504  44.290145    6.14775    35.2752    35.2768    27.3559    1487.41    1486.72 0.0000e+00
       2332     85.000     8.8648     8.8650   3.731802   3.731962     2.6205      98.09     0.0528 5.1444e-02 1.6162e+00     97.137  44.290152    6.14966    35.2754    35.2769    27.3560    1487.43    1486.73 0.0000e+00
       2348     86.000     8.8651     8.8652   3.731898   3.732027     2.6208      97.33     0.0537 5.1463e-02 1.9400e+00     97.805  44.290160    6.14944    35.2756    35.2769    27.3561    1487.45    1486.73 0.0000e+00
       2364     87.000     8.8657     8.8658   3.731988   3.732128     2.6208      96.42     0.0520 5.1438e-02 1.3084e+00     98.446  44.290167    6.14604    35.2755    35.2768    27.3559    1487.47    1486.74 0.0000e+00
       2379     88.000     8.8658     8.8659   3.732053   3.732200     2.6201      95.65     0.0491 5.1456e-02 1.1690e+00     99.070  44.290175    6.14118    35.2756    35.2770    27.3560    1487.48    1486.75 0.0000e+00
       2394     89.000     8.8660     8.8661   3.732114   3.732240     2.6191      94.82     0.0496 5.1485e-02 1.9187e+00     99.688  44.290182    6.13830    35.2755    35.2768    27.3559    1487.50    1486.76 0.0000e+00
       2408     90.000     8.8660     8.8663   3.732165   3.732310     2.6181      93.76     0.0530 5.1439e-02 1.9438e+00    100.308  44.290189    6.13540    35.2756    35.2768    27.3560    1487.52    1486.77 0.0000e+00
       2423     91.000     8.8663     8.8665   3.732244   3.732385     2.6171      92.66     0.0544 5.1477e-02 1.9438e+00    100.926  44.290196    6.13137    35.2756    35.2769    27.3560    1487.53    1486.78 0.0000e+00
       2438     92.000     8.8668     8.8669   3.732324   3.732458     2.6157      91.55     0.0536 5.1447e-02 1.9438e+00    101.542  44.290203    6.12665    35.2755    35.2768    27.3558    1487.55    1486.78 0.0000e+00
       2453     93.000     8.8670     8.8670   3.732392   3.732521     2.6143      90.52     0.0529 5.1480e-02 1.9438e+00    102.149  44.290210    6.12235    35.2756    35.2769    27.3558    1487.57    1486.79 0.0000e+00
       2468     94.000     8.8649     8.8645   3.732221   3.732333     2.6125      89.43     0.0540 5.1461e-02 1.9438e+00    102.787  44.290217    6.11990    35.2754    35.2769    27.3560    1487.58    1486.80 0.0000e+00
       2489     95.000     8.8642     8.8641   3.732198   3.732332     2.6112      88.22     0.0564 5.1457e-02 1.9438e+00    103.657  44.290228    6.12258    35.2753    35.2768    27.3561    1487.59    1486.81 0.0000e+00
       2537     96.000     8.8653     8.8650   3.732336   3.732455     2.6136      86.74     0.0557 5.1458e-02 1.3861e+00    105.662  44.290251    6.14449    35.2752    35.2768    27.3558    1487.61    1486.82 0.0000e+00
       2588     97.000     8.8651     8.8655   3.732365   3.732554     2.6178      85.80     0.0521 5.1465e-02 1.9650e+00    107.784  44.290275    6.14886    35.2752    35.2768    27.3558    1487.63    1486.83 0.0000e+00
       2607     98.000     8.8673     8.8672   3.732646   3.732774     2.6166      85.08     0.0527 5.1452e-02 6.8039e-01    108.588  44.290285    6.13755    35.2755    35.2770    27.3557    1487.65    1486.83 0.0000e+00
       2624     99.000     8.8680     8.8680   3.732767   3.732895     2.6153      84.36     0.0529 5.1445e-02 1.3419e+00    109.278  44.290293    6.13289    35.2756    35.2770    27.3557    1487.67    1486.84 0.0000e+00
       2639    100.000     8.8691     8.8689   3.732905   3.733029     2.6142      83.50     0.0525 5.1445e-02 1.2157e+00    109.933  44.290300    6.13072    35.2755    35.2770    27.3554    1487.69    1486.85 0.0000e+00
       2655    101.000     8.8691     8.8693   3.732964   3.733097     2.6130      82.56     0.0539 5.1466e-02 1.9266e+00    110.568  44.290308    6.12940    35.2756    35.2768    27.3555    1487.71    1486.86 0.0000e+00
       2670    102.000     8.8693     8.8695   3.733019   3.733160     2.6123      81.65     0.0546 5.1476e-02 1.9438e+00    111.198  44.290315    6.13057    35.2755    35.2768    27.3554    1487.73    1486.87 0.0000e+00
       2685    103.000     8.8698     8.8699   3.733116   3.733244     2.6117      80.65     0.0545 5.1457e-02 1.9438e+00    111.825  44.290322    6.13128    35.2756    35.2768    27.3554    1487.75    1486.88 0.0000e+00
       2700    104.000     8.8697     8.8699   3.733158   3.733295     2.6113      79.55     0.0525 5.1485e-02 1.9438e+00    112.440  44.290329    6.13420    35.2756    35.2769    27.3554    1487.76    1486.89 0.0000e+00
       2714    105.000     8.8698     8.8700   3.733214   3.733357     2.6115      78.51     0.0522 5.1480e-02 9.9548e-01    113.048  44.290336    6.13983    35.2757    35.2770    27.3554    1487.78    1486.89 0.0000e+00
       2728    106.000     8.8695     8.8697   3.733220   3.733368     2.6122      77.53     0.0518 5.1449e-02 1.3867e+00    113.644  44.290343    6.14209    35.2755    35.2769    27.3554    1487.79    1486.90 0.0000e+00
       2766    107.000     8.8696     8.8698   3.733273   3.733417     2.6117      76.03     0.0500 5.1458e-02 1.8725e+00    115.215  44.290361    6.14042    35.2755    35.2768    27.3554    1487.81    1486.91 0.0000e+00
       2816    108.000     8.8704     8.8701   3.733365   3.733504     2.6118      74.85     0.0505 5.1487e-02 1.9441e+00    117.310  44.290386    6.14317    35.2752    35.2770    27.3550    1487.83    1486.92 0.0000e+00
       2836    109.000     8.8704     8.8706   3.733442   3.733593     2.6118      74.22     0.0515 5.1503e-02 1.9424e+00    118.132  44.290395    6.13773    35.2755    35.2769    27.3552    1487.85    1486.93 0.0000e+00
       2853    110.000     8.8710     8.8710   3.733539   3.733672     2.6116      73.41     0.0543 5.1436e-02 5.9769e-01    118.818  44.290403    6.13760    35.2755    35.2769    27.3551    1487.86    1486.94 0.0000e+00
       2868    111.000     8.8711     8.8708   3.733587   3.733712     2.6113      72.55     0.0544 5.1496e-02 5.2023e-01    119.465  44.290410    6.13454    35.2754    35.2770    27.3550    1487.88    1486.94 0.0000e+00
       2883    112.000     8.8702     8.8703   3.733555   3.733708     2.6104      71.67     0.0561 5.1456e-02 9.1494e-01    120.098  44.290418    6.12410    35.2755    35.2770    27.3552    1487.89    1486.95 0.0000e+00
       2898    113.000     8.8702     8.8704   3.733610   3.733771     2.6078      70.73     0.0591 5.1476e-02 1.2999e+00    120.724  44.290425    6.11233    35.2756    35.2771    27.3553    1487.91    1486.96 0.0000e+00
       2914    114.000     8.8704     8.8697   3.733658   3.733749     2.6054      69.82     0.0571 5.1463e-02 -9.990e-29    121.357  44.290432    6.11483    35.2754    35.2771    27.3551    1487.93    1486.97 0.0000e+00
       2929    115.000     8.8680     8.8677   3.733489   3.733590     2.6052      68.78     0.0561 5.1449e-02 -9.990e-29    121.984  44.290440    6.12614    35.2755    35.2769    27.3556    1487.94    1486.98 0.0000e+00
       2943    116.000     8.8701     8.8702   3.733737   3.733852     2.6058      67.72     0.0544 5.1467e-02 -9.990e-29    122.597  44.290447    6.13063    35.2756    35.2767    27.3553    1487.96    1486.99 0.0000e+00
       2963    117.000     8.8690     8.8683   3.733657   3.733737     2.6059      66.52     0.0534 5.1457e-02 -9.990e-29    123.402  44.290456    6.12907    35.2754    35.2769    27.3553    1487.97    1487.00 0.0000e+00
       2989    118.000     8.8669     8.8661   3.733507   3.733571     2.6054      65.23     0.0534 5.1476e-02 -9.990e-29    124.520  44.290469    6.12677    35.2754    35.2769    27.3557    1487.98    1487.00 0.0000e+00
       3011    119.000     8.8677     8.8675   3.733634   3.733756     2.6055      64.29     0.0521 5.1462e-02 -9.990e-29    125.436  44.290480    6.12998    35.2755    35.2769    27.3556    1488.00    1487.01 0.0000e+00
       3030    120.000     8.8681     8.8679   3.733717   3.733842     2.6053      63.37     0.0528 5.1452e-02 -9.990e-29    126.213  44.290489    6.12851    35.2755    35.2770    27.3555    1488.02    1487.02 0.0000e+00
       3048    121.000     8.8678     8.8677   3.733745   3.733880     2.6051      62.43     0.0547 5.1471e-02 -9.990e-29    126.951  44.290497    6.12208    35.2756    35.2771    27.3557    1488.03    1487.03 0.0000e+00
       3067    122.000     8.8672     8.8672   3.733719   3.733866     2.6027      61.40     0.0517 5.1453e-02 -9.990e-29    127.769  44.290507    6.11084    35.2754    35.2770    27.3556    1488.05    1487.04 0.0000e+00
       3090    123.000     8.8657     8.8653   3.733625   3.733739     2.6009      60.30     0.0490 5.1481e-02 5.7370e-01    128.693  44.290517    6.11763    35.2754    35.2770    27.3559    1488.06    1487.05 0.0000e+00
       3113    124.000     8.8634     8.8635   3.733457   3.733610     2.6020      59.27     0.0517 5.1448e-02 1.5390e+00    129.682  44.290529    6.13231    35.2755    35.2770    27.3563    1488.07    1487.05 0.0000e+00
       3137    125.000     8.8633     8.8633   3.733494   3.733637     2.6036      58.28     0.0549 5.1451e-02 1.5020e+00    130.647  44.290540    6.13410    35.2755    35.2770    27.3563    1488.08    1487.06 0.0000e+00
       3158    126.000     8.8629     8.8626   3.733487   3.733611     2.6038      57.37     0.0524 5.1457e-02 1.4147e+00    131.550  44.290550    6.13157    35.2753    35.2769    27.3563    1488.10    1487.07 0.0000e+00
       3181    127.000     8.8625     8.8628   3.733499   3.733674     2.6037      56.40     0.0504 5.1437e-02 1.0215e+00    132.483  44.290561    6.12951    35.2754    35.2769    27.3564    1488.11    1487.08 0.0000e+00
       3205    128.000     8.8623     8.8626   3.733511   3.733709     2.6034      55.37     0.0540 5.1476e-02 1.9420e+00    133.498  44.290573    6.13276    35.2752    35.2770    27.3563    1488.13    1487.09 0.0000e+00
       3230    129.000     8.8634     8.8636   3.733670   3.733840     2.6039      54.37     0.0529 5.1472e-02 -9.990e-29    134.543  44.290585    6.13497    35.2753    35.2769    27.3562    1488.15    1487.09 0.0000e+00
       3252    130.000     8.8637     8.8632   3.733743   3.733860     2.6039      53.45     0.0498 5.1459e-02 -9.990e-29    135.473  44.290596    6.12756    35.2753    35.2770    27.3561    1488.17    1487.10 0.0000e+00
       3272    131.000     8.8635     8.8635   3.733791   3.733938     2.6020      52.56     0.0504 5.1466e-02 -9.990e-29    136.271  44.290605    6.11889    35.2755    35.2771    27.3563    1488.18    1487.11 0.0000e+00
       3289    132.000     8.8635     8.8635   3.733837   3.733975     2.6006      51.62     0.0508 5.1452e-02 -9.990e-29    137.013  44.290613    6.11946    35.2755    35.2770    27.3563    1488.20    1487.12 0.0000e+00
       3306    133.000     8.8639     8.8648   3.733924   3.734142     2.6001      50.68     0.0504 5.1445e-02 1.9438e+00    137.698  44.290622    6.12207    35.2756    35.2770    27.3563    1488.22    1487.13 0.0000e+00
       3322    134.000     8.8643     8.8648   3.734002   3.734180     2.5998      49.70     0.0485 5.1452e-02 1.9438e+00    138.370  44.290629    6.12094    35.2755    35.2769    27.3562    1488.23    1487.14 0.0000e+00
       3339    135.000     8.8656     8.8660   3.734178   3.734352     2.5989      48.69     0.0485 5.1461e-02 1.9438e+00    139.074  44.290637    6.11825    35.2756    35.2770    27.3561    1488.26    1487.14 0.0000e+00
       3356    136.000     8.8657     8.8652   3.734223   3.734314     2.5983      47.67     0.0509 5.1469e-02 1.9438e+00    139.786  44.290646    6.12377    35.2755    35.2770    27.3560    1488.27    1487.15 0.0000e+00
       3373    137.000     8.8639     8.8639   3.734109   3.734245     2.5993      46.64     0.0520 5.1466e-02 1.9438e+00    140.509  44.290654    6.13089    35.2756    35.2770    27.3563    1488.28    1487.16 0.0000e+00
       3393    138.000     8.8639     8.8638   3.734152   3.734287     2.5996      45.56     0.0523 5.1464e-02 1.9067e+00    141.315  44.290663    6.12921    35.2756    35.2771    27.3563    1488.30    1487.17 0.0000e+00
       3425    139.000     8.8640     8.8640   3.734182   3.734336     2.5998      44.24     0.0548 5.1451e-02 -9.990e-29    142.657  44.290679    6.13149    35.2753    35.2769    27.3561    1488.32    1487.18 0.0000e+00
       3470    140.000     8.8634     8.8632   3.734138   3.734313     2.6009      43.12     0.0538 5.1425e-02 -9.990e-29    144.550  44.290701    6.13653    35.2750    35.2770    27.3559    1488.33    1487.19 0.0000e+00
       3493    141.000     8.8637     8.8636   3.734240   3.734393     2.6016      42.41     0.0544 5.1449e-02 3.3851e-01    145.513  44.290712    6.13841    35.2753    35.2770    27.3561    1488.35    1487.19 0.0000e+00
       3511    142.000     8.8636     8.8636   3.734301   3.734444     2.6016      41.63     0.0570 5.1464e-02 9.8336e-01    146.241  44.290720    6.13213    35.2755    35.2770    27.3563    1488.36    1487.20 0.0000e+00
       3526    143.000     8.8637     8.8639   3.734369   3.734517     2.6004      40.77     0.0558 5.1463e-02 1.9430e+00    146.895  44.290728    6.12504    35.2757    35.2770    27.3564    1488.38    1487.21 0.0000e+00
       3542    144.000     8.8637     8.8638   3.734411   3.734551     2.5994      39.86     0.0540 5.1466e-02 1.8984e+00    147.525  44.290735    6.11726    35.2756    35.2770    27.3564    1488.40    1487.22 0.0000e+00
       3556    145.000     8.8640     8.8643   3.734495   3.734640     2.5970      38.93     0.0527 5.1449e-02 4.7578e-01    148.142  44.290742    6.10781    35.2757    35.2770    27.3564    1488.41    1487.23 0.0000e+00
       3571    146.000     8.8640     8.8642   3.734532   3.734678     2.5947      37.95     0.0531 5.1467e-02 7.8509e-01    148.762  44.290749    6.10903    35.2757    35.2770    27.3563    1488.43    1487.23 0.0000e+00
       3590    147.000     8.8643     8.8644   3.734586   3.734737     2.5946      36.79     0.0542 5.1447e-02 1.6791e+00    149.537  44.290759    6.12019    35.2754    35.2769    27.3561    1488.45    1487.24 0.0000e+00
       3630    148.000     8.8645     8.8645   3.734650   3.734783     2.5959      35.29     0.0504 5.1443e-02 1.3723e+00    151.197  44.290778    6.13257    35.2754    35.2768    27.3561    1488.47    1487.25 0.0000e+00
