IBTS/IBTS_CruiseNotebook/Data/CTD/sta0023.cnv
* Sea-Bird SBE 9 Data File:
* FileName = C:\Seabird\CTDData\sta0023.hex
* Software Version Seasave V 7.21f
* Temperature SN = 2491
* Conductivity SN = 2694
* Number of Bytes Per Scan = 40
* Number of Voltage Words = 5
* Number of Scans Averaged by the Deck Unit = 1
* NMEA Latitude = 61 38.09 N
* NMEA Longitude = 000 48.80 E
* NMEA UTC (Time) = Feb 13 2020 04:24:21
* NMEA baud rate = 4800
** Ship: 10 F/F "G. O. Sars"
** Station: 0023
** Echodepth: 204
** Log: 8122.61
** Wind-Dir Force: 33 07
** Air-temp (dry): 2.3
** Weather Sky:
** Sea Ice:
# nquan = 20                                
# nvalues = 196                         
# units = specified
# name 0 = scan: Scan Count
# name 1 = prDM: Pressure, Digiquartz [db]
# name 2 = t068C: Temperature [ITS-68, deg C]
# name 3 = t168C: Temperature, 2 [ITS-68, deg C]
# name 4 = c0S/m: Conductivity [S/m]
# name 5 = c1S/m: Conductivity, 2 [S/m]
# name 6 = sbeox0V: Oxygen raw, SBE 43 [V]
# name 7 = altM: Altimeter [m]
# name 8 = flC: Fluorescence, Chelsea Aqua 3 Chl Con [ug/l]
# name 9 = par: PAR/Irradiance, Biospherical/Licor
# name 10 = spar: SPAR/Surface Irradiance
# name 11 = timeS: Time, Elapsed [seconds]
# name 12 = timeJ: Julian Days
# name 13 = sbeox0ML/L: Oxygen, SBE 43 [ml/l], WS = 2
# name 14 = sal00: Salinity, Practical [PSU]
# name 15 = sal11: Salinity, Practical, 2 [PSU]
# name 16 = sigma-t00: Density [sigma-t, Kg/m^3 ]
# name 17 = svCM: Sound Velocity [Chen-Millero, m/s]
# name 18 = avgsvCM: Average Sound Velocity [Chen-Millero, m/s], minP = 1, minS = 5
# name 19 = flag: flag
# span 0 =        -53,       5434       
# span 1 =      3.000,    198.000       
# span 2 =     8.9365,     8.9670       
# span 3 =     8.9363,     8.9671       
# span 4 =   3.737966,   3.746077       
# span 5 =   3.738226,   3.746217       
# span 6 =     2.5939,     2.6518       
# span 7 =       9.05,     102.36       
# span 8 =     0.0495,     0.0692       
# span 9 = 5.1437e-02, 1.9684e+00       
# span 10 = 2.1026e-02, 2.0072e+00      
# span 11 =     -2.237,    226.358      
# span 12 =  44.183574,  44.186219      
# span 13 =    6.12742,    6.17036      
# span 14 =    35.2888,    35.2908      
# span 15 =    35.2903,    35.2923      
# span 16 =    27.3513,    27.3550      
# span 17 =    1486.43,    1489.57      
# span 18 =    1486.43,    1488.03      
# span 19 = 0.0000e+00, 0.0000e+00      
# interval = decibars: 1                
# start_time = Feb 13 2020 04:24:23 [System UTC, header]
# bad_flag = -9.990e-29
*END*
[from data line 145]
       3431    148.000     8.9579     8.9579   3.744840   3.744998     2.6074      59.20     0.0636 5.1446e-02 -9.990e-29    142.925  44.185254    6.13391    35.2898    35.2915    27.3524    1488.83    1487.63 0.0000e+00
       3446    149.000     8.9572     8.9575   3.744833   3.745001     2.6064      58.21     0.0649 5.1454e-02 -9.990e-29    143.557  44.185261    6.13111    35.2900    35.2914    27.3526    1488.84    1487.64 0.0000e+00
       3464    150.000     8.9572     8.9570   3.744859   3.744999     2.6045      57.29     0.0623 5.1456e-02 -9.990e-29    144.273  44.185269    6.12742    35.2898    35.2914    27.3524    1488.86    1487.65 0.0000e+00
       3484    151.000     8.9574     8.9579   3.744923   3.745117     2.6033      56.17     0.0627 5.1445e-02 -9.990e-29    145.112  44.185279    6.13459    35.2898    35.2913    27.3524    1488.88    1487.66 0.0000e+00
       3509    152.000     8.9571     8.9576   3.744943   3.745149     2.6047      54.69     0.0618 5.1475e-02 -9.990e-29    146.174  44.185291    6.14833    35.2898    35.2915    27.3525    1488.89    1487.66 0.0000e+00
       3538    153.000     8.9585     8.9589   3.745118   3.745299     2.6061      53.71     0.0647 5.1463e-02 -9.990e-29    147.361  44.185305    6.14654    35.2898    35.2913    27.3522    1488.91    1487.67 0.0000e+00
       3565    154.000     8.9584     8.9584   3.745150   3.745301     2.6064      52.36     0.0633 5.1485e-02 -9.990e-29    148.500  44.185318    6.14885    35.2897    35.2913    27.3522    1488.93    1487.68 0.0000e+00
       3587    155.000     8.9561     8.9556   3.744973   3.745085     2.6068      51.72     0.0653 5.1471e-02 -9.990e-29    149.404  44.185329    6.14703    35.2897    35.2913    27.3525    1488.94    1487.69 0.0000e+00
       3604    156.000     8.9554     8.9555   3.744960   3.745119     2.6061      51.06     0.0637 5.1463e-02 1.9438e+00    150.127  44.185337    6.14428    35.2898    35.2913    27.3527    1488.95    1487.70 0.0000e+00
       3619    157.000     8.9547     8.9545   3.744932   3.745063     2.6059      50.24     0.0630 5.1437e-02 1.8961e+00    150.764  44.185344    6.14792    35.2897    35.2913    27.3528    1488.96    1487.70 0.0000e+00
       3634    158.000     8.9557     8.9558   3.745094   3.745232     2.6062      48.89     0.0628 5.1466e-02 5.1354e-02    151.373  44.185352    6.14976    35.2899    35.2913    27.3528    1488.98    1487.71 0.0000e+00
       3649    159.000     8.9554     8.9555   3.745102   3.745246     2.6061      48.14     0.0630 5.1449e-02 1.2549e+00    151.982  44.185359    6.14759    35.2898    35.2912    27.3528    1489.00    1487.72 0.0000e+00
       3663    160.000     8.9554     8.9555   3.745142   3.745292     2.6057      47.29     0.0634 5.1457e-02 1.9529e+00    152.591  44.185366    6.14245    35.2898    35.2912    27.3527    1489.02    1487.73 0.0000e+00
       3679    161.000     8.9556     8.9556   3.745200   3.745353     2.6043      46.38     0.0657 5.1461e-02 1.9438e+00    153.269  44.185373    6.13540    35.2897    35.2913    27.3526    1489.03    1487.74 0.0000e+00
       3721    162.000     8.9555     8.9551   3.745227   3.745341     2.6028      44.63     0.0625 5.1470e-02 1.5859e+00    154.999  44.185394    6.14170    35.2896    35.2912    27.3526    1489.05    1487.74 0.0000e+00
       3765    163.000     8.9543     8.9540   3.745142   3.745287     2.6025      43.68     0.0591 5.1438e-02 1.9577e+00    156.826  44.185415    6.13599    35.2894    35.2912    27.3526    1489.06    1487.75 0.0000e+00
       3786    164.000     8.9532     8.9533   3.745090   3.745260     2.6012      42.93     0.0579 5.1479e-02 8.2288e-01    157.706  44.185425    6.13347    35.2895    35.2912    27.3529    1489.07    1487.76 0.0000e+00
       3804    165.000     8.9537     8.9537   3.745190   3.745357     2.6003      42.11     0.0620 5.1472e-02 1.8338e+00    158.452  44.185434    6.13407    35.2896    35.2913    27.3528    1489.09    1487.77 0.0000e+00
       3820    166.000     8.9540     8.9542   3.745269   3.745439     2.6000      41.23     0.0643 5.1445e-02 7.2997e-01    159.108  44.185441    6.13921    35.2896    35.2912    27.3528    1489.11    1487.78 0.0000e+00
       3835    167.000     8.9543     8.9545   3.745346   3.745513     2.6009      40.33     0.0627 5.1466e-02 1.9256e+00    159.740  44.185448    6.14418    35.2897    35.2912    27.3528    1489.13    1487.78 0.0000e+00
       3850    168.000     8.9547     8.9546   3.745433   3.745567     2.6009      39.40     0.0628 5.1457e-02 1.9438e+00    160.366  44.185456    6.14249    35.2897    35.2912    27.3528    1489.14    1487.79 0.0000e+00
       3865    169.000     8.9540     8.9539   3.745416   3.745549     2.6009      38.43     0.0615 5.1495e-02 1.9423e+00    160.991  44.185463    6.14345    35.2897    35.2912    27.3529    1489.16    1487.80 0.0000e+00
       3880    170.000     8.9541     8.9540   3.745489   3.745618     2.6010      37.44     0.0579 5.1458e-02 5.5436e-01    161.610  44.185470    6.14604    35.2899    35.2914    27.3531    1489.18    1487.81 0.0000e+00
       3894    171.000     8.9540     8.9537   3.745506   3.745609     2.6016      36.43     0.0591 5.1511e-02 1.9372e+00    162.227  44.185477    6.14736    35.2897    35.2911    27.3529    1489.19    1487.82 0.0000e+00
       3911    172.000     8.9524     8.9530   3.745381   3.745593     2.6013      35.38     0.0608 5.1465e-02 8.4576e-01    162.900  44.185485    6.14441    35.2895    35.2912    27.3530    1489.20    1487.83 0.0000e+00
       3934    173.000     8.9515     8.9516   3.745333   3.745501     2.6008      34.10     0.0604 5.1475e-02 1.2086e+00    163.882  44.185496    6.14364    35.2894    35.2911    27.3531    1489.22    1487.83 0.0000e+00
       3973    174.000     8.9512     8.9515   3.745327   3.745520     2.6011      32.75     0.0632 5.1446e-02 1.9335e+00    165.518  44.185515    6.15116    35.2892    35.2909    27.3530    1489.23    1487.84 0.0000e+00
       4016    175.000     8.9509     8.9510   3.745335   3.745521     2.6021      31.75     0.0629 5.1481e-02 1.9438e+00    167.287  44.185536    6.15078    35.2891    35.2910    27.3529    1489.25    1487.85 0.0000e+00
       4041    176.000     8.9510     8.9508   3.745415   3.745556     2.6013      30.96     0.0638 5.1466e-02 -9.990e-29    168.349  44.185548    6.14568    35.2894    35.2910    27.3531    1489.26    1487.86 0.0000e+00
       4061    177.000     8.9502     8.9504   3.745402   3.745566     2.6009      30.16     0.0631 5.1466e-02 -9.990e-29    169.150  44.185557    6.14826    35.2895    35.2911    27.3534    1489.28    1487.87 0.0000e+00
       4077    178.000     8.9507     8.9508   3.745496   3.745654     2.6009      29.32     0.0628 5.1466e-02 -9.990e-29    169.834  44.185565    6.14916    35.2896    35.2911    27.3533    1489.29    1487.87 0.0000e+00
       4092    179.000     8.9507     8.9509   3.745556   3.745705     2.6008      28.40     0.0639 5.1495e-02 -9.990e-29    170.461  44.185572    6.14605    35.2897    35.2911    27.3534    1489.31    1487.88 0.0000e+00
       4107    180.000     8.9510     8.9508   3.745608   3.745728     2.5998      27.49     0.0619 5.1466e-02 1.1107e+00    171.083  44.185580    6.14023    35.2895    35.2909    27.3532    1489.33    1487.89 0.0000e+00
       4122    181.000     8.9505     8.9507   3.745600   3.745776     2.5986      26.51     0.0596 5.1463e-02 1.3312e+00    171.714  44.185587    6.13816    35.2894    35.2911    27.3532    1489.34    1487.90 0.0000e+00
       4224    182.000     8.9505     8.9504   3.745639   3.745778     2.6006      25.08     0.0634 5.1470e-02 7.5925e-01    175.960  44.185636    6.15135    35.2894    35.2909    27.3532    1489.36    1487.91 0.0000e+00
       4294    183.000     8.9511     8.9508   3.745739   3.745868     2.6019      24.08     0.0574 5.1481e-02 1.9165e+00    178.865  44.185670    6.15552    35.2893    35.2910    27.3531    1489.38    1487.91 0.0000e+00
       4311    184.000     8.9506     8.9507   3.745746   3.745905     2.6017      23.20     0.0584 5.1464e-02 -9.990e-29    179.583  44.185678    6.15063    35.2894    35.2910    27.3532    1489.39    1487.92 0.0000e+00
       4330    185.000     8.9505     8.9505   3.745784   3.745931     2.5999      22.24     0.0597 5.1475e-02 -9.990e-29    180.362  44.185687    6.14071    35.2894    35.2910    27.3533    1489.41    1487.93 0.0000e+00
       4356    186.000     8.9504     8.9504   3.745808   3.745962     2.5977      21.07     0.0608 5.1459e-02 -9.990e-29    181.469  44.185700    6.13978    35.2893    35.2909    27.3532    1489.43    1487.94 0.0000e+00
       4414    187.000     8.9503     8.9504   3.745833   3.746000     2.5956      19.71     0.0626 5.1457e-02 -9.990e-29    183.893  44.185728    6.13761    35.2892    35.2909    27.3531    1489.44    1487.95 0.0000e+00
       4496    188.000     8.9502     8.9498   3.745870   3.745994     2.5947      18.65     0.0658 5.1454e-02 1.7934e+00    187.292  44.185767    6.14092    35.2892    35.2909    27.3531    1489.46    1487.95 0.0000e+00
       4542    189.000     8.9505     8.9505   3.745951   3.746093     2.5960      17.87     0.0688 5.1460e-02 9.5450e-01    189.228  44.185790    6.15112    35.2893    35.2908    27.3532    1489.47    1487.96 0.0000e+00
       4565    190.000     8.9509     8.9510   3.746059   3.746217     2.5968      17.10     0.0692 5.1476e-02 1.5680e+00    190.169  44.185801    6.14546    35.2896    35.2911    27.3533    1489.49    1487.97 0.0000e+00
       4584    191.000     8.9508     8.9500   3.746077   3.746156     2.5956      16.25     0.0670 5.1483e-02 1.9520e+00    190.954  44.185810    6.13908    35.2894    35.2910    27.3532    1489.51    1487.98 0.0000e+00
       4602    192.000     8.9437     8.9431   3.745412   3.745521     2.5952      15.30     0.0632 5.1455e-02 1.7504e+00    191.720  44.185818    6.14063    35.2890    35.2907    27.3540    1489.50    1487.99 0.0000e+00
       4648    193.000     8.9392     8.9405   3.745027   3.745299     2.5941      14.11     0.0598 5.1455e-02 1.2005e+00    193.606  44.185840    6.13657    35.2889    35.2905    27.3547    1489.50    1487.99 0.0000e+00
       4762    194.000     8.9439     8.9417   3.745523   3.745470     2.5960      13.03     0.0606 5.1467e-02 3.6238e-01    198.371  44.185896    6.14965    35.2890    35.2906    27.3540    1489.53    1488.00 0.0000e+00
       4779    195.000     8.9376     8.9372   3.744964   3.745077     2.5961      12.24     0.0620 5.1458e-02 1.9360e+00    199.100  44.185904    6.14802    35.2889    35.2905    27.3549    1489.53    1488.01 0.0000e+00
       4805    196.000     8.9365     8.9366   3.744895   3.745054     2.5946      11.08     0.0625 5.1457e-02 1.9406e+00    200.174  44.185916    6.14413    35.2888    35.2903    27.3550    1489.54    1488.02 0.0000e+00
       5116    197.000     8.9370     8.9363   3.744988   3.745079     2.5943       9.88     0.0624 5.1453e-02 1.1236e+00    213.135  44.186066    6.14873    35.2888    35.2904    27.3549    1489.56    1488.02 0.0000e+00
       5434    198.000     8.9370     8.9363   3.745036   3.745118     2.5939       9.05     0.0650 5.1456e-02 -9.990e-29    226.358  44.186219    6.13875    35.2888    35.2904    27.3549    1489.57    1488.03 0.0000e+00
