IBTS/IBTS_CruiseNotebook/Data/CTD/sta0005.cnv
* Sea-Bird SBE 9 Data File:
* FileName = C:\Seabird\CTDData\sta0005.hex
* Software Version Seasave V 7.21f
* Temperature SN = 2491
* Conductivity SN = 2694
* Number of Bytes Per Scan = 40
* Number of Voltage Words = 5
* Number of Scans Averaged by the Deck Unit = 1
* NMEA Latitude = 61 01.47 N
* NMEA Longitude = 002 42.85 E
* NMEA UTC (Time) = Feb 10 2020 09:41:34
* NMEA baud rate = 4800
** Ship: 10 F/F "G. O. Sars"
** Station: 0005
** Echodepth: 231
** Log: 7700.13
** Wind-Dir Force: 28 26
** Air-temp (dry): 3.5
** Weather Sky:
** Sea Ice:
# nquan = 20                                
# nvalues = 222                         
# units = specified
# name 0 = scan: Scan Count
# name 1 = prDM: Pressure, Digiquartz [db]
# name 2 = t068C: Temperature [ITS-68, deg C]
# name 3 = t168C: Temperature, 2 [ITS-68, deg C]
# name 4 = c0S/m: Conductivity [S/m]
# name 5 = c1S/m: Conductivity, 2 [S/m]
# name 6 = sbeox0V: Oxygen raw, SBE 43 [V]
# name 7 = altM: Altimeter [m]
# name 8 = flC: Fluorescence, Chelsea Aqua 3 Chl Con [ug/l]
# name 9 = par: PAR/Irradiance, Biospherical/Licor
# name 10 = spar: SPAR/Surface Irradiance
# name 11 = timeS: Time, Elapsed [seconds]
# name 12 = timeJ: Julian Days
# name 13 = sbeox0ML/L: Oxygen, SBE 43 [ml/l], WS = 2
# name 14 = sal00: Salinity, Practical [PSU]
# name 15 = sal11: Salinity, Practical, 2 [PSU]
# name 16 = sigma-t00: Density [sigma-t, Kg/m^3 ]
# name 17 = svCM: Sound Velocity [Chen-Millero, m/s]
# name 18 = avgsvCM: Average Sound Velocity [Chen-Millero, m/s], minP = 1, minS = 5
# name 19 = flag: flag
# span 0 =        -42,       6038       
# span 1 =      4.000,    225.000       
# span 2 =     8.8797,     8.9033       
# span 3 =     8.8791,     8.9033       
# span 4 =   3.729482,   3.741567       
# span 5 =   3.729663,   3.741675       
# span 6 =     2.5974,     2.6677       
# span 7 =      -0.77,     102.37       
# span 8 =     0.0358,     0.0542       
# span 9 = 5.1418e-02, 3.9532e+01       
# span 10 = -1.653e+00, 1.2786e+02      
# span 11 =     -1.804,    251.544      
# span 12 =  41.403868,  41.406800      
# span 13 =    6.17177,    6.23182      
# span 14 =    35.2731,    35.2750      
# span 15 =    35.2753,    35.2778      
# span 16 =    27.3489,    27.3531      
# span 17 =    1486.16,    1489.87      
# span 18 =    1486.16,    1488.00      
# span 19 = 0.0000e+00, 0.0000e+00      
# interval = decibars: 1                
# start_time = Feb 10 2020 09:41:36 [System UTC, header]
# bad_flag = -9.990e-29
*END*
[from data line 145]
       3573    149.000     8.8978     8.8979   3.737779   3.737987     2.6217      84.00     0.0426 5.1439e-02 1.1283e+02    148.813  41.405611    6.17798    35.2748    35.2769    27.3503    1488.60    1487.36 0.0000e+00
       3587    150.000     8.8980     8.8980   3.737847   3.738047     2.6200      82.95     0.0422 5.1457e-02 1.0586e+02    149.428  41.405618    6.18110    35.2748    35.2769    27.3503    1488.62    1487.37 0.0000e+00
       3602    151.000     8.8982     8.8981   3.737899   3.738095     2.6192      82.09     0.0415 5.1457e-02 1.1321e+02    150.036  41.405625    6.18674    35.2747    35.2769    27.3501    1488.64    1487.38 0.0000e+00
       3617    152.000     8.8981     8.8982   3.737938   3.738151     2.6192      81.13     0.0420 5.1439e-02 1.1981e+02    150.648  41.405633    6.19102    35.2747    35.2769    27.3502    1488.65    1487.38 0.0000e+00
       3671    153.000     8.8982     8.8981   3.737970   3.738186     2.6203      79.58     0.0428 5.1455e-02 8.9816e+01    152.907  41.405659    6.19621    35.2745    35.2769    27.3500    1488.67    1487.39 0.0000e+00
       3738    154.000     8.8980     8.8980   3.737995   3.738215     2.6216      78.23     0.0409 5.1464e-02 8.0305e+01    155.700  41.405691    6.20316    35.2745    35.2768    27.3500    1488.69    1487.40 0.0000e+00
       3754    155.000     8.8975     8.8979   3.737995   3.738248     2.6226      77.56     0.0447 5.1444e-02 1.2212e+02    156.373  41.405699    6.20707    35.2745    35.2768    27.3501    1488.70    1487.41 0.0000e+00
       3770    156.000     8.8976     8.8977   3.738067   3.738273     2.6226      76.90     0.0453 5.1428e-02 1.2129e+02    157.045  41.405707    6.20210    35.2747    35.2768    27.3502    1488.72    1487.42 0.0000e+00
       3785    157.000     8.8982     8.8982   3.738163   3.738384     2.6220      75.96     0.0444 5.1445e-02 1.2136e+02    157.683  41.405714    6.19826    35.2746    35.2769    27.3501    1488.74    1487.43 0.0000e+00
       3801    158.000     8.8988     8.8988   3.738268   3.738467     2.6214      74.97     0.0420 5.1447e-02 1.1953e+02    158.324  41.405721    6.19630    35.2747    35.2767    27.3500    1488.76    1487.44 0.0000e+00
       3817    159.000     8.8987     8.8986   3.738302   3.738502     2.6203      74.02     0.0422 5.1444e-02 8.8389e+01    159.015  41.405729    6.19188    35.2746    35.2768    27.3500    1488.77    1487.44 0.0000e+00
       3833    160.000     8.8988     8.8990   3.738370   3.738577     2.6193      72.97     0.0433 5.1457e-02 1.1942e+02    159.679  41.405737    6.18663    35.2748    35.2768    27.3501    1488.79    1487.45 0.0000e+00
       3848    161.000     8.8984     8.8986   3.738382   3.738601     2.6176      71.99     0.0424 5.1457e-02 1.1306e+02    160.292  41.405744    6.17982    35.2748    35.2769    27.3502    1488.80    1487.46 0.0000e+00
       3862    162.000     8.8993     8.8995   3.738507   3.738701     2.6158      71.12     0.0404 5.1459e-02 9.4326e+01    160.896  41.405751    6.18035    35.2748    35.2766    27.3500    1488.82    1487.47 0.0000e+00
       3877    163.000     8.8995     8.8995   3.738564   3.738765     2.6156      70.06     0.0413 5.1438e-02 5.0160e+01    161.494  41.405758    6.18708    35.2747    35.2768    27.3499    1488.84    1487.48 0.0000e+00
       3891    164.000     8.8997     8.8998   3.738627   3.738841     2.6156      69.23     0.0411 5.1469e-02 6.2785e+01    162.095  41.405765    6.18954    35.2747    35.2768    27.3499    1488.86    1487.49 0.0000e+00
       3906    165.000     8.9000     8.9001   3.738695   3.738903     2.6155      68.20     0.0399 5.1438e-02 6.6770e+01    162.699  41.405772    6.18679    35.2746    35.2767    27.3498    1488.88    1487.49 0.0000e+00
       3959    166.000     8.8999     8.8995   3.738692   3.738893     2.6167      66.48     0.0396 5.1450e-02 6.2260e+01    164.910  41.405798    6.19810    35.2742    35.2767    27.3495    1488.89    1487.50 0.0000e+00
       4011    167.000     8.8988     8.8986   3.738651   3.738867     2.6192      65.39     0.0388 5.1456e-02 5.0016e+01    167.073  41.405823    6.20745    35.2744    35.2769    27.3498    1488.90    1487.51 0.0000e+00
       4028    168.000     8.8986     8.8986   3.738685   3.738921     2.6194      64.77     0.0402 5.1436e-02 5.9073e+00    167.777  41.405831    6.20560    35.2745    35.2769    27.3499    1488.92    1487.52 0.0000e+00
       4044    169.000     8.8988     8.8988   3.738757   3.738978     2.6194      63.90     0.0429 5.1463e-02 1.9682e+01    168.441  41.405839    6.20419    35.2745    35.2769    27.3499    1488.94    1487.53 0.0000e+00
       4059    170.000     8.8990     8.8990   3.738849   3.739043     2.6191      63.11     0.0434 5.1428e-02 8.3130e+01    169.079  41.405846    6.20058    35.2748    35.2769    27.3501    1488.95    1487.54 0.0000e+00
       4074    171.000     8.8992     8.8995   3.738909   3.739134     2.6183      62.16     0.0422 5.1456e-02 3.2855e+01    169.703  41.405853    6.19706    35.2748    35.2769    27.3500    1488.97    1487.54 0.0000e+00
       4089    172.000     8.8994     8.8996   3.738970   3.739181     2.6177      61.18     0.0407 5.1428e-02 6.6490e+01    170.318  41.405860    6.19449    35.2748    35.2768    27.3500    1488.99    1487.55 0.0000e+00
       4103    173.000     8.8992     8.8994   3.739000   3.739214     2.6164      60.31     0.0425 5.1459e-02 1.1474e+02    170.930  41.405867    6.19137    35.2748    35.2768    27.3500    1489.00    1487.56 0.0000e+00
       4118    174.000     8.8992     8.8997   3.739058   3.739285     2.6155      59.21     0.0435 5.1438e-02 9.3211e+01    171.537  41.405874    6.19104    35.2749    35.2768    27.3501    1489.02    1487.57 0.0000e+00
       4135    175.000     8.8992     8.8992   3.739094   3.739282     2.6149      58.15     0.0426 5.1467e-02 8.5487e+01    172.237  41.405882    6.19211    35.2748    35.2768    27.3501    1489.04    1487.58 0.0000e+00
       4157    176.000     8.8992     8.8992   3.739128   3.739331     2.6144      56.91     0.0424 5.1448e-02 7.3104e+01    173.180  41.405893    6.19457    35.2747    35.2768    27.3500    1489.05    1487.59 0.0000e+00
       4183    177.000     8.8992     8.8991   3.739168   3.739370     2.6144      55.79     0.0435 5.1448e-02 3.2178e+01    174.245  41.405906    6.19841    35.2747    35.2769    27.3499    1489.07    1487.59 0.0000e+00
       4218    178.000     8.8992     8.8991   3.739186   3.739416     2.6146      54.56     0.0430 5.1484e-02 2.2806e+01    175.689  41.405922    6.19675    35.2744    35.2769    27.3497    1489.09    1487.60 0.0000e+00
       4247    179.000     8.8994     8.8994   3.739264   3.739497     2.6141      53.59     0.0386 5.1447e-02 6.7912e+01    176.923  41.405937    6.19727    35.2745    35.2770    27.3498    1489.10    1487.61 0.0000e+00
       4268    180.000     8.8994     8.8994   3.739325   3.739551     2.6144      52.72     0.0375 5.1449e-02 1.0413e+02    177.799  41.405947    6.20358    35.2747    35.2771    27.3499    1489.12    1487.62 0.0000e+00
       4287    181.000     8.8995     8.8996   3.739397   3.739606     2.6152      51.89     0.0402 5.1479e-02 1.1772e+02    178.580  41.405956    6.20643    35.2749    35.2770    27.3500    1489.14    1487.63 0.0000e+00
       4306    182.000     8.8996     8.8996   3.739442   3.739647     2.6156      51.00     0.0442 5.1464e-02 1.1651e+02    179.358  41.405965    6.20515    35.2748    35.2769    27.3499    1489.15    1487.64 0.0000e+00
       4325    183.000     8.8997     8.8998   3.739501   3.739706     2.6156      50.11     0.0450 5.1458e-02 1.1857e+02    180.150  41.405974    6.20297    35.2748    35.2769    27.3500    1489.17    1487.64 0.0000e+00
       4343    184.000     8.8998     8.8998   3.739550   3.739753     2.6149      49.14     0.0440 5.1472e-02 8.8109e+01    180.933  41.405983    6.19904    35.2747    35.2769    27.3499    1489.19    1487.65 0.0000e+00
       4361    185.000     8.8999     8.8999   3.739606   3.739813     2.6143      48.19     0.0405 5.1426e-02 4.7882e+01    181.676  41.405992    6.19884    35.2747    35.2769    27.3499    1489.20    1487.66 0.0000e+00
       4378    186.000     8.8999     8.9000   3.739660   3.739866     2.6138      47.20     0.0395 5.1426e-02 3.8443e+01    182.389  41.406000    6.19557    35.2748    35.2769    27.3500    1489.22    1487.67 0.0000e+00
       4399    187.000     8.9001     8.9001   3.739714   3.739921     2.6123      46.14     0.0410 5.1431e-02 9.4969e+01    183.254  41.406010    6.18936    35.2747    35.2769    27.3498    1489.24    1487.68 0.0000e+00
       4423    188.000     8.9002     8.9002   3.739767   3.739975     2.6107      45.03     0.0410 5.1465e-02 9.2971e+01    184.257  41.406021    6.19034    35.2747    35.2769    27.3498    1489.26    1487.69 0.0000e+00
       4446    189.000     8.9003     8.9003   3.739821   3.740037     2.6107      43.91     0.0395 5.1418e-02 1.0979e+02    185.194  41.406032    6.19764    35.2747    35.2770    27.3498    1489.27    1487.70 0.0000e+00
       4465    190.000     8.9008     8.9010   3.739921   3.740136     2.6113      42.99     0.0415 5.1442e-02 1.1466e+02    185.988  41.406042    6.20104    35.2748    35.2768    27.3498    1489.29    1487.70 0.0000e+00
       4483    191.000     8.9010     8.9011   3.739983   3.740203     2.6116      42.04     0.0416 5.1442e-02 1.1389e+02    186.735  41.406050    6.19445    35.2748    35.2770    27.3497    1489.31    1487.71 0.0000e+00
       4502    192.000     8.9009     8.9009   3.740012   3.740229     2.6097      40.99     0.0420 5.1448e-02 1.0657e+02    187.554  41.406060    6.18270    35.2747    35.2770    27.3497    1489.32    1487.72 0.0000e+00
       4538    193.000     8.9008     8.9008   3.740017   3.740254     2.6072      39.66     0.0424 5.1440e-02 1.1872e+02    189.023  41.406077    6.18625    35.2744    35.2769    27.3494    1489.34    1487.73 0.0000e+00
       4576    194.000     8.9014     8.9012   3.740116   3.740337     2.6085      38.76     0.0424 5.1447e-02 1.2078e+02    190.618  41.406095    6.20150    35.2743    35.2769    27.3493    1489.36    1487.74 0.0000e+00
       4595    195.000     8.9017     8.9018   3.740219   3.740441     2.6100      38.04     0.0442 5.1436e-02 1.1492e+02    191.403  41.406104    6.20413    35.2746    35.2769    27.3495    1489.38    1487.75 0.0000e+00
       4611    196.000     8.9014     8.9015   3.740243   3.740445     2.6104      37.18     0.0429 5.1436e-02 1.3023e+01    192.067  41.406112    6.19848    35.2747    35.2767    27.3496    1489.39    1487.75 0.0000e+00
       4626    197.000     8.9015     8.9016   3.740304   3.740510     2.6095      36.38     0.0392 5.1457e-02 7.5362e+00    192.713  41.406119    6.19441    35.2748    35.2768    27.3497    1489.41    1487.76 0.0000e+00
       4641    198.000     8.9016     8.9017   3.740371   3.740560     2.6095      35.48     0.0385 5.1457e-02 7.2072e-02    193.327  41.406127    6.19568    35.2749    35.2768    27.3497    1489.43    1487.77 0.0000e+00
       4655    199.000     8.9017     8.9018   3.740411   3.740626     2.6089      34.69     0.0419 5.1459e-02 3.1420e+00    193.936  41.406133    6.19324    35.2748    35.2769    27.3496    1489.44    1487.78 0.0000e+00
       4670    200.000     8.9018     8.9018   3.740463   3.740676     2.6084      33.58     0.0430 5.1486e-02 4.4215e+01    194.540  41.406141    6.19183    35.2747    35.2770    27.3496    1489.46    1487.79 0.0000e+00
       4684    201.000     8.9020     8.9020   3.740529   3.740724     2.6079      32.52     0.0452 5.1449e-02 9.2957e+01    195.145  41.406147    6.19033    35.2747    35.2768    27.3495    1489.48    1487.80 0.0000e+00
       4702    202.000     8.9020     8.9021   3.740577   3.740786     2.6068      31.40     0.0448 5.1443e-02 1.0605e+02    195.867  41.406156    6.18685    35.2748    35.2769    27.3496    1489.49    1487.80 0.0000e+00
       4749    203.000     8.9019     8.9018   3.740595   3.740795     2.6039      29.72     0.0426 5.1456e-02 1.2786e+02    197.848  41.406179    6.18040    35.2746    35.2768    27.3494    1489.51    1487.81 0.0000e+00
       4772    204.000     8.9016     8.9017   3.740608   3.740825     2.6038      29.08     0.0433 5.1454e-02 1.2412e+02    198.790  41.406190    6.19210    35.2745    35.2767    27.3495    1489.52    1487.82 0.0000e+00
       4792    205.000     8.9018     8.9018   3.740659   3.740884     2.6053      28.21     0.0425 5.1466e-02 6.6541e+01    199.623  41.406199    6.20005    35.2744    35.2768    27.3493    1489.54    1487.83 0.0000e+00
       4813    206.000     8.9019     8.9019   3.740724   3.740934     2.6061      27.29     0.0433 5.1439e-02 9.6965e+01    200.490  41.406209    6.19203    35.2745    35.2767    27.3494    1489.56    1487.84 0.0000e+00
       4837    207.000     8.9019     8.9019   3.740754   3.740982     2.6042      26.24     0.0431 5.1449e-02 8.5357e+01    201.503  41.406221    6.18318    35.2744    35.2768    27.3493    1489.57    1487.85 0.0000e+00
       4862    208.000     8.9022     8.9023   3.740843   3.741066     2.6035      25.18     0.0414 5.1425e-02 8.7334e+01    202.533  41.406233    6.19120    35.2745    35.2768    27.3493    1489.59    1487.85 0.0000e+00
       4879    209.000     8.9025     8.9025   3.740931   3.741128     2.6045      24.33     0.0411 5.1463e-02 1.1521e+02    203.264  41.406241    6.19587    35.2747    35.2767    27.3494    1489.61    1487.86 0.0000e+00
       4895    210.000     8.9026     8.9026   3.740987   3.741199     2.6045      23.48     0.0416 5.1438e-02 1.0348e+02    203.905  41.406249    6.19200    35.2747    35.2769    27.3494    1489.63    1487.87 0.0000e+00
       4910    211.000     8.9027     8.9028   3.741047   3.741249     2.6040      22.56     0.0432 5.1456e-02 1.1498e+02    204.528  41.406256    6.19150    35.2747    35.2768    27.3494    1489.64    1487.88 0.0000e+00
       4925    212.000     8.9028     8.9029   3.741091   3.741306     2.6040      21.61     0.0443 5.1449e-02 1.2594e+02    205.147  41.406263    6.19518    35.2746    35.2768    27.3493    1489.66    1487.89 0.0000e+00
       4939    213.000     8.9028     8.9030   3.741156   3.741371     2.6045      20.65     0.0463 5.1447e-02 1.2223e+02    205.757  41.406270    6.19911    35.2748    35.2769    27.3495    1489.68    1487.90 0.0000e+00
       4954    214.000     8.9029     8.9030   3.741200   3.741403     2.6049      19.67     0.0453 5.1439e-02 1.2506e+02    206.360  41.406277    6.19713    35.2747    35.2768    27.3494    1489.69    1487.90 0.0000e+00
       4968    215.000     8.9031     8.9031   3.741271   3.741468     2.6046      18.71     0.0454 5.1447e-02 1.1640e+02    206.961  41.406284    6.19304    35.2748    35.2769    27.3494    1489.71    1487.91 0.0000e+00
       4982    216.000     8.9033     8.9033   3.741312   3.741516     2.6035      17.72     0.0457 5.1429e-02 1.0011e+02    207.556  41.406291    6.18792    35.2745    35.2767    27.3492    1489.73    1487.92 0.0000e+00
       4997    217.000     8.9033     8.9033   3.741374   3.741591     2.6030      16.74     0.0454 5.1460e-02 8.2691e+01    208.156  41.406298    6.18775    35.2747    35.2770    27.3493    1489.74    1487.93 0.0000e+00
       5261    218.000     8.9032     8.9033   3.741392   3.741618     2.6025      15.38     0.0428 5.1473e-02 2.5042e+01    219.154  41.406425    6.19113    35.2745    35.2768    27.3492    1489.76    1487.94 0.0000e+00
       5610    219.000     8.9017     8.9024   3.741228   3.741555     2.6023      14.99     0.0414 5.1474e-02 3.9901e+01    233.706  41.406594    6.19334    35.2738    35.2766    27.3489    1489.77    1487.95 0.0000e+00
       5619    220.000     8.8954     8.8958   3.740611   3.740856     2.6020      14.21     0.0417 5.1463e-02 -7.078e-01    234.075  41.406598    6.19016    35.2731    35.2753    27.3493    1489.76    1487.95 0.0000e+00
