IBTS/IBTS_CruiseNotebook/Data/CTD/sta0035.cnv
* Sea-Bird SBE 9 Data File:
* FileName = C:\Seabird\CTDData\sta0035.hex
* Software Version Seasave V 7.21f
* Temperature SN = 2491
* Conductivity SN = 2694
* Number of Bytes Per Scan = 40
* Number of Voltage Words = 5
* Number of Scans Averaged by the Deck Unit = 1
* NMEA Latitude = 60 22.44 N
* NMEA Longitude = 000 32.58 W
* NMEA UTC (Time) = Feb 18 2020 01:30:50
* NMEA baud rate = 4800
** Ship: 10 F/F "G. O. Sars"
** Station: 0035
** Echodepth: 133
** Log: 8524.5
** Wind-Dir Force: 25 30
** Air-temp (dry): 7.0
** Weather Sky:
** Sea Ice:
# nquan = 20                                
# nvalues = 123                         
# units = specified
# name 0 = scan: Scan Count
# name 1 = prDM: Pressure, Digiquartz [db]
# name 2 = t068C: Temperature [ITS-68, deg C]
# name 3 = t168C: Temperature, 2 [ITS-68, deg C]
# name 4 = c0S/m: Conductivity [S/m]
# name 5 = c1S/m: Conductivity, 2 [S/m]
# name 6 = sbeox0V: Oxygen raw, SBE 43 [V]
# name 7 = altM: Altimeter [m]
# name 8 = flC: Fluorescence, Chelsea Aqua 3 Chl Con [ug/l]
# name 9 = par: PAR/Irradiance, Biospherical/Licor
# name 10 = spar: SPAR/Surface Irradiance
# name 11 = timeS: Time, Elapsed [seconds]
# name 12 = timeJ: Julian Days
# name 13 = sbeox0ML/L: Oxygen, SBE 43 [ml/l], WS = 2
# name 14 = sal00: Salinity, Practical [PSU]
# name 15 = sal11: Salinity, Practical, 2 [PSU]
# name 16 = sigma-t00: Density [sigma-t, Kg/m^3 ]
# name 17 = svCM: Sound Velocity [Chen-Millero, m/s]
# name 18 = avgsvCM: Average Sound Velocity [Chen-Millero, m/s], minP = 1, minS = 5
# name 19 = flag: flag
# span 0 =        107,       3134       
# span 1 =      3.000,    125.000       
# span 2 =     8.5008,     8.5332       
# span 3 =     8.5007,     8.5332       
# span 4 =   3.687034,   3.695227       
# span 5 =   3.687156,   3.695321       
# span 6 =     2.6058,     2.6390       
# span 7 =       1.49,     102.70       
# span 8 =     0.1086,     0.1292       
# span 9 = 5.1418e-02, 1.3000e+00       
# span 10 = 7.1916e-01, 1.9450e+00      
# span 11 =      4.428,    130.530      
# span 12 =  49.063153,  49.064613      
# span 13 =    6.16924,    6.21125      
# span 14 =    35.1921,    35.1999      
# span 15 =    35.1926,    35.2008      
# span 16 =    27.3478,    27.3518      
# span 17 =    1484.67,    1486.77      
# span 18 =    1484.67,    1485.67      
# span 19 = 0.0000e+00, 0.0000e+00      
# interval = decibars: 1                
# start_time = Feb 18 2020 01:30:52 [System UTC, header]
# bad_flag = -9.990e-29
*END*
        107      3.000     8.5104     8.5110   3.687375   3.687549     2.6348       2.60     0.1147 1.3000e+00 -9.990e-29      4.428  49.063153    6.17694    35.1981    35.1994    27.3515    1484.67    1484.67 0.0000e+00
        146      4.000     8.5106     8.5102   3.687484   3.687602     2.6337       2.48     0.1129 9.3663e-01 -9.990e-29      6.047  49.063172    6.17336    35.1986    35.2003    27.3518    1484.69    1484.68 0.0000e+00
        470      5.000     8.5139     8.5136   3.687773   3.687837     2.6341       1.66     0.1169 7.0823e-01 -9.990e-29     19.526  49.063328    6.16924    35.1979    35.1989    27.3508    1484.72    1484.69 0.0000e+00
        537      6.000     8.5144     8.5121   3.687877   3.687765     2.6327       1.49     0.1198 6.6565e-01 -9.990e-29     22.348  49.063360    6.17332    35.1980    35.1991    27.3508    1484.74    1484.70 0.0000e+00
        552      7.000     8.5103     8.5104   3.687528   3.687680     2.6336       1.58     0.1178 4.7293e-01 -9.990e-29     22.974  49.063368    6.18304    35.1979    35.1994    27.3513    1484.74    1484.70 0.0000e+00
        567      8.000     8.5093     8.5091   3.687489   3.687618     2.6342       1.59     0.1157 3.7952e-01 -9.990e-29     23.594  49.063375    6.18772    35.1980    35.1996    27.3516    1484.75    1484.71 0.0000e+00
        584      9.000     8.5094     8.5094   3.687545   3.687675     2.6354      59.27     0.1183 2.7267e-01 -9.990e-29     24.278  49.063383    6.19131    35.1980    35.1994    27.3516    1484.77    1484.71 0.0000e+00
        618     10.000     8.5094     8.5097   3.687570   3.687717     2.6358      97.04     0.1159 2.1137e-01 -9.990e-29     25.699  49.063399    6.18729    35.1978    35.1991    27.3514    1484.79    1484.72 0.0000e+00
        663     11.000     8.5094     8.5097   3.687622   3.687779     2.6360      67.10     0.1086 1.4586e-01 -9.990e-29     27.582  49.063421    6.18905    35.1979    35.1992    27.3514    1484.80    1484.73 0.0000e+00
        686     12.000     8.5079     8.5086   3.687484   3.687694     2.6371      69.23     0.1103 1.1694e-01 -9.990e-29     28.541  49.063432    6.20201    35.1974    35.1989    27.3513    1484.81    1484.74 0.0000e+00
        704     13.000     8.5066     8.5072   3.687366   3.687547     2.6385      98.44     0.1128 1.0262e-01 -9.990e-29     29.281  49.063441    6.20345    35.1970    35.1983    27.3512    1484.82    1484.74 0.0000e+00
        720     14.000     8.5057     8.5058   3.687305   3.687446     2.6390      98.86     0.1122 7.4060e-02 -9.990e-29     29.978  49.063449    6.20106    35.1967    35.1981    27.3511    1484.84    1484.75 0.0000e+00
        736     15.000     8.5053     8.5053   3.687307   3.687405     2.6389      98.86     0.1120 7.0473e-02 -9.990e-29     30.640  49.063456    6.19745    35.1967    35.1977    27.3511    1484.85    1484.76 0.0000e+00
        752     16.000     8.5061     8.5060   3.687446   3.687519     2.6383      98.86     0.1138 5.4432e-02 -9.990e-29     31.285  49.063464    6.19431    35.1969    35.1977    27.3512    1484.87    1484.76 0.0000e+00
        768     17.000     8.5067     8.5052   3.687559   3.687467     2.6378      98.86     0.1139 5.1478e-02 -9.990e-29     31.949  49.063472    6.19558    35.1970    35.1975    27.3512    1484.89    1484.77 0.0000e+00
        783     18.000     8.5071     8.5072   3.687674   3.687779     2.6375      98.86     0.1108 5.1427e-02 -9.990e-29     32.598  49.063479    6.19644    35.1973    35.1983    27.3514    1484.91    1484.78 0.0000e+00
        799     19.000     8.5073     8.5074   3.687752   3.687878     2.6375      98.86     0.1096 5.1442e-02 -9.990e-29     33.250  49.063487    6.18991    35.1974    35.1987    27.3514    1484.92    1484.79 0.0000e+00
        821     20.000     8.5074     8.5075   3.687799   3.687917     2.6353      50.33     0.1116 5.1452e-02 -9.990e-29     34.180  49.063497    6.19098    35.1974    35.1985    27.3514    1484.94    1484.79 0.0000e+00
        862     21.000     8.5073     8.5074   3.687819   3.687951     2.6370     102.70     0.1173 5.1430e-02 -9.990e-29     35.860  49.063517    6.20419    35.1972    35.1985    27.3512    1484.96    1484.80 0.0000e+00
        893     22.000     8.5080     8.5081   3.687935   3.688072     2.6374      98.86     0.1170 5.1446e-02 -9.990e-29     37.147  49.063532    6.20076    35.1972    35.1986    27.3512    1484.98    1484.81 0.0000e+00
        910     23.000     8.5060     8.5063   3.687712   3.687876     2.6374      98.86     0.1157 5.1426e-02 -9.990e-29     37.893  49.063540    6.20195    35.1964    35.1978    27.3508    1484.98    1484.82 0.0000e+00
        927     24.000     8.5010     8.5012   3.687034   3.687202     2.6374      98.86     0.1148 5.1427e-02 -9.990e-29     38.585  49.063548    6.20271    35.1937    35.1953    27.3495    1484.98    1484.82 0.0000e+00
        942     25.000     8.5008     8.5007   3.687081   3.687156     2.6374      98.86     0.1130 5.1448e-02 -9.990e-29     39.227  49.063556    6.19470    35.1939    35.1948    27.3497    1484.99    1484.83 0.0000e+00
        957     26.000     8.5028     8.5042   3.687397   3.687672     2.6350      34.44     0.1114 5.1437e-02 -9.990e-29     39.838  49.063563    6.18870    35.1948    35.1963    27.3500    1485.02    1484.84 0.0000e+00
        972     27.000     8.5094     8.5095   3.688313   3.688416     2.6348      60.41     0.1137 5.1428e-02 -9.990e-29     40.449  49.063570    6.19384    35.1974    35.1984    27.3511    1485.06    1484.85 0.0000e+00
        995     28.000     8.5098     8.5101   3.688417   3.688539     2.6339      96.27     0.1157 5.1450e-02 -9.990e-29     41.429  49.063581    6.18838    35.1976    35.1986    27.3512    1485.08    1484.85 0.0000e+00
       1033     29.000     8.5103     8.5105   3.688537   3.688637     2.6326      98.86     0.1144 5.1439e-02 -9.990e-29     43.020  49.063600    6.19347    35.1979    35.1988    27.3514    1485.10    1484.86 0.0000e+00
       1059     30.000     8.5100     8.5098   3.688510   3.688572     2.6332      98.86     0.1144 5.1439e-02 -9.990e-29     44.103  49.063612    6.19918    35.1975    35.1983    27.3510    1485.12    1484.87 0.0000e+00
       1079     31.000     8.5096     8.5094   3.688508   3.688567     2.6341      98.86     0.1123 5.1426e-02 -9.990e-29     44.906  49.063622    6.20029    35.1973    35.1982    27.3510    1485.13    1484.88 0.0000e+00
       1097     32.000     8.5077     8.5066   3.688281   3.688244     2.6338      62.64     0.1129 5.1426e-02 1.9438e+00     45.651  49.063630    6.19443    35.1963    35.1970    27.3505    1485.14    1484.89 0.0000e+00
       1115     33.000     8.5082     8.5081   3.688398   3.688477     2.6333      54.30     0.1115 5.1458e-02 1.9438e+00     46.397  49.063639    6.20013    35.1966    35.1975    27.3506    1485.16    1484.90 0.0000e+00
       1132     34.000     8.5080     8.5073   3.688420   3.688420     2.6342      99.59     0.1145 5.1443e-02 1.9438e+00     47.137  49.063647    6.20775    35.1965    35.1972    27.3506    1485.17    1484.90 0.0000e+00
       1150     35.000     8.5079     8.5082   3.688437   3.688567     2.6350      98.22     0.1141 5.1426e-02 1.9438e+00     47.860  49.063656    6.21125    35.1963    35.1974    27.3505    1485.19    1484.91 0.0000e+00
       1166     36.000     8.5080     8.5081   3.688494   3.688602     2.6364      97.26     0.1152 5.1427e-02 1.9438e+00     48.556  49.063664    6.20787    35.1964    35.1974    27.3505    1485.21    1484.92 0.0000e+00
       1183     37.000     8.5078     8.5075   3.688495   3.688568     2.6347      96.33     0.1154 5.1427e-02 1.9438e+00     49.248  49.063672    6.19264    35.1961    35.1972    27.3503    1485.22    1484.93 0.0000e+00
       1199     38.000     8.5047     8.5051   3.688164   3.688298     2.6330      95.33     0.1176 5.1444e-02 1.9438e+00     49.926  49.063680    6.18952    35.1952    35.1962    27.3501    1485.22    1484.94 0.0000e+00
       1217     39.000     8.5038     8.5038   3.688075   3.688182     2.6316      94.29     0.1197 5.1433e-02 -9.990e-29     50.662  49.063688    6.19038    35.1946    35.1958    27.3498    1485.24    1484.94 0.0000e+00
       1238     40.000     8.5044     8.5039   3.688206   3.688253     2.6306      93.28     0.1207 5.1453e-02 -9.990e-29     51.522  49.063698    6.18846    35.1949    35.1959    27.3499    1485.26    1484.95 0.0000e+00
       1270     41.000     8.5046     8.5043   3.688278   3.688330     2.6290      92.23     0.1242 5.1446e-02 -9.990e-29     52.865  49.063714    6.19208    35.1950    35.1959    27.3500    1485.27    1484.96 0.0000e+00
       1314     42.000     8.5033     8.5034   3.688155   3.688249     2.6312      90.96     0.1262 5.1458e-02 -9.990e-29     54.694  49.063735    6.20467    35.1945    35.1954    27.3498    1485.28    1484.97 0.0000e+00
       1341     43.000     8.5040     8.5038   3.688292   3.688359     2.6312      90.34     0.1219 5.1471e-02 -9.990e-29     55.821  49.063748    6.19804    35.1948    35.1957    27.3499    1485.30    1484.98 0.0000e+00
       1360     44.000     8.5043     8.5047   3.688373   3.688518     2.6306      89.61     0.1196 5.1450e-02 -9.990e-29     56.640  49.063757    6.19735    35.1949    35.1960    27.3499    1485.32    1484.98 0.0000e+00
       1378     45.000     8.5041     8.5041   3.688402   3.688494     2.6307      88.74     0.1186 5.1444e-02 -9.990e-29     57.369  49.063766    6.19714    35.1949    35.1959    27.3499    1485.34    1484.99 0.0000e+00
       1395     46.000     8.5038     8.5036   3.688378   3.688450     2.6298      87.70     0.1173 5.1460e-02 -9.990e-29     58.075  49.063774    6.19314    35.1945    35.1954    27.3496    1485.35    1485.00 0.0000e+00
       1412     47.000     8.5017     8.5016   3.688112   3.688197     2.6291      86.79     0.1170 5.1463e-02 -9.990e-29     58.775  49.063782    6.19519    35.1932    35.1942    27.3490    1485.36    1485.01 0.0000e+00
       1427     48.000     8.5010     8.5012   3.688066   3.688184     2.6291      85.85     0.1162 5.1466e-02 -9.990e-29     59.429  49.063790    6.19848    35.1930    35.1940    27.3489    1485.37    1485.01 0.0000e+00
       1442     49.000     8.5011     8.5014   3.688134   3.688252     2.6291      85.03     0.1187 5.1476e-02 -9.990e-29     60.058  49.063797    6.19844    35.1931    35.1941    27.3490    1485.39    1485.02 0.0000e+00
       1457     50.000     8.5017     8.5013   3.688226   3.688266     2.6288      83.90     0.1191 5.1447e-02 -9.990e-29     60.673  49.063804    6.19560    35.1930    35.1938    27.3488    1485.41    1485.03 0.0000e+00
       1473     51.000     8.5037     8.5034   3.688483   3.688521     2.6283      82.84     0.1204 5.1427e-02 -9.990e-29     61.327  49.063812    6.19210    35.1932    35.1939    27.3487    1485.43    1485.04 0.0000e+00
       1499     52.000     8.5040     8.5037   3.688551   3.688592     2.6273      81.34     0.1236 5.1446e-02 -9.990e-29     62.419  49.063824    6.19509    35.1932    35.1939    27.3486    1485.45    1485.05 0.0000e+00
       1533     53.000     8.5036     8.5036   3.688562   3.688643     2.6277      80.03     0.1232 5.1455e-02 -9.990e-29     63.832  49.063841    6.19907    35.1932    35.1941    27.3487    1485.46    1485.05 0.0000e+00
       1555     54.000     8.5042     8.5039   3.688676   3.688715     2.6277      79.15     0.1209 5.1448e-02 -9.990e-29     64.771  49.063852    6.19726    35.1933    35.1941    27.3487    1485.48    1485.06 0.0000e+00
       1573     55.000     8.5069     8.5075   3.689045   3.689164     2.6274      78.30     0.1214 5.1436e-02 -9.990e-29     65.496  49.063860    6.19329    35.1941    35.1947    27.3489    1485.51    1485.07 0.0000e+00
       1588     56.000     8.5066     8.5062   3.689012   3.689082     2.6263      77.45     0.1213 5.1477e-02 -9.990e-29     66.142  49.063867    6.19215    35.1935    35.1947    27.3485    1485.53    1485.08 0.0000e+00
       1604     57.000     8.5052     8.5053   3.688920   3.688996     2.6264      76.54     0.1216 5.1436e-02 -9.990e-29     66.781  49.063875    6.19658    35.1935    35.1942    27.3487    1485.54    1485.09 0.0000e+00
       1626     58.000     8.5064     8.5065   3.689087   3.689177     2.6259      75.37     0.1207 5.1436e-02 -9.990e-29     67.706  49.063885    6.19333    35.1936    35.1944    27.3485    1485.56    1485.09 0.0000e+00
       1666     59.000     8.5081     8.5080   3.689341   3.689401     2.6257      74.10     0.1200 5.1441e-02 -9.990e-29     69.362  49.063905    6.19923    35.1941    35.1948    27.3487    1485.58    1485.10 0.0000e+00
       1694     60.000     8.5080     8.5080   3.689379   3.689454     2.6267      73.31     0.1223 5.1432e-02 1.9438e+00     70.530  49.063918    6.20159    35.1941    35.1949    27.3487    1485.60    1485.11 0.0000e+00
       1712     61.000     8.5067     8.5068   3.689270   3.689361     2.6265      72.53     0.1172 5.1469e-02 1.8212e+00     71.297  49.063927    6.19787    35.1938    35.1946    27.3486    1485.61    1485.12 0.0000e+00
       1729     62.000     8.5063     8.5060   3.689258   3.689303     2.6260      71.66     0.1146 5.1435e-02 7.1916e-01     71.995  49.063935    6.19241    35.1935    35.1943    27.3485    1485.62    1485.13 0.0000e+00
       1744     63.000     8.5063     8.5062   3.689305   3.689367     2.6245      70.78     0.1159 5.1467e-02 1.8165e+00     72.632  49.063942    6.18672    35.1936    35.1943    27.3485    1485.64    1485.13 0.0000e+00
       1759     64.000     8.5069     8.5075   3.689425   3.689571     2.6236      69.84     0.1180 5.1472e-02 1.0939e+00     73.271  49.063950    6.18841    35.1937    35.1947    27.3486    1485.66    1485.14 0.0000e+00
       1779     65.000     8.5068     8.5066   3.689449   3.689519     2.6231      68.65     0.1204 5.1431e-02 1.6848e+00     74.082  49.063959    6.19171    35.1936    35.1946    27.3485    1485.67    1485.15 0.0000e+00
       1805     66.000     8.5058     8.5060   3.689363   3.689479     2.6229      67.50     0.1227 5.1440e-02 1.9450e+00     75.151  49.063972    6.19552    35.1932    35.1942    27.3484    1485.69    1485.16 0.0000e+00
       1829     67.000     8.5043     8.5041   3.689244   3.689296     2.6237      66.55     0.1237 5.1438e-02 -9.990e-29     76.152  49.063983    6.20045    35.1930    35.1937    27.3484    1485.70    1485.17 0.0000e+00
       1848     68.000     8.5061     8.5058   3.689495   3.689538     2.6240      65.56     0.1210 5.1450e-02 -9.990e-29     76.973  49.063993    6.19637    35.1933    35.1941    27.3484    1485.72    1485.18 0.0000e+00
       1866     69.000     8.5060     8.5059   3.689532   3.689602     2.6230      64.63     0.1196 5.1454e-02 -9.990e-29     77.692  49.064001    6.18995    35.1934    35.1942    27.3484    1485.74    1485.18 0.0000e+00
       1882     70.000     8.5060     8.5060   3.689564   3.689652     2.6221      63.70     0.1170 5.1452e-02 -9.990e-29     78.379  49.064009    6.18669    35.1932    35.1941    27.3483    1485.75    1485.19 0.0000e+00
       1905     71.000     8.5060     8.5061   3.689602   3.689699     2.6207      62.50     0.1179 5.1438e-02 -9.990e-29     79.323  49.064020    6.18653    35.1931    35.1941    27.3483    1485.77    1485.20 0.0000e+00
       1945     72.000     8.5052     8.5053   3.689541   3.689648     2.6210      61.17     0.1208 5.1450e-02 -9.990e-29     81.009  49.064039    6.19782    35.1928    35.1938    27.3481    1485.78    1485.21 0.0000e+00
       1976     73.000     8.5058     8.5057   3.689663   3.689738     2.6217      60.43     0.1198 5.1430e-02 -9.990e-29     82.298  49.064054    6.19681    35.1930    35.1939    27.3482    1485.80    1485.22 0.0000e+00
       1994     74.000     8.5061     8.5060   3.689728   3.689818     2.6218      59.73     0.1214 5.1444e-02 -9.990e-29     83.043  49.064063    6.19796    35.1929    35.1940    27.3481    1485.82    1485.22 0.0000e+00
