IBTS/IBTS_CruiseNotebook/Data/CTD/sta0029.cnv
* Sea-Bird SBE 9 Data File:
* FileName = C:\Seabird\CTDData\sta0029.hex
* Software Version Seasave V 7.21f
* Temperature SN = 2491
* Conductivity SN = 2694
* Number of Bytes Per Scan = 40
* Number of Voltage Words = 5
* Number of Scans Averaged by the Deck Unit = 1
* NMEA Latitude = 60 55.62 N
* NMEA Longitude = 000 18.97 E
* NMEA UTC (Time) = Feb 13 2020 21:34:11
* NMEA baud rate = 4800
** Ship: 10 F/F "G. O. Sars"
** Station: 0029
** Echodepth: 127
** Log: 8246.6
** Wind-Dir Force: 05 19
** Air-temp (dry): 3.9
** Weather Sky:
** Sea Ice:
# nquan = 20                                
# nvalues = 118                         
# units = specified
# name 0 = scan: Scan Count
# name 1 = prDM: Pressure, Digiquartz [db]
# name 2 = t068C: Temperature [ITS-68, deg C]
# name 3 = t168C: Temperature, 2 [ITS-68, deg C]
# name 4 = c0S/m: Conductivity [S/m]
# name 5 = c1S/m: Conductivity, 2 [S/m]
# name 6 = sbeox0V: Oxygen raw, SBE 43 [V]
# name 7 = altM: Altimeter [m]
# name 8 = flC: Fluorescence, Chelsea Aqua 3 Chl Con [ug/l]
# name 9 = par: PAR/Irradiance, Biospherical/Licor
# name 10 = spar: SPAR/Surface Irradiance
# name 11 = timeS: Time, Elapsed [seconds]
# name 12 = timeJ: Julian Days
# name 13 = sbeox0ML/L: Oxygen, SBE 43 [ml/l], WS = 2
# name 14 = sal00: Salinity, Practical [PSU]
# name 15 = sal11: Salinity, Practical, 2 [PSU]
# name 16 = sigma-t00: Density [sigma-t, Kg/m^3 ]
# name 17 = svCM: Sound Velocity [Chen-Millero, m/s]
# name 18 = avgsvCM: Average Sound Velocity [Chen-Millero, m/s], minP = 1, minS = 5
# name 19 = flag: flag
# span 0 =       -436,       3330       
# span 1 =      4.000,    121.000       
# span 2 =     8.9402,     8.9512       
# span 3 =     8.9341,     8.9510       
# span 4 =   3.735925,   3.742214       
# span 5 =   3.735522,   3.742319       
# span 6 =     2.5986,     2.6323       
# span 7 =       6.02,     108.54       
# span 8 =     0.0873,     0.1060       
# span 9 = 5.1426e-02, 1.1828e+00       
# span 10 = 1.9732e-01, 1.9459e+00      
# span 11 =    -18.221,    138.700      
# span 12 =  44.898551,  44.900367      
# span 13 =    6.05602,    6.12387      
# span 14 =    35.2809,    35.2829      
# span 15 =    35.2834,    35.2847      
# span 16 =    27.3475,    27.3494      
# span 17 =    1486.40,    1488.35      
# span 18 =    1486.40,    1487.35      
# span 19 = 0.0000e+00, 0.0000e+00      
# interval = decibars: 1                
# start_time = Feb 13 2020 21:34:13 [System UTC, header]
# bad_flag = -9.990e-29
*END*
       -436      4.000     8.9438     8.9341   3.736086   3.735522     2.6206     108.54     0.0937 1.1828e+00 -9.990e-29    -18.221  44.898551    6.05602    35.2809    35.2847    27.3477    1486.40    1486.40 0.0000e+00
        660      5.000     8.9402     8.9394   3.735925   3.736019     2.6292      85.89     0.0911 8.2865e-01 -9.990e-29     27.476  44.899080    6.09652    35.2823    35.2841    27.3494    1486.40    1486.40 0.0000e+00
        866      6.000     8.9436     8.9448   3.736299   3.736542     2.6323      97.72     0.0944 6.9052e-01 -9.990e-29     36.035  44.899179    6.10867    35.2824    35.2838    27.3489    1486.43    1486.40 0.0000e+00
        883      7.000     8.9453     8.9448   3.736516   3.736599     2.6319      98.86     0.0905 4.9541e-01 -9.990e-29     36.767  44.899187    6.10522    35.2825    35.2839    27.3487    1486.45    1486.41 0.0000e+00
        905      8.000     8.9470     8.9470   3.736715   3.736853     2.6312      93.73     0.0894 3.9059e-01 -9.990e-29     37.646  44.899197    6.09627    35.2824    35.2839    27.3483    1486.48    1486.42 0.0000e+00
        928      9.000     8.9473     8.9472   3.736792   3.736911     2.6292      91.36     0.0887 2.9498e-01 -9.990e-29     38.627  44.899209    6.09993    35.2825    35.2838    27.3483    1486.49    1486.43 0.0000e+00
        953     10.000     8.9475     8.9476   3.736860   3.736993     2.6301      98.88     0.0909 2.5158e-01 -9.990e-29     39.669  44.899221    6.10535    35.2825    35.2838    27.3483    1486.51    1486.43 0.0000e+00
        977     11.000     8.9476     8.9475   3.736901   3.737050     2.6298      91.99     0.0884 1.8289e-01 -9.990e-29     40.655  44.899232    6.10233    35.2824    35.2840    27.3482    1486.53    1486.44 0.0000e+00
        998     12.000     8.9478     8.9479   3.736988   3.737121     2.6301      86.62     0.0876 1.2855e-01 -9.990e-29     41.542  44.899242    6.10877    35.2826    35.2839    27.3483    1486.54    1486.45 0.0000e+00
       1017     13.000     8.9482     8.9484   3.737078   3.737212     2.6302      99.04     0.0886 1.3236e-01 -9.990e-29     42.344  44.899252    6.10125    35.2827    35.2839    27.3483    1486.56    1486.46 0.0000e+00
       1035     14.000     8.9483     8.9484   3.737125   3.737272     2.6289      98.86     0.0880 1.0830e-01 -9.990e-29     43.080  44.899260    6.09058    35.2826    35.2840    27.3482    1486.58    1486.47 0.0000e+00
       1052     15.000     8.9485     8.9486   3.737196   3.737338     2.6264      87.25     0.0888 9.3314e-02 -9.990e-29     43.778  44.899268    6.08499    35.2826    35.2840    27.3483    1486.60    1486.48 0.0000e+00
       1071     16.000     8.9484     8.9484   3.737230   3.737352     2.6256      87.72     0.0912 8.7044e-02 -9.990e-29     44.593  44.899278    6.09791    35.2826    35.2839    27.3483    1486.61    1486.49 0.0000e+00
       1095     17.000     8.9483     8.9484   3.737260   3.737389     2.6268      98.74     0.0886 7.4509e-02 -9.990e-29     45.593  44.899289    6.10412    35.2825    35.2838    27.3482    1486.63    1486.49 0.0000e+00
       1120     18.000     8.9485     8.9485   3.737315   3.737445     2.6272      92.61     0.0873 6.4181e-02 -9.990e-29     46.639  44.899301    6.10102    35.2824    35.2838    27.3481    1486.65    1486.50 0.0000e+00
       1142     19.000     8.9486     8.9488   3.737378   3.737538     2.6275      87.74     0.0898 5.3832e-02 -9.990e-29     47.549  44.899312    6.11334    35.2825    35.2840    27.3482    1486.66    1486.51 0.0000e+00
       1162     20.000     8.9494     8.9495   3.737516   3.737650     2.6298      98.67     0.0921 5.1807e-02 -9.990e-29     48.381  44.899322    6.12075    35.2827    35.2840    27.3482    1486.68    1486.52 0.0000e+00
       1182     21.000     8.9496     8.9498   3.737586   3.737723     2.6311      98.86     0.0920 5.1454e-02 -9.990e-29     49.228  44.899331    6.11525    35.2828    35.2840    27.3482    1486.70    1486.53 0.0000e+00
       1206     22.000     8.9499     8.9499   3.737656   3.737778     2.6297      77.39     0.0883 5.1454e-02 -9.990e-29     50.193  44.899343    6.11122    35.2827    35.2840    27.3481    1486.72    1486.54 0.0000e+00
       1229     23.000     8.9499     8.9500   3.737710   3.737850     2.6311      99.27     0.0881 5.1475e-02 -9.990e-29     51.186  44.899354    6.11788    35.2828    35.2842    27.3482    1486.73    1486.54 0.0000e+00
       1252     24.000     8.9498     8.9498   3.737751   3.737870     2.6299      98.86     0.0889 5.1444e-02 -9.990e-29     52.112  44.899365    6.09984    35.2828    35.2841    27.3482    1486.75    1486.55 0.0000e+00
       1273     25.000     8.9498     8.9498   3.737783   3.737920     2.6258      78.89     0.0890 5.1462e-02 -9.990e-29     52.981  44.899375    6.08655    35.2827    35.2841    27.3481    1486.77    1486.56 0.0000e+00
       1292     26.000     8.9498     8.9499   3.737843   3.737974     2.6250      94.86     0.0894 5.1466e-02 -9.990e-29     53.780  44.899384    6.10061    35.2829    35.2841    27.3482    1486.78    1486.57 0.0000e+00
       1310     27.000     8.9498     8.9500   3.737887   3.738023     2.6251      98.88     0.0887 5.1458e-02 -9.990e-29     54.523  44.899393    6.10461    35.2828    35.2841    27.3482    1486.80    1486.58 0.0000e+00
       1327     28.000     8.9497     8.9492   3.737904   3.737990     2.6255      98.51     0.0902 5.1466e-02 -9.990e-29     55.259  44.899401    6.10745    35.2826    35.2840    27.3481    1486.81    1486.59 0.0000e+00
       1345     29.000     8.9483     8.9483   3.737813   3.737935     2.6260      98.30     0.0884 5.1451e-02 -9.990e-29     56.004  44.899410    6.10872    35.2826    35.2839    27.3482    1486.83    1486.60 0.0000e+00
       1364     30.000     8.9488     8.9490   3.737912   3.738051     2.6261      97.35     0.0908 5.1426e-02 -9.990e-29     56.808  44.899419    6.11166    35.2826    35.2839    27.3482    1486.84    1486.60 0.0000e+00
       1388     31.000     8.9499     8.9498   3.738064   3.738174     2.6273      96.08     0.0881 5.1450e-02 -9.990e-29     57.775  44.899430    6.11873    35.2827    35.2839    27.3481    1486.86    1486.61 0.0000e+00
       1417     32.000     8.9502     8.9501   3.738146   3.738256     2.6288      95.03     0.0873 5.1460e-02 -9.990e-29     59.016  44.899445    6.12122    35.2827    35.2840    27.3481    1486.88    1486.62 0.0000e+00
       1446     33.000     8.9501     8.9501   3.738183   3.738297     2.6297      94.19     0.0891 5.1471e-02 -9.990e-29     60.206  44.899458    6.12387    35.2828    35.2840    27.3481    1486.90    1486.63 0.0000e+00
       1468     34.000     8.9508     8.9502   3.738294   3.738351     2.6299      93.25     0.0928 5.1466e-02 -9.990e-29     61.135  44.899469    6.11725    35.2827    35.2839    27.3480    1486.92    1486.64 0.0000e+00
       1488     35.000     8.9507     8.9508   3.738333   3.738453     2.6285      94.70     0.0938 5.1456e-02 -9.990e-29     61.963  44.899479    6.10412    35.2828    35.2839    27.3480    1486.93    1486.65 0.0000e+00
       1507     36.000     8.9507     8.9505   3.738381   3.738479     2.6253      94.08     0.0933 5.1480e-02 -9.990e-29     62.766  44.899488    6.09566    35.2828    35.2840    27.3480    1486.95    1486.65 0.0000e+00
       1526     37.000     8.9504     8.9504   3.738391   3.738511     2.6240      89.98     0.0938 5.1456e-02 -9.990e-29     63.549  44.899497    6.10488    35.2827    35.2840    27.3480    1486.96    1486.66 0.0000e+00
       1544     38.000     8.9492     8.9488   3.738307   3.738384     2.6246      89.19     0.0972 5.1498e-02 -9.990e-29     64.309  44.899506    6.10853    35.2825    35.2838    27.3481    1486.98    1486.67 0.0000e+00
       1562     39.000     8.9476     8.9473   3.738192   3.738281     2.6238      88.20     0.0956 5.1470e-02 -9.990e-29     65.031  44.899514    6.09914    35.2824    35.2837    27.3483    1486.99    1486.68 0.0000e+00
       1579     40.000     8.9468     8.9467   3.738155   3.738260     2.6217      87.18     0.0958 5.1469e-02 -9.990e-29     65.735  44.899522    6.09313    35.2824    35.2836    27.3483    1487.00    1486.69 0.0000e+00
       1596     41.000     8.9468     8.9471   3.738215   3.738344     2.6209      85.99     0.0941 5.1466e-02 -9.990e-29     66.463  44.899531    6.09761    35.2825    35.2836    27.3484    1487.02    1486.70 0.0000e+00
       1616     42.000     8.9478     8.9480   3.738350   3.738489     2.6207      84.92     0.0958 5.1439e-02 -9.990e-29     67.287  44.899540    6.10180    35.2825    35.2837    27.3482    1487.04    1486.70 0.0000e+00
       1641     43.000     8.9487     8.9490   3.738484   3.738627     2.6209      83.76     0.0947 5.1456e-02 -9.990e-29     68.352  44.899553    6.10700    35.2825    35.2837    27.3481    1487.06    1486.71 0.0000e+00
       1676     44.000     8.9490     8.9490   3.738553   3.738683     2.6230      82.62     0.0918 5.1471e-02 -9.990e-29     69.790  44.899569    6.11639    35.2824    35.2838    27.3480    1487.07    1486.72 0.0000e+00
       1707     45.000     8.9494     8.9495   3.738645   3.738762     2.6237      81.66     0.0945 5.1464e-02 -9.990e-29     71.066  44.899584    6.11108    35.2825    35.2837    27.3480    1487.09    1486.73 0.0000e+00
       1728     46.000     8.9503     8.9503   3.738790   3.738903     2.6227      80.93     0.0934 5.1456e-02 -9.990e-29     71.963  44.899594    6.10152    35.2827    35.2839    27.3480    1487.11    1486.74 0.0000e+00
       1746     47.000     8.9505     8.9502   3.738855   3.738952     2.6211      80.16     0.0936 5.1454e-02 -9.990e-29     72.696  44.899603    6.09460    35.2827    35.2840    27.3480    1487.13    1486.74 0.0000e+00
       1762     48.000     8.9503     8.9503   3.738890   3.739004     2.6195      79.41     0.0950 5.1454e-02 -9.990e-29     73.359  44.899611    6.09168    35.2828    35.2840    27.3481    1487.15    1486.75 0.0000e+00
       1777     49.000     8.9505     8.9505   3.738951   3.739053     2.6182      78.60     0.0965 5.1476e-02 -9.990e-29     73.994  44.899618    6.09345    35.2827    35.2838    27.3480    1487.16    1486.76 0.0000e+00
       1792     50.000     8.9499     8.9501   3.738944   3.739077     2.6179      77.52     0.0960 5.1476e-02 -9.990e-29     74.621  44.899625    6.09515    35.2828    35.2840    27.3481    1487.18    1486.77 0.0000e+00
       1807     51.000     8.9499     8.9500   3.738986   3.739118     2.6172      76.64     0.0935 5.1464e-02 -9.990e-29     75.248  44.899632    6.09093    35.2827    35.2840    27.3481    1487.19    1486.78 0.0000e+00
       1831     52.000     8.9494     8.9495   3.738974   3.739093     2.6157      75.17     0.0955 5.1460e-02 -9.990e-29     76.270  44.899644    6.09551    35.2826    35.2838    27.3481    1487.21    1486.79 0.0000e+00
       1869     53.000     8.9492     8.9493   3.738988   3.739118     2.6189      73.79     0.0971 5.1462e-02 -9.990e-29     77.815  44.899662    6.11610    35.2825    35.2838    27.3480    1487.22    1486.79 0.0000e+00
       1894     54.000     8.9494     8.9496   3.739059   3.739192     2.6195      72.92     0.0938 5.1469e-02 -9.990e-29     78.874  44.899674    6.10749    35.2826    35.2838    27.3480    1487.24    1486.80 0.0000e+00
       1912     55.000     8.9492     8.9493   3.739090   3.739220     2.6196      72.02     0.0955 5.1478e-02 -9.990e-29     79.629  44.899683    6.10817    35.2826    35.2839    27.3481    1487.26    1486.81 0.0000e+00
       1928     56.000     8.9492     8.9492   3.739134   3.739243     2.6195      71.22     0.0966 5.1464e-02 -9.990e-29     80.300  44.899691    6.10715    35.2826    35.2837    27.3481    1487.27    1486.82 0.0000e+00
       1944     57.000     8.9490     8.9492   3.739153   3.739299     2.6190      70.32     0.0948 5.1466e-02 -9.990e-29     80.955  44.899699    6.10649    35.2825    35.2838    27.3481    1487.29    1486.83 0.0000e+00
       1961     58.000     8.9489     8.9491   3.739188   3.739336     2.6189      69.27     0.0925 5.1476e-02 -9.990e-29     81.673  44.899707    6.10827    35.2825    35.2838    27.3481    1487.30    1486.84 0.0000e+00
       1985     59.000     8.9489     8.9489   3.739219   3.739348     2.6189      68.04     0.0934 5.1482e-02 -9.990e-29     82.654  44.899718    6.10990    35.2823    35.2837    27.3480    1487.32    1486.84 0.0000e+00
       2013     60.000     8.9485     8.9488   3.739243   3.739379     2.6186      66.92     0.0966 5.1448e-02 1.9179e+00     83.841  44.899732    6.10802    35.2825    35.2836    27.3481    1487.34    1486.85 0.0000e+00
       2040     61.000     8.9485     8.9488   3.739292   3.739430     2.6184      65.88     0.0995 5.1466e-02 1.9439e+00     84.944  44.899745    6.11039    35.2825    35.2837    27.3482    1487.35    1486.86 0.0000e+00
       2061     62.000     8.9492     8.9493   3.739406   3.739528     2.6185      65.00     0.0993 5.1479e-02 1.9438e+00     85.822  44.899755    6.11331    35.2826    35.2837    27.3481    1487.37    1486.87 0.0000e+00
       2079     63.000     8.9493     8.9493   3.739459   3.739575     2.6191      64.11     0.1000 5.1445e-02 1.9438e+00     86.565  44.899764    6.11332    35.2825    35.2838    27.3480    1487.39    1486.88 0.0000e+00
       2095     64.000     8.9504     8.9504   3.739611   3.739728     2.6186      63.32     0.1002 5.1482e-02 1.9438e+00     87.246  44.899771    6.10786    35.2826    35.2838    27.3479    1487.41    1486.89 0.0000e+00
       2110     65.000     8.9504     8.9507   3.739650   3.739817     2.6178      62.39     0.0991 5.1472e-02 -9.990e-29     87.892  44.899779    6.10157    35.2825    35.2839    27.3478    1487.43    1486.89 0.0000e+00
       2127     66.000     8.9497     8.9499   3.739641   3.739775     2.6162      61.35     0.0972 5.1467e-02 -9.990e-29     88.571  44.899787    6.09417    35.2826    35.2838    27.3480    1487.44    1486.90 0.0000e+00
       2149     67.000     8.9470     8.9472   3.739415   3.739542     2.6136      60.18     0.0950 5.1455e-02 -9.990e-29     89.519  44.899798    6.09280    35.2824    35.2836    27.3483    1487.45    1486.91 0.0000e+00
       2183     68.000     8.9464     8.9465   3.739396   3.739508     2.6131      58.85     0.0942 5.1460e-02 -9.990e-29     90.916  44.899814    6.10044    35.2824    35.2834    27.3484    1487.46    1486.92 0.0000e+00
       2212     69.000     8.9467     8.9467   3.739467   3.739583     2.6127      57.88     0.0954 5.1456e-02 -9.990e-29     92.125  44.899828    6.10047    35.2823    35.2835    27.3483    1487.48    1486.93 0.0000e+00
       2232     70.000     8.9470     8.9470   3.739529   3.739658     2.6134      57.13     0.0980 5.1450e-02 -9.990e-29     92.959  44.899837    6.10572    35.2822    35.2835    27.3481    1487.49    1486.93 0.0000e+00
       2249     71.000     8.9473     8.9478   3.739617   3.739779     2.6134      56.27     0.0963 5.1444e-02 -9.990e-29     93.667  44.899846    6.10338    35.2823    35.2835    27.3482    1487.51    1486.94 0.0000e+00
       2265     72.000     8.9482     8.9479   3.739749   3.739838     2.6133      55.40     0.0958 5.1447e-02 -9.990e-29     94.331  44.899853    6.10227    35.2824    35.2836    27.3481    1487.53    1486.95 0.0000e+00
       2281     73.000     8.9480     8.9483   3.739781   3.739917     2.6130      54.48     0.0972 5.1473e-02 -9.990e-29     94.991  44.899861    6.10197    35.2824    35.2835    27.3482    1487.55    1486.96 0.0000e+00
       2298     74.000     8.9487     8.9488   3.739877   3.740004     2.6128      53.39     0.0982 5.1476e-02 1.9438e+00     95.719  44.899869    6.09968    35.2822    35.2835    27.3479    1487.57    1486.97 0.0000e+00
       2320     75.000     8.9487     8.9487   3.739925   3.740045     2.6115      52.21     0.0940 5.1459e-02 1.9438e+00     96.638  44.899880    6.09560    35.2823    35.2835    27.3479    1487.58    1486.98 0.0000e+00
