IBTS/IBTS_CruiseNotebook/Data/CTD/sta0004.cnv
* Sea-Bird SBE 9 Data File:
* FileName = C:\Seabird\CTDData\sta0004.hex
* Software Version Seasave V 7.21f
* Temperature SN = 2491
* Conductivity SN = 2694
* Number of Bytes Per Scan = 40
* Number of Voltage Words = 5
* Number of Scans Averaged by the Deck Unit = 1
* NMEA Latitude = 60 19.28 N
* NMEA Longitude = 002 38.50 E
* NMEA UTC (Time) = Feb 07 2020 17:36:31
* NMEA baud rate = 4800
** Ship: 10 F/F "G. O. Sars"
** Station: 0004
** Echodepth: 97
** Log: 7458.66
** Wind-Dir Force: 18 28
** Air-temp (dry): -0.9
** Weather Sky:
** Sea Ice:
# nquan = 20                                
# nvalues = 83                          
# units = specified
# name 0 = scan: Scan Count
# name 1 = prDM: Pressure, Digiquartz [db]
# name 2 = t068C: Temperature [ITS-68, deg C]
# name 3 = t168C: Temperature, 2 [ITS-68, deg C]
# name 4 = c0S/m: Conductivity [S/m]
# name 5 = c1S/m: Conductivity, 2 [S/m]
# name 6 = sbeox0V: Oxygen raw, SBE 43 [V]
# name 7 = altM: Altimeter [m]
# name 8 = flC: Fluorescence, Chelsea Aqua 3 Chl Con [ug/l]
# name 9 = par: PAR/Irradiance, Biospherical/Licor
# name 10 = spar: SPAR/Surface Irradiance
# name 11 = timeS: Time, Elapsed [seconds]
# name 12 = timeJ: Julian Days
# name 13 = sbeox0ML/L: Oxygen, SBE 43 [ml/l], WS = 2
# name 14 = sal00: Salinity, Practical [PSU]
# name 15 = sal11: Salinity, Practical, 2 [PSU]
# name 16 = sigma-t00: Density [sigma-t, Kg/m^3 ]
# name 17 = svCM: Sound Velocity [Chen-Millero, m/s]
# name 18 = avgsvCM: Average Sound Velocity [Chen-Millero, m/s], minP = 1, minS = 5
# name 19 = flag: flag
# span 0 =         50,       2817       
# span 1 =      7.000,     89.000       
# span 2 =     8.3430,     8.3516       
# span 3 =     8.3431,     8.3516       
# span 4 =   3.669504,   3.673914       
# span 5 =   3.669796,   3.674166       
# span 6 =     2.6531,     2.6837       
# span 7 =      -0.02,      81.19       
# span 8 =     0.0826,     0.0973       
# span 9 = 5.1403e-02, 3.7201e-01       
# span 10 = 0.0000e+00, 0.0000e+00      
# span 11 =      2.059,    117.353      
# span 12 =  38.733739,  38.735074      
# span 13 =    6.31428,    6.35867      
# span 14 =    35.1718,    35.1738      
# span 15 =    35.1744,    35.1768      
# span 16 =    27.3556,    27.3584      
# span 17 =    1484.09,    1485.46      
# span 18 =    1484.09,    1484.73      
# span 19 = 0.0000e+00, 0.0000e+00      
# interval = decibars: 1                
# start_time = Feb 07 2020 17:36:33 [System UTC, header]
# bad_flag = -9.990e-29
*END*
[from data line 73]
       2112     80.000     8.3510     8.3511   3.673498   3.673743     2.6584      18.11     0.0914 5.1444e-02 0.0000e+00     87.942  38.734733    6.33322    35.1722    35.1747    27.3559    1485.31    1484.65 0.0000e+00
       2148     81.000     8.3505     8.3506   3.673490   3.673730     2.6591      16.85     0.0934 5.1449e-02 0.0000e+00     89.440  38.734750    6.33622    35.1721    35.1746    27.3559    1485.33    1484.66 0.0000e+00
       2222     82.000     8.3510     8.3516   3.673578   3.673891     2.6581      15.58     0.0931 5.1447e-02 0.0000e+00     92.555  38.734787    6.33270    35.1720    35.1748    27.3558    1485.35    1484.67 0.0000e+00
       2238     83.000     8.3505     8.3504   3.673568   3.673803     2.6583      14.94     0.0937 5.1427e-02 0.0000e+00     93.195  38.734794    6.33473    35.1720    35.1746    27.3558    1485.36    1484.68 0.0000e+00
       2254     84.000     8.3505     8.3507   3.673623   3.673860     2.6582      14.23     0.0949 5.1454e-02 0.0000e+00     93.856  38.734802    6.33139    35.1721    35.1744    27.3559    1485.38    1484.69 0.0000e+00
       2269     85.000     8.3510     8.3510   3.673713   3.673948     2.6574      13.32     0.0937 5.1457e-02 0.0000e+00     94.509  38.734809    6.32343    35.1720    35.1745    27.3558    1485.40    1484.69 0.0000e+00
       2285     86.000     8.3514     8.3514   3.673804   3.674036     2.6557      12.24     0.0896 5.1427e-02 0.0000e+00     95.149  38.734817    6.31475    35.1721    35.1746    27.3558    1485.41    1484.70 0.0000e+00
       2300     87.000     8.3516     8.3516   3.673866   3.674103     2.6537      10.85     0.0861 5.1447e-02 0.0000e+00     95.780  38.734824    6.31428    35.1721    35.1746    27.3557    1485.43    1484.71 0.0000e+00
       2315     88.000     8.3514     8.3514   3.673903   3.674133     2.6531      10.04     0.0884 5.1447e-02 0.0000e+00     96.407  38.734831    6.32145    35.1722    35.1746    27.3558    1485.45    1484.72 0.0000e+00
       2817     89.000     8.3514     8.3514   3.673914   3.674166     2.6556       8.66     0.0948 5.1434e-02 0.0000e+00    117.353  38.735074    6.32809    35.1718    35.1745    27.3556    1485.46    1484.73 0.0000e+00
