IBTS/IBTS_CruiseNotebook/Data/CTD/sta0036.cnv
* Sea-Bird SBE 9 Data File:
* FileName = C:\Seabird\CTDData\sta0036.hex
* Software Version Seasave V 7.21f
* Temperature SN = 2491
* Conductivity SN = 2694
* Number of Bytes Per Scan = 40
* Number of Voltage Words = 5
* Number of Scans Averaged by the Deck Unit = 1
* NMEA Latitude = 60 11.73 N
* NMEA Longitude = 000 22.99 W
* NMEA UTC (Time) = Feb 18 2020 04:21:48
* NMEA baud rate = 4800
** Ship: 10 F/F "G. O. Sars"
** Station: 0036
** Echodepth: 132
** Log: 8538.12
** Wind-Dir Force: 24 34
** Air-temp (dry): 6.8
** Weather Sky:
** Sea Ice:
# nquan = 20                                
# nvalues = 121                         
# units = specified
# name 0 = scan: Scan Count
# name 1 = prDM: Pressure, Digiquartz [db]
# name 2 = t068C: Temperature [ITS-68, deg C]
# name 3 = t168C: Temperature, 2 [ITS-68, deg C]
# name 4 = c0S/m: Conductivity [S/m]
# name 5 = c1S/m: Conductivity, 2 [S/m]
# name 6 = sbeox0V: Oxygen raw, SBE 43 [V]
# name 7 = altM: Altimeter [m]
# name 8 = flC: Fluorescence, Chelsea Aqua 3 Chl Con [ug/l]
# name 9 = par: PAR/Irradiance, Biospherical/Licor
# name 10 = spar: SPAR/Surface Irradiance
# name 11 = timeS: Time, Elapsed [seconds]
# name 12 = timeJ: Julian Days
# name 13 = sbeox0ML/L: Oxygen, SBE 43 [ml/l], WS = 2
# name 14 = sal00: Salinity, Practical [PSU]
# name 15 = sal11: Salinity, Practical, 2 [PSU]
# name 16 = sigma-t00: Density [sigma-t, Kg/m^3 ]
# name 17 = svCM: Sound Velocity [Chen-Millero, m/s]
# name 18 = avgsvCM: Average Sound Velocity [Chen-Millero, m/s], minP = 1, minS = 5
# name 19 = flag: flag
# span 0 =         67,       3971       
# span 1 =      3.000,    123.000       
# span 2 =     8.1669,     8.1753       
# span 3 =     8.1669,     8.1751       
# span 4 =   3.651088,   3.656961       
# span 5 =   3.651274,   3.657026       
# span 6 =     2.6096,     2.6456       
# span 7 =       1.30,      98.50       
# span 8 =     0.1165,     0.1388       
# span 9 = 5.1418e-02, 1.4944e+00       
# span 10 = 1.8090e+00, 1.9438e+00      
# span 11 =      2.738,    165.419      
# span 12 =  49.181872,  49.183755      
# span 13 =    6.23764,    6.27854      
# span 14 =    35.1503,    35.1521      
# span 15 =    35.1514,    35.1533      
# span 16 =    27.3657,    27.3682      
# span 17 =    1483.35,    1485.34      
# span 18 =    1483.35,    1484.31      
# span 19 = 0.0000e+00, 0.0000e+00      
# interval = decibars: 1                
# start_time = Feb 18 2020 04:21:51 [System UTC, header]
# bad_flag = -9.990e-29
*END*
         67      3.000     8.1706     8.1703   3.651161   3.651274     2.6441       1.70     0.1172 1.4944e+00 1.8090e+00      2.738  49.181872    6.25958    35.1517    35.1532    27.3675    1483.35    1483.35 0.0000e+00
        221      4.000     8.1692     8.1704   3.651088   3.651335     2.6430       1.63     0.1169 1.1817e+00 1.9410e+00      9.169  49.181946    6.25695    35.1518    35.1533    27.3678    1483.36    1483.35 0.0000e+00
        583      5.000     8.1698     8.1714   3.651198   3.651476     2.6414       1.43     0.1172 5.8368e-01 1.9438e+00     24.262  49.182121    6.24765    35.1519    35.1533    27.3678    1483.38    1483.36 0.0000e+00
        598      6.000     8.1694     8.1703   3.651204   3.651421     2.6412       1.47     0.1199 5.1150e-01 1.9438e+00     24.892  49.182128    6.25002    35.1519    35.1533    27.3678    1483.39    1483.36 0.0000e+00
        630      7.000     8.1699     8.1709   3.651294   3.651507     2.6407       1.30     0.1202 4.1461e-01 1.9438e+00     26.191  49.182143    6.24692    35.1518    35.1531    27.3677    1483.41    1483.37 0.0000e+00
        696      8.000     8.1714     8.1721   3.651478   3.651669     2.6421      26.52     0.1210 2.3449e-01 1.9438e+00     28.944  49.182175    6.25638    35.1518    35.1532    27.3675    1483.43    1483.38 0.0000e+00
        717      9.000     8.1689     8.1712   3.651304   3.651637     2.6412      19.83     0.1228 1.9774e-01 1.9438e+00     29.828  49.182186    6.25795    35.1520    35.1532    27.3680    1483.44    1483.38 0.0000e+00
        735     10.000     8.1692     8.1714   3.651376   3.651707     2.6435      78.02     0.1249 9.8091e-02 1.9438e+00     30.594  49.182194    6.27037    35.1519    35.1533    27.3679    1483.46    1483.39 0.0000e+00
        752     11.000     8.1681     8.1683   3.651337   3.651464     2.6442      83.81     0.1229 1.1576e-01 1.9438e+00     31.297  49.182202    6.25916    35.1521    35.1533    27.3682    1483.47    1483.40 0.0000e+00
        768     12.000     8.1696     8.1694   3.651517   3.651607     2.6419       3.09     0.1189 1.2912e-01 1.9438e+00     31.947  49.182210    6.25063    35.1521    35.1532    27.3680    1483.49    1483.41 0.0000e+00
        800     13.000     8.1707     8.1709   3.651650   3.651779     2.6417      68.76     0.1197 1.0584e-01 1.9438e+00     33.309  49.182226    6.25515    35.1519    35.1531    27.3677    1483.51    1483.41 0.0000e+00
        863     14.000     8.1708     8.1707   3.651717   3.651809     2.6418      64.19     0.1208 5.6333e-02 1.9438e+00     35.917  49.182256    6.26322    35.1520    35.1531    27.3677    1483.53    1483.42 0.0000e+00
        882     15.000     8.1705     8.1704   3.651739   3.651834     2.6436      88.13     0.1200 5.1577e-02 1.9438e+00     36.719  49.182265    6.27854    35.1521    35.1532    27.3678    1483.54    1483.43 0.0000e+00
        900     16.000     8.1696     8.1695   3.651690   3.651793     2.6456      90.95     0.1224 5.1673e-02 1.9438e+00     37.450  49.182274    6.27827    35.1520    35.1532    27.3679    1483.56    1483.44 0.0000e+00
        916     17.000     8.1673     8.1673   3.651493   3.651620     2.6454      77.35     0.1206 5.1428e-02 1.9438e+00     38.144  49.182282    6.27019    35.1517    35.1530    27.3680    1483.56    1483.45 0.0000e+00
        934     18.000     8.1674     8.1674   3.651530   3.651629     2.6447      54.57     0.1190 5.1437e-02 1.9438e+00     38.887  49.182290    6.26404    35.1515    35.1525    27.3678    1483.58    1483.45 0.0000e+00
        969     19.000     8.1673     8.1671   3.651559   3.651640     2.6432      84.96     0.1193 5.1428e-02 1.9438e+00     40.314  49.182307    6.26205    35.1514    35.1525    27.3678    1483.60    1483.46 0.0000e+00
       1049     20.000     8.1675     8.1676   3.651635   3.651746     2.6430      83.47     0.1227 5.1439e-02 1.9438e+00     43.686  49.182346    6.26662    35.1515    35.1526    27.3678    1483.61    1483.47 0.0000e+00
       1083     21.000     8.1669     8.1669   3.651625   3.651731     2.6430      50.56     0.1217 5.1453e-02 1.9438e+00     45.063  49.182362    6.26669    35.1515    35.1527    27.3679    1483.63    1483.48 0.0000e+00
       1106     22.000     8.1675     8.1675   3.651712   3.651821     2.6428      98.50     0.1193 5.1431e-02 1.9438e+00     46.033  49.182373    6.26093    35.1514    35.1525    27.3677    1483.65    1483.48 0.0000e+00
       1129     23.000     8.1674     8.1674   3.651738   3.651837     2.6403      83.03     0.1165 5.1454e-02 1.9438e+00     47.014  49.182384    6.25313    35.1512    35.1523    27.3676    1483.66    1483.49 0.0000e+00
       1159     24.000     8.1674     8.1676   3.651785   3.651917     2.6392      64.95     0.1192 5.1435e-02 1.9438e+00     48.237  49.182399    6.25844    35.1513    35.1525    27.3676    1483.68    1483.50 0.0000e+00
       1250     25.000     8.1678     8.1677   3.651876   3.651963     2.6402      61.69     0.1214 5.1430e-02 1.9438e+00     52.059  49.182443    6.26699    35.1513    35.1524    27.3677    1483.70    1483.51 0.0000e+00
       1271     26.000     8.1681     8.1682   3.651965   3.652068     2.6403      71.12     0.1208 5.1440e-02 1.9438e+00     52.905  49.182453    6.26878    35.1515    35.1525    27.3677    1483.72    1483.52 0.0000e+00
       1290     27.000     8.1684     8.1684   3.652035   3.652134     2.6420      69.38     0.1185 5.1454e-02 1.9438e+00     53.719  49.182462    6.27091    35.1515    35.1525    27.3677    1483.73    1483.52 0.0000e+00
       1312     28.000     8.1682     8.1682   3.652044   3.652143     2.6415      75.80     0.1178 5.1431e-02 1.9438e+00     54.620  49.182472    6.27055    35.1513    35.1523    27.3675    1483.75    1483.53 0.0000e+00
       1342     29.000     8.1684     8.1682   3.652110   3.652183     2.6411      85.63     0.1199 5.1442e-02 1.9438e+00     55.876  49.182487    6.26517    35.1513    35.1523    27.3675    1483.77    1483.54 0.0000e+00
       1380     30.000     8.1687     8.1686   3.652184   3.652284     2.6405      63.79     0.1232 5.1456e-02 1.9438e+00     57.438  49.182505    6.26706    35.1513    35.1525    27.3675    1483.78    1483.55 0.0000e+00
       1431     31.000     8.1686     8.1687   3.652229   3.652342     2.6385      79.06     0.1262 5.1438e-02 1.9438e+00     59.575  49.182530    6.25994    35.1514    35.1525    27.3676    1483.80    1483.56 0.0000e+00
       1479     32.000     8.1688     8.1687   3.652279   3.652372     2.6392      87.42     0.1258 5.1456e-02 1.9438e+00     61.600  49.182553    6.27152    35.1512    35.1523    27.3674    1483.82    1483.56 0.0000e+00
       1502     33.000     8.1683     8.1681   3.652258   3.652343     2.6404      72.65     0.1249 5.1437e-02 1.9438e+00     62.542  49.182564    6.27468    35.1510    35.1521    27.3673    1483.83    1483.57 0.0000e+00
       1525     34.000     8.1682     8.1682   3.652296   3.652392     2.6408      62.35     0.1238 5.1434e-02 1.9438e+00     63.507  49.182575    6.27766    35.1510    35.1520    27.3673    1483.85    1483.58 0.0000e+00
       1565     35.000     8.1687     8.1687   3.652409   3.652502     2.6406      95.27     0.1242 5.1452e-02 1.9438e+00     65.184  49.182595    6.26863    35.1512    35.1522    27.3674    1483.87    1483.59 0.0000e+00
       1625     36.000     8.1690     8.1691   3.652483   3.652593     2.6391      97.09     0.1282 5.1422e-02 1.9438e+00     67.661  49.182623    6.26591    35.1512    35.1523    27.3674    1483.88    1483.60 0.0000e+00
       1648     37.000     8.1692     8.1692   3.652554   3.652651     2.6386      96.27     0.1339 5.1418e-02 1.9438e+00     68.626  49.182635    6.26759    35.1513    35.1523    27.3674    1483.90    1483.60 0.0000e+00
       1666     38.000     8.1686     8.1686   3.652520   3.652619     2.6388      95.31     0.1371 5.1418e-02 1.9438e+00     69.376  49.182643    6.26615    35.1511    35.1521    27.3673    1483.91    1483.61 0.0000e+00
       1683     39.000     8.1691     8.1690   3.652637   3.652706     2.6378      94.49     0.1388 5.1427e-02 1.9438e+00     70.097  49.182652    6.25769    35.1513    35.1522    27.3674    1483.93    1483.62 0.0000e+00
       1699     40.000     8.1694     8.1696   3.652721   3.652828     2.6363      93.52     0.1338 5.1436e-02 1.9438e+00     70.764  49.182659    6.25338    35.1514    35.1524    27.3675    1483.95    1483.63 0.0000e+00
       1715     41.000     8.1692     8.1691   3.652718   3.652801     2.6351      92.44     0.1300 5.1428e-02 1.9438e+00     71.399  49.182667    6.25442    35.1511    35.1521    27.3673    1483.97    1483.64 0.0000e+00
       1733     42.000     8.1685     8.1685   3.652672   3.652758     2.6346      91.45     0.1265 5.1430e-02 1.9438e+00     72.164  49.182676    6.25815    35.1508    35.1517    27.3671    1483.98    1483.65 0.0000e+00
       1774     43.000     8.1689     8.1687   3.652772   3.652832     2.6350      89.83     0.1263 5.1432e-02 1.9438e+00     73.887  49.182695    6.26341    35.1510    35.1518    27.3672    1484.00    1483.65 0.0000e+00
       1827     44.000     8.1700     8.1700   3.652957   3.653042     2.6350      88.61     0.1285 5.1439e-02 1.9438e+00     76.070  49.182721    6.26214    35.1514    35.1523    27.3674    1484.02    1483.66 0.0000e+00
       1846     45.000     8.1705     8.1704   3.653061   3.653143     2.6350      88.06     0.1284 5.1426e-02 1.9438e+00     76.884  49.182730    6.26361    35.1515    35.1525    27.3674    1484.04    1483.67 0.0000e+00
       1862     46.000     8.1708     8.1708   3.653138   3.653235     2.6350      87.26     0.1294 5.1445e-02 1.9438e+00     77.558  49.182738    6.26272    35.1515    35.1526    27.3674    1484.05    1483.68 0.0000e+00
       1878     47.000     8.1708     8.1709   3.653193   3.653305     2.6347      86.60     0.1269 5.1460e-02 1.9438e+00     78.191  49.182745    6.25684    35.1516    35.1527    27.3674    1484.07    1483.69 0.0000e+00
       1892     48.000     8.1710     8.1704   3.653255   3.653278     2.6334      85.71     0.1260 5.1437e-02 1.9438e+00     78.805  49.182752    6.24585    35.1516    35.1525    27.3674    1484.09    1483.70 0.0000e+00
       1907     49.000     8.1703     8.1704   3.653208   3.653303     2.6309      84.57     0.1277 5.1439e-02 1.9438e+00     79.402  49.182759    6.23979    35.1513    35.1522    27.3673    1484.10    1483.70 0.0000e+00
       1921     50.000     8.1705     8.1705   3.653272   3.653366     2.6298      82.81     0.1261 5.1437e-02 1.9438e+00     80.013  49.182766    6.24343    35.1513    35.1523    27.3672    1484.12    1483.71 0.0000e+00
       1967     51.000     8.1706     8.1704   3.653330   3.653377     2.6295      81.54     0.1277 5.1438e-02 1.9438e+00     81.929  49.182788    6.25236    35.1514    35.1521    27.3672    1484.14    1483.72 0.0000e+00
       2021     52.000     8.1706     8.1707   3.653362   3.653464     2.6304      80.57     0.1285 5.1424e-02 1.9438e+00     84.156  49.182814    6.25973    35.1512    35.1522    27.3671    1484.15    1483.73 0.0000e+00
       2038     53.000     8.1694     8.1696   3.653254   3.653380     2.6312      79.97     0.1262 5.1435e-02 1.9438e+00     84.880  49.182823    6.25997    35.1508    35.1519    27.3670    1484.16    1483.74 0.0000e+00
       2054     54.000     8.1696     8.1695   3.653331   3.653400     2.6307      79.08     0.1254 5.1418e-02 1.9438e+00     85.547  49.182830    6.25818    35.1509    35.1517    27.3670    1484.18    1483.75 0.0000e+00
       2069     55.000     8.1691     8.1693   3.653311   3.653413     2.6311      78.32     0.1257 5.1438e-02 1.9438e+00     86.173  49.182838    6.26104    35.1507    35.1516    27.3669    1484.19    1483.75 0.0000e+00
       2084     56.000     8.1692     8.1692   3.653363   3.653463     2.6310      77.32     0.1250 5.1428e-02 1.9438e+00     86.796  49.182845    6.25916    35.1507    35.1517    27.3669    1484.21    1483.76 0.0000e+00
       2099     57.000     8.1693     8.1694   3.653428   3.653523     2.6307      76.33     0.1252 5.1428e-02 1.9438e+00     87.412  49.182852    6.25647    35.1508    35.1517    27.3670    1484.23    1483.77 0.0000e+00
       2114     58.000     8.1695     8.1696   3.653480   3.653588     2.6301      75.32     0.1263 5.1418e-02 1.9438e+00     88.029  49.182859    6.25381    35.1506    35.1517    27.3668    1484.25    1483.78 0.0000e+00
       2129     59.000     8.1692     8.1692   3.653497   3.653602     2.6291      74.32     0.1287 5.1455e-02 1.9438e+00     88.665  49.182866    6.25366    35.1506    35.1518    27.3669    1484.26    1483.79 0.0000e+00
       2173     60.000     8.1686     8.1687   3.653483   3.653584     2.6287      72.54     0.1283 5.1432e-02 1.9438e+00     90.499  49.182888    6.25548    35.1506    35.1516    27.3669    1484.27    1483.79 0.0000e+00
       2239     61.000     8.1684     8.1683   3.653507   3.653611     2.6284      71.51     0.1255 5.1435e-02 1.9438e+00     93.233  49.182919    6.26117    35.1506    35.1518    27.3669    1484.29    1483.80 0.0000e+00
       2268     62.000     8.1685     8.1685   3.653579   3.653678     2.6295      70.88     0.1287 5.1432e-02 1.9438e+00     94.452  49.182934    6.26341    35.1507    35.1518    27.3671    1484.31    1483.81 0.0000e+00
       2286     63.000     8.1687     8.1689   3.653658   3.653758     2.6294      70.22     0.1294 5.1426e-02 1.9438e+00     95.188  49.182942    6.25764    35.1509    35.1518    27.3672    1484.32    1483.82 0.0000e+00
       2301     64.000     8.1693     8.1694   3.653760   3.653857     2.6285      69.24     0.1296 5.1463e-02 1.9438e+00     95.847  49.182950    6.25457    35.1509    35.1518    27.3671    1484.34    1483.83 0.0000e+00
       2317     65.000     8.1698     8.1698   3.653855   3.653954     2.6280      68.26     0.1291 5.1419e-02 1.9438e+00     96.481  49.182957    6.25659    35.1509    35.1520    27.3670    1484.36    1483.83 0.0000e+00
       2332     66.000     8.1704     8.1702   3.653962   3.654029     2.6278      67.28     0.1285 5.1427e-02 1.9438e+00     97.106  49.182964    6.25796    35.1510    35.1519    27.3670    1484.38    1483.84 0.0000e+00
       2347     67.000     8.1708     8.1708   3.654058   3.654146     2.6277      66.37     0.1269 5.1437e-02 1.9438e+00     97.733  49.182972    6.25915    35.1511    35.1521    27.3670    1484.40    1483.85 0.0000e+00
       2362     68.000     8.1713     8.1712   3.654152   3.654236     2.6277      65.43     0.1268 5.1428e-02 1.9438e+00     98.357  49.182979    6.26049    35.1511    35.1521    27.3670    1484.42    1483.86 0.0000e+00
       2446     69.000     8.1710     8.1710   3.654146   3.654256     2.6275      63.79     0.1259 5.1439e-02 1.9438e+00    101.885  49.183019    6.26689    35.1509    35.1521    27.3668    1484.43    1483.87 0.0000e+00
       2491     70.000     8.1709     8.1707   3.654194   3.654276     2.6289      62.88     0.1264 5.1454e-02 1.9438e+00    103.744  49.183041    6.26557    35.1510    35.1521    27.3669    1484.45    1483.88 0.0000e+00
       2507     71.000     8.1699     8.1696   3.654120   3.654199     2.6274      62.05     0.1291 5.1445e-02 1.9438e+00    104.411  49.183049    6.25249    35.1507    35.1519    27.3669    1484.46    1483.88 0.0000e+00
       2523     72.000     8.1697     8.1696   3.654148   3.654237     2.6262      61.14     0.1299 5.1427e-02 1.9438e+00    105.084  49.183057    6.25102    35.1507    35.1518    27.3669    1484.48    1483.89 0.0000e+00
       2540     73.000     8.1698     8.1699   3.654215   3.654302     2.6253      60.13     0.1242 5.1466e-02 1.9438e+00    105.806  49.183065    6.25426    35.1509    35.1517    27.3670    1484.49    1483.90 0.0000e+00
       2559     74.000     8.1691     8.1694   3.654177   3.654289     2.6253      59.10     0.1224 5.1426e-02 1.9438e+00    106.595  49.183074    6.25872    35.1507    35.1516    27.3669    1484.51    1483.91 0.0000e+00
