IBTS/IBTS_CruiseNotebook/Data/CTD/sta0022.cnv
* Sea-Bird SBE 9 Data File:
* FileName = C:\Seabird\CTDData\sta0022.hex
* Software Version Seasave V 7.21f
* Temperature SN = 2491
* Conductivity SN = 2694
* Number of Bytes Per Scan = 40
* Number of Voltage Words = 5
* Number of Scans Averaged by the Deck Unit = 1
* NMEA Latitude = 61 36.87 N
* NMEA Longitude = 000 23.55 E
* NMEA UTC (Time) = Feb 13 2020 02:07:47
* NMEA baud rate = 4800
** Ship: 10 F/F "G. O. Sars"
** Station: 0022
** Echodepth: 202
** Log: 8108.7
** Wind-Dir Force: 30 10
** Air-temp (dry): 2.4
** Weather Sky:
** Sea Ice:
# nquan = 20                                
# nvalues = 187                         
# units = specified
# name 0 = scan: Scan Count
# name 1 = prDM: Pressure, Digiquartz [db]
# name 2 = t068C: Temperature [ITS-68, deg C]
# name 3 = t168C: Temperature, 2 [ITS-68, deg C]
# name 4 = c0S/m: Conductivity [S/m]
# name 5 = c1S/m: Conductivity, 2 [S/m]
# name 6 = sbeox0V: Oxygen raw, SBE 43 [V]
# name 7 = altM: Altimeter [m]
# name 8 = flC: Fluorescence, Chelsea Aqua 3 Chl Con [ug/l]
# name 9 = par: PAR/Irradiance, Biospherical/Licor
# name 10 = spar: SPAR/Surface Irradiance
# name 11 = timeS: Time, Elapsed [seconds]
# name 12 = timeJ: Julian Days
# name 13 = sbeox0ML/L: Oxygen, SBE 43 [ml/l], WS = 2
# name 14 = sal00: Salinity, Practical [PSU]
# name 15 = sal11: Salinity, Practical, 2 [PSU]
# name 16 = sigma-t00: Density [sigma-t, Kg/m^3 ]
# name 17 = svCM: Sound Velocity [Chen-Millero, m/s]
# name 18 = avgsvCM: Average Sound Velocity [Chen-Millero, m/s], minP = 1, minS = 5
# name 19 = flag: flag
# span 0 =       -116,       4791       
# span 1 =      5.000,    191.000       
# span 2 =     8.8586,     8.8816       
# span 3 =     8.8544,     8.8817       
# span 4 =   3.726769,   3.737448       
# span 5 =   3.726564,   3.737594       
# span 6 =     2.5801,     2.6391       
# span 7 =      12.99,      99.29       
# span 8 =     0.0436,     0.0569       
# span 9 = 5.1427e-02, 8.7198e-01       
# span 10 = 1.2189e-01, 1.9835e+00      
# span 11 =     -4.874,    199.596      
# span 12 =  44.088717,  44.091083      
# span 13 =    6.10175,    6.14765      
# span 14 =    35.2668,    35.2678      
# span 15 =    35.2685,    35.2691      
# span 16 =    27.3470,    27.3505      
# span 17 =    1486.08,    1489.23      
# span 18 =    1486.08,    1487.62      
# span 19 = 0.0000e+00, 0.0000e+00      
# interval = decibars: 1                
# start_time = Feb 13 2020 02:07:50 [System UTC, header]
# bad_flag = -9.990e-29
*END*
[from data line 73]
       2447     78.000     8.8697     8.8697   3.731188   3.731342     2.6149      91.74     0.0497 5.1436e-02 -9.990e-29    101.924  44.089953    6.12779    35.2674    35.2690    27.3490    1487.32    1486.68 0.0000e+00
       2463     79.000     8.8698     8.8698   3.731262   3.731394     2.6157      98.86     0.0488 5.1466e-02 -9.990e-29    102.583  44.089960    6.13115    35.2676    35.2690    27.3491    1487.34    1486.69 0.0000e+00
       2478     80.000     8.8698     8.8698   3.731311   3.731437     2.6156      98.86     0.0480 5.1466e-02 -9.990e-29    103.219  44.089968    6.12656    35.2676    35.2690    27.3491    1487.36    1486.69 0.0000e+00
       2493     81.000     8.8696     8.8695   3.731334   3.731461     2.6155      98.86     0.0503 5.1506e-02 -9.990e-29    103.843  44.089975    6.12061    35.2676    35.2690    27.3491    1487.37    1486.70 0.0000e+00
       2508     82.000     8.8699     8.8698   3.731410   3.731519     2.6131      81.98     0.0511 5.1485e-02 5.6506e-01    104.469  44.089982    6.11756    35.2676    35.2689    27.3491    1487.39    1486.71 0.0000e+00
       2523     83.000     8.8699     8.8700   3.731452   3.731591     2.6139      95.00     0.0510 5.1466e-02 1.9694e+00    105.095  44.089989    6.12841    35.2676    35.2689    27.3491    1487.41    1486.72 0.0000e+00
       2538     84.000     8.8699     8.8699   3.731506   3.731623     2.6144      98.91     0.0529 5.1466e-02 1.9438e+00    105.716  44.089997    6.13074    35.2677    35.2689    27.3491    1487.42    1486.73 0.0000e+00
       2553     85.000     8.8700     8.8700   3.731562   3.731692     2.6143      98.86     0.0518 5.1466e-02 1.9438e+00    106.332  44.090004    6.12589    35.2677    35.2690    27.3491    1487.44    1486.74 0.0000e+00
       2568     86.000     8.8704     8.8705   3.731630   3.731772     2.6142      98.13     0.0502 5.1466e-02 1.9435e+00    106.949  44.090011    6.12148    35.2675    35.2689    27.3489    1487.46    1486.74 0.0000e+00
       2582     87.000     8.8706     8.8705   3.731692   3.731827     2.6114      69.35     0.0479 5.1490e-02 4.7817e-01    107.558  44.090018    6.11955    35.2675    35.2690    27.3489    1487.47    1486.75 0.0000e+00
       2615     88.000     8.8705     8.8702   3.731719   3.731833     2.6126      90.16     0.0503 5.1463e-02 1.7394e+00    108.907  44.090034    6.12673    35.2674    35.2689    27.3488    1487.49    1486.76 0.0000e+00
       2674     89.000     8.8713     8.8716   3.731783   3.731984     2.6125      92.20     0.0538 5.1472e-02 -9.990e-29    111.370  44.090062    6.13169    35.2668    35.2686    27.3482    1487.51    1486.77 0.0000e+00
       2696     90.000     8.8722     8.8719   3.731927   3.732059     2.6133      98.85     0.0530 5.1479e-02 1.9438e+00    112.289  44.090073    6.12696    35.2669    35.2686    27.3482    1487.53    1486.78 0.0000e+00
       2713     91.000     8.8722     8.8720   3.732008   3.732125     2.6129      96.87     0.0513 5.1427e-02 1.9438e+00    113.008  44.090081    6.12356    35.2673    35.2687    27.3485    1487.55    1486.79 0.0000e+00
       2729     92.000     8.8718     8.8715   3.732026   3.732125     2.6110      75.40     0.0506 5.1455e-02 1.9438e+00    113.656  44.090089    6.12967    35.2674    35.2687    27.3486    1487.56    1486.79 0.0000e+00
       2744     93.000     8.8718     8.8719   3.732056   3.732207     2.6144      99.09     0.0519 5.1466e-02 1.1608e+00    114.296  44.090096    6.14670    35.2672    35.2687    27.3485    1487.58    1486.80 0.0000e+00
       2759     94.000     8.8711     8.8708   3.732049   3.732174     2.6148      98.86     0.0502 5.1506e-02 1.2189e-01    114.926  44.090103    6.13823    35.2674    35.2690    27.3487    1487.59    1486.81 0.0000e+00
       2774     95.000     8.8709     8.8707   3.732085   3.732209     2.6144      98.86     0.0497 5.1445e-02 1.9835e+00    115.558  44.090111    6.12485    35.2675    35.2690    27.3488    1487.61    1486.82 0.0000e+00
       2789     96.000     8.8709     8.8708   3.732141   3.732266     2.6121      84.96     0.0471 5.1476e-02 1.9439e+00    116.176  44.090118    6.11341    35.2676    35.2690    27.3489    1487.62    1486.83 0.0000e+00
       2804     97.000     8.8710     8.8710   3.732188   3.732327     2.6096      74.06     0.0484 5.1466e-02 1.9438e+00    116.788  44.090125    6.11246    35.2675    35.2690    27.3488    1487.64    1486.84 0.0000e+00
       2818     98.000     8.8709     8.8707   3.732230   3.732352     2.6095      98.59     0.0520 5.1449e-02 -9.990e-29    117.389  44.090132    6.12140    35.2676    35.2690    27.3489    1487.66    1486.84 0.0000e+00
       2833     99.000     8.8707     8.8707   3.732262   3.732405     2.6087      98.86     0.0537 5.1449e-02 -9.990e-29    117.988  44.090139    6.12230    35.2676    35.2691    27.3490    1487.67    1486.85 0.0000e+00
       2847    100.000     8.8708     8.8709   3.732326   3.732461     2.6093      98.86     0.0527 5.1476e-02 -9.990e-29    118.589  44.090146    6.12393    35.2677    35.2690    27.3490    1487.69    1486.86 0.0000e+00
       2862    101.000     8.8714     8.8712   3.732412   3.732520     2.6086      82.93     0.0497 5.1438e-02 -9.990e-29    119.194  44.090153    6.12085    35.2675    35.2689    27.3488    1487.71    1486.87 0.0000e+00
       2896    102.000     8.8709     8.8709   3.732394   3.732542     2.6092      87.95     0.0508 5.1453e-02 -9.990e-29    120.617  44.090169    6.12836    35.2674    35.2689    27.3488    1487.72    1486.88 0.0000e+00
       2953    103.000     8.8713     8.8713   3.732431   3.732616     2.6100      81.25     0.0484 5.1481e-02 -9.990e-29    122.994  44.090197    6.13137    35.2669    35.2688    27.3483    1487.74    1486.89 0.0000e+00
       2974    104.000     8.8716     8.8716   3.732543   3.732686     2.6101      98.70     0.0505 5.1479e-02 -9.990e-29    123.879  44.090207    6.12684    35.2673    35.2688    27.3486    1487.76    1486.89 0.0000e+00
       2991    105.000     8.8716     8.8718   3.732597   3.732773     2.6092      98.04     0.0536 5.1457e-02 -9.990e-29    124.579  44.090215    6.12614    35.2674    35.2690    27.3486    1487.77    1486.90 0.0000e+00
       3006    106.000     8.8715     8.8715   3.732651   3.732800     2.6092      97.34     0.0567 5.1476e-02 -9.990e-29    125.219  44.090222    6.12847    35.2676    35.2691    27.3488    1487.79    1486.91 0.0000e+00
       3021    107.000     8.8715     8.8715   3.732708   3.732832     2.6092      96.62     0.0569 5.1463e-02 -9.990e-29    125.852  44.090230    6.12730    35.2677    35.2690    27.3489    1487.81    1486.92 0.0000e+00
       3037    108.000     8.8717     8.8717   3.732767   3.732890     2.6081      97.43     0.0552 5.1457e-02 -9.990e-29    126.493  44.090237    6.11910    35.2676    35.2689    27.3488    1487.82    1486.93 0.0000e+00
       3052    109.000     8.8717     8.8716   3.732811   3.732941     2.6070      83.97     0.0521 5.1437e-02 -9.990e-29    127.126  44.090245    6.11431    35.2676    35.2691    27.3488    1487.84    1486.94 0.0000e+00
       3068    110.000     8.8718     8.8718   3.732874   3.733000     2.6049      67.48     0.0503 5.1464e-02 -9.990e-29    127.777  44.090252    6.11119    35.2677    35.2690    27.3489    1487.86    1486.94 0.0000e+00
       3084    111.000     8.8720     8.8719   3.732936   3.733060     2.6046      95.84     0.0504 5.1452e-02 -9.990e-29    128.473  44.090260    6.11386    35.2677    35.2691    27.3488    1487.88    1486.95 0.0000e+00
       3101    112.000     8.8721     8.8720   3.732982   3.733110     2.6032      90.65     0.0491 5.1477e-02 -9.990e-29    129.161  44.090268    6.11294    35.2676    35.2690    27.3487    1487.89    1486.96 0.0000e+00
       3119    113.000     8.8726     8.8725   3.733058   3.733191     2.6034      89.93     0.0456 5.1460e-02 -9.990e-29    129.921  44.090277    6.12166    35.2674    35.2689    27.3485    1487.91    1486.97 0.0000e+00
       3148    114.000     8.8724     8.8724   3.733075   3.733227     2.6045      88.82     0.0484 5.1458e-02 -9.990e-29    131.140  44.090291    6.12604    35.2673    35.2689    27.3485    1487.93    1486.98 0.0000e+00
       3191    115.000     8.8726     8.8726   3.733091   3.733293     2.6051      87.64     0.0483 5.1470e-02 -9.990e-29    132.918  44.090312    6.12430    35.2668    35.2689    27.3480    1487.94    1486.99 0.0000e+00
       3219    116.000     8.8729     8.8727   3.733191   3.733338     2.6043      86.77     0.0526 5.1464e-02 -9.990e-29    134.097  44.090325    6.11776    35.2671    35.2688    27.3482    1487.96    1487.00 0.0000e+00
       3238    117.000     8.8736     8.8736   3.733335   3.733479     2.6032      86.16     0.0541 5.1452e-02 -9.990e-29    134.873  44.090334    6.11662    35.2674    35.2689    27.3483    1487.98    1487.00 0.0000e+00
       3254    118.000     8.8736     8.8735   3.733391   3.733529     2.6031      85.71     0.0505 5.1466e-02 -9.990e-29    135.539  44.090342    6.12039    35.2675    35.2691    27.3484    1488.00    1487.01 0.0000e+00
       3269    119.000     8.8733     8.8732   3.733406   3.733538     2.6031      84.66     0.0481 5.1486e-02 -9.990e-29    136.173  44.090349    6.11739    35.2675    35.2690    27.3485    1488.01    1487.02 0.0000e+00
       3284    120.000     8.8734     8.8735   3.733479   3.733615     2.6019      83.60     0.0517 5.1463e-02 -9.990e-29    136.809  44.090356    6.10953    35.2677    35.2690    27.3486    1488.03    1487.03 0.0000e+00
       3300    121.000     8.8737     8.8737   3.733548   3.733675     2.6004      82.64     0.0541 5.1485e-02 -9.990e-29    137.439  44.090364    6.10556    35.2676    35.2690    27.3485    1488.05    1487.04 0.0000e+00
       3314    122.000     8.8737     8.8737   3.733592   3.733721     2.5993      81.56     0.0537 5.1460e-02 -9.990e-29    138.060  44.090371    6.10848    35.2676    35.2690    27.3485    1488.06    1487.05 0.0000e+00
       3329    123.000     8.8737     8.8737   3.733631   3.733770     2.5992      80.65     0.0543 5.1466e-02 -9.990e-29    138.671  44.090378    6.11376    35.2675    35.2690    27.3484    1488.08    1487.05 0.0000e+00
       3357    124.000     8.8735     8.8735   3.733648   3.733790     2.5997      79.06     0.0546 5.1453e-02 -9.990e-29    139.838  44.090392    6.11953    35.2674    35.2689    27.3484    1488.09    1487.06 0.0000e+00
       3406    125.000     8.8735     8.8735   3.733672   3.733833     2.6011      77.55     0.0509 5.1457e-02 1.3607e+00    141.882  44.090415    6.12191    35.2672    35.2689    27.3482    1488.11    1487.07 0.0000e+00
       3431    126.000     8.8736     8.8738   3.733711   3.733901     2.6011      76.83     0.0494 5.1476e-02 1.4594e+00    142.914  44.090427    6.12101    35.2670    35.2688    27.3481    1488.13    1487.08 0.0000e+00
       3449    127.000     8.8734     8.8734   3.733792   3.733925     2.6008      76.10     0.0482 5.1478e-02 1.9112e+00    143.682  44.090436    6.12024    35.2676    35.2690    27.3485    1488.14    1487.09 0.0000e+00
       3466    128.000     8.8731     8.8730   3.733797   3.733936     2.6007      75.32     0.0521 5.1463e-02 6.3226e-01    144.365  44.090444    6.11901    35.2675    35.2691    27.3485    1488.16    1487.10 0.0000e+00
       3482    129.000     8.8732     8.8733   3.733863   3.734005     2.5998      74.40     0.0561 5.1473e-02 1.9709e+00    145.035  44.090452    6.11600    35.2676    35.2690    27.3486    1488.18    1487.10 0.0000e+00
       3498    130.000     8.8733     8.8733   3.733919   3.734043     2.5995      73.55     0.0540 5.1482e-02 1.9438e+00    145.705  44.090460    6.11631    35.2676    35.2689    27.3486    1488.19    1487.11 0.0000e+00
       3514    131.000     8.8733     8.8733   3.733960   3.734097     2.5988      72.52     0.0525 5.1461e-02 1.9438e+00    146.378  44.090467    6.11446    35.2676    35.2690    27.3485    1488.21    1487.12 0.0000e+00
       3531    132.000     8.8732     8.8734   3.734005   3.734153     2.5982      71.45     0.0523 5.1478e-02 1.9438e+00    147.075  44.090475    6.11191    35.2677    35.2690    27.3486    1488.23    1487.13 0.0000e+00
       3549    133.000     8.8734     8.8735   3.734066   3.734207     2.5971      70.35     0.0541 5.1450e-02 1.9438e+00    147.814  44.090484    6.11061    35.2676    35.2690    27.3486    1488.24    1487.14 0.0000e+00
       3569    134.000     8.8735     8.8733   3.734105   3.734232     2.5967      69.29     0.0535 5.1456e-02 1.9438e+00    148.654  44.090494    6.11623    35.2675    35.2690    27.3484    1488.26    1487.15 0.0000e+00
       3594    135.000     8.8733     8.8733   3.734127   3.734276     2.5972      68.07     0.0527 5.1454e-02 1.9438e+00    149.725  44.090506    6.11858    35.2674    35.2690    27.3484    1488.27    1487.15 0.0000e+00
       3623    136.000     8.8737     8.8738   3.734185   3.734359     2.5972      66.97     0.0493 5.1461e-02 1.1343e+00    150.900  44.090520    6.11517    35.2671    35.2689    27.3481    1488.29    1487.16 0.0000e+00
       3647    137.000     8.8747     8.8748   3.734324   3.734491     2.5960      66.02     0.0485 5.1464e-02 1.8550e+00    151.904  44.090531    6.11233    35.2671    35.2688    27.3480    1488.31    1487.17 0.0000e+00
       3666    138.000     8.8749     8.8749   3.734424   3.734554     2.5960      65.18     0.0503 5.1443e-02 9.1808e-01    152.712  44.090541    6.11641    35.2675    35.2689    27.3482    1488.33    1487.18 0.0000e+00
       3683    139.000     8.8747     8.8748   3.734457   3.734606     2.5961      64.31     0.0517 5.1478e-02 1.9463e+00    153.418  44.090549    6.11697    35.2676    35.2690    27.3483    1488.35    1487.19 0.0000e+00
       3700    140.000     8.8743     8.8744   3.734468   3.734613     2.5960      63.37     0.0502 5.1478e-02 1.4922e+00    154.116  44.090557    6.11680    35.2676    35.2690    27.3484    1488.36    1487.20 0.0000e+00
       3719    141.000     8.8750     8.8749   3.734559   3.734695     2.5957      62.30     0.0497 5.1460e-02 6.5677e-01    154.909  44.090566    6.11482    35.2674    35.2689    27.3481    1488.38    1487.20 0.0000e+00
       3742    142.000     8.8752     8.8752   3.734624   3.734767     2.5950      61.18     0.0491 5.1451e-02 1.7157e+00    155.892  44.090577    6.11361    35.2674    35.2689    27.3481    1488.40    1487.21 0.0000e+00
       3769    143.000     8.8753     8.8751   3.734673   3.734810     2.5947      60.07     0.0493 5.1475e-02 1.9522e+00    157.020  44.090590    6.11806    35.2673    35.2690    27.3480    1488.41    1487.22 0.0000e+00
       3792    144.000     8.8748     8.8749   3.734676   3.734826     2.5955      59.15     0.0480 5.1461e-02 1.9438e+00    157.955  44.090601    6.12330    35.2674    35.2689    27.3481    1488.43    1487.23 0.0000e+00
       3811    145.000     8.8753     8.8752   3.734769   3.734910     2.5959      58.30     0.0479 5.1475e-02 1.3972e+00    158.739  44.090610    6.12133    35.2674    35.2690    27.3481    1488.45    1487.24 0.0000e+00
       3828    146.000     8.8750     8.8751   3.734792   3.734946     2.5955      57.44     0.0519 5.1450e-02 1.2966e+00    159.474  44.090619    6.11417    35.2675    35.2690    27.3482    1488.46    1487.25 0.0000e+00
       3849    147.000     8.8752     8.8752   3.734840   3.734987     2.5937      56.38     0.0529 5.1453e-02 1.9103e+00    160.329  44.090629    6.10605    35.2673    35.2688    27.3480    1488.48    1487.25 0.0000e+00
       3886    148.000     8.8753     8.8754   3.734890   3.735059     2.5922      54.95     0.0505 5.1454e-02 1.4214e+00    161.871  44.090647    6.11468    35.2672    35.2689    27.3479    1488.50    1487.26 0.0000e+00
