IBTS/IBTS_CruiseNotebook/Data/CTD/sta0014.cnv
* Sea-Bird SBE 9 Data File:
* FileName = C:\Seabird\CTDData\sta0014.hex
* Software Version Seasave V 7.21f
* Temperature SN = 2491
* Conductivity SN = 2694
* Number of Bytes Per Scan = 40
* Number of Voltage Words = 5
* Number of Scans Averaged by the Deck Unit = 1
* NMEA Latitude = 61 08.08 N
* NMEA Longitude = 001 22.03 E
* NMEA UTC (Time) = Feb 11 2020 11:36:54
* NMEA baud rate = 4800
** Ship: 10 F/F "G. O. Sars"
** Station: 0014
** Echodepth: 145.6
** Log: 7855.95
** Wind-Dir Force: 25 16
** Air-temp (dry): 4.4
** Weather Sky:
** Sea Ice:
# nquan = 20                                
# nvalues = 133                         
# units = specified
# name 0 = scan: Scan Count
# name 1 = prDM: Pressure, Digiquartz [db]
# name 2 = t068C: Temperature [ITS-68, deg C]
# name 3 = t168C: Temperature, 2 [ITS-68, deg C]
# name 4 = c0S/m: Conductivity [S/m]
# name 5 = c1S/m: Conductivity, 2 [S/m]
# name 6 = sbeox0V: Oxygen raw, SBE 43 [V]
# name 7 = altM: Altimeter [m]
# name 8 = flC: Fluorescence, Chelsea Aqua 3 Chl Con [ug/l]
# name 9 = par: PAR/Irradiance, Biospherical/Licor
# name 10 = spar: SPAR/Surface Irradiance
# name 11 = timeS: Time, Elapsed [seconds]
# name 12 = timeJ: Julian Days
# name 13 = sbeox0ML/L: Oxygen, SBE 43 [ml/l], WS = 2
# name 14 = sal00: Salinity, Practical [PSU]
# name 15 = sal11: Salinity, Practical, 2 [PSU]
# name 16 = sigma-t00: Density [sigma-t, Kg/m^3 ]
# name 17 = svCM: Sound Velocity [Chen-Millero, m/s]
# name 18 = avgsvCM: Average Sound Velocity [Chen-Millero, m/s], minP = 1, minS = 5
# name 19 = flag: flag
# span 0 =        -69,       4429       
# span 1 =      5.000,    137.000       
# span 2 =     8.9387,     8.9555       
# span 3 =     8.9384,     8.9557       
# span 4 =   3.725718,   3.745038       
# span 5 =   3.730607,   3.745202       
# span 6 =     2.3556,     2.6606       
# span 7 =     -14.74,      99.59       
# span 8 =     0.0647,     0.0906       
# span 9 = 5.1432e-02, 3.5731e+01       
# span 10 = 1.2160e+02, 1.3419e+02      
# span 11 =     -2.905,    184.496      
# span 12 =  42.483948,  42.486117      
# span 13 =    5.33815,    6.19879      
# span 14 =    35.1673,    35.3006      
# span 15 =    35.2195,    35.3061      
# span 16 =    27.2580,    27.3636      
# span 17 =    1486.29,    1488.65      
# span 18 =    1486.29,    1487.49      
# span 19 = 0.0000e+00, 0.0000e+00      
# interval = decibars: 1                
# start_time = Feb 11 2020 11:36:56 [System UTC, header]
# bad_flag = -9.990e-29
*END*
        -69      5.000     8.9479     8.9471   3.725718   3.730607     2.4266     -14.74     0.0808 3.5731e+01 1.2160e+02     -2.905  42.483948    5.51365    35.1673    35.2195    27.2580    1486.29    1486.29 0.0000e+00
        160      6.000     8.9419     8.9417   3.725903   3.735109     2.3556      34.17     0.0791 3.2357e+01 1.2886e+02      6.634  42.484058    5.33815    35.1747    35.2718    27.2648    1486.29    1486.29 0.0000e+00
       1565      7.000     8.9387     8.9390   3.734272   3.738160     2.6018      12.54     0.0753 3.3293e+01 1.3037e+02     65.168  42.484736    6.02857    35.2655    35.3061    27.3364    1486.41    1486.31 0.0000e+00
       1727      8.000     8.9421     8.9417   3.737926   3.738044     2.6581      12.70     0.0774 2.9054e+01 1.3023e+02     71.902  42.484814    6.18615    35.3001    35.3017    27.3629    1486.48    1486.33 0.0000e+00
       1738      9.000     8.9403     8.9384   3.737743   3.737784     2.6580      88.43     0.0780 2.5261e+01 1.3139e+02     72.371  42.484819    6.18919    35.2994    35.3018    27.3627    1486.49    1486.34 0.0000e+00
       1752     10.000     8.9390     8.9391   3.737684   3.737878     2.6580      63.88     0.0777 2.2159e+01 1.3217e+02     72.973  42.484826    6.19379    35.2996    35.3016    27.3631    1486.50    1486.36 0.0000e+00
       1767     11.000     8.9387     8.9389   3.737708   3.737915     2.6606      99.59     0.0802 1.9889e+01 1.3218e+02     73.573  42.484833    6.19879    35.2997    35.3017    27.3632    1486.52    1486.37 0.0000e+00
       1781     12.000     8.9398     8.9402   3.737872   3.738080     2.6603      94.60     0.0803 1.8025e+01 1.2750e+02     74.161  42.484840    6.18546    35.2999    35.3016    27.3631    1486.54    1486.39 0.0000e+00
       1799     13.000     8.9394     8.9395   3.737859   3.738059     2.6582      84.68     0.0785 1.7081e+01 1.3213e+02     74.899  42.484848    6.17424    35.2996    35.3016    27.3630    1486.55    1486.40 0.0000e+00
       1835     14.000     8.9394     8.9395   3.737885   3.738091     2.6561      79.77     0.0765 1.6642e+01 1.3216e+02     76.435  42.484866    6.18784    35.2994    35.3015    27.3629    1486.57    1486.41 0.0000e+00
       1872     15.000     8.9394     8.9395   3.737939   3.738149     2.6590      99.51     0.0794 1.5468e+01 1.3062e+02     77.947  42.484884    6.18791    35.2995    35.3016    27.3629    1486.58    1486.42 0.0000e+00
       1895     16.000     8.9391     8.9394   3.737960   3.738192     2.6561      63.00     0.0808 1.3850e+01 1.3023e+02     78.926  42.484895    6.17487    35.2995    35.3017    27.3630    1486.60    1486.43 0.0000e+00
       1914     17.000     8.9393     8.9395   3.738039   3.738239     2.6560      98.70     0.0832 1.2470e+01 1.2789e+02     79.726  42.484904    6.17559    35.2997    35.3016    27.3631    1486.62    1486.45 0.0000e+00
       1932     18.000     8.9393     8.9393   3.738094   3.738280     2.6535      79.80     0.0776 1.1315e+01 1.2792e+02     80.451  42.484913    6.16671    35.2998    35.3017    27.3632    1486.63    1486.46 0.0000e+00
       1949     19.000     8.9397     8.9398   3.738183   3.738376     2.6530      89.70     0.0761 1.0357e+01 1.2617e+02     81.170  42.484921    6.17017    35.2998    35.3018    27.3632    1486.65    1486.47 0.0000e+00
       1968     20.000     8.9397     8.9396   3.738229   3.738389     2.6514      62.22     0.0787 9.5260e+00 1.3059e+02     81.950  42.484930    6.17470    35.2998    35.3016    27.3632    1486.67    1486.48 0.0000e+00
       1989     21.000     8.9398     8.9399   3.738281   3.738465     2.6533      99.22     0.0874 8.8937e+00 1.3220e+02     82.821  42.484940    6.18735    35.2998    35.3017    27.3631    1486.68    1486.49 0.0000e+00
       2011     22.000     8.9403     8.9403   3.738367   3.738538     2.6544      98.86     0.0853 8.3976e+00 1.3216e+02     83.754  42.484951    6.18421    35.2997    35.3015    27.3630    1486.70    1486.50 0.0000e+00
       2034     23.000     8.9403     8.9402   3.738418   3.738593     2.6534      59.82     0.0807 7.8879e+00 1.2680e+02     84.709  42.484962    6.18386    35.2998    35.3017    27.3630    1486.72    1486.51 0.0000e+00
       2057     24.000     8.9403     8.9403   3.738463   3.738646     2.6558      99.15     0.0834 7.4788e+00 1.3002e+02     85.664  42.484973    6.19381    35.2998    35.3017    27.3630    1486.74    1486.51 0.0000e+00
       2078     25.000     8.9405     8.9404   3.738538   3.738701     2.6548      98.87     0.0819 7.0610e+00 1.3222e+02     86.537  42.484983    6.17907    35.2999    35.3017    27.3631    1486.75    1486.52 0.0000e+00
       2097     26.000     8.9402     8.9398   3.738556   3.738694     2.6534      98.86     0.0821 6.6496e+00 1.3218e+02     87.333  42.484992    6.17574    35.2999    35.3017    27.3631    1486.77    1486.53 0.0000e+00
       2116     27.000     8.9398     8.9387   3.738577   3.738651     2.6523      98.86     0.0823 6.2803e+00 1.3194e+02     88.108  42.485001    6.17743    35.3000    35.3019    27.3633    1486.78    1486.54 0.0000e+00
       2135     28.000     8.9396     8.9396   3.738608   3.738776     2.6522      98.87     0.0865 5.9634e+00 1.3067e+02     88.901  42.485011    6.18347    35.3001    35.3018    27.3634    1486.80    1486.55 0.0000e+00
       2154     29.000     8.9397     8.9397   3.738644   3.738826     2.6528      98.86     0.0816 5.6247e+00 1.3217e+02     89.724  42.485020    6.18220    35.2999    35.3018    27.3632    1486.82    1486.56 0.0000e+00
       2175     30.000     8.9399     8.9399   3.738716   3.738887     2.6513      63.37     0.0782 5.2750e+00 1.3218e+02     90.579  42.485030    6.18037    35.3000    35.3018    27.3632    1486.83    1486.57 0.0000e+00
       2194     31.000     8.9403     8.9401   3.738809   3.738962     2.6530      81.96     0.0808 4.9462e+00 1.3217e+02     91.379  42.485039    6.18999    35.3001    35.3019    27.3632    1486.85    1486.58 0.0000e+00
       2211     32.000     8.9398     8.9398   3.738815   3.738980     2.6523      99.40     0.0827 4.6616e+00 1.2743e+02     92.084  42.485047    6.17429    35.3001    35.3019    27.3634    1486.87    1486.59 0.0000e+00
       2227     33.000     8.9397     8.9393   3.738857   3.738986     2.6499      98.87     0.0817 4.3988e+00 1.3223e+02     92.737  42.485055    6.16068    35.3002    35.3019    27.3634    1486.88    1486.60 0.0000e+00
       2244     34.000     8.9392     8.9392   3.738853   3.739018     2.6470      67.39     0.0809 4.1568e+00 1.3218e+02     93.476  42.485063    6.16401    35.3002    35.3019    27.3635    1486.90    1486.61 0.0000e+00
       2285     35.000     8.9387     8.9387   3.738857   3.739007     2.6507      92.06     0.0807 3.9205e+00 1.2929e+02     95.166  42.485083    6.19135    35.3002    35.3018    27.3636    1486.91    1486.61 0.0000e+00
       2327     36.000     8.9398     8.9393   3.739011   3.739122     2.6505      54.20     0.0800 3.6358e+00 1.3028e+02     96.922  42.485103    6.17715    35.3003    35.3019    27.3635    1486.93    1486.62 0.0000e+00
       2347     37.000     8.9432     8.9434   3.739376   3.739545     2.6508      99.19     0.0831 3.3757e+00 1.3168e+02     97.757  42.485113    6.18241    35.3002    35.3018    27.3629    1486.96    1486.63 0.0000e+00
       2365     38.000     8.9438     8.9440   3.739484   3.739655     2.6496      98.87     0.0812 3.1565e+00 1.3212e+02     98.481  42.485121    6.17496    35.3003    35.3019    27.3628    1486.98    1486.64 0.0000e+00
       2382     39.000     8.9435     8.9438   3.739499   3.739671     2.6489      91.94     0.0794 2.9570e+00 1.2838e+02     99.200  42.485130    6.16988    35.3003    35.3018    27.3629    1486.99    1486.65 0.0000e+00
       2402     40.000     8.9419     8.9422   3.739400   3.739575     2.6467      57.83     0.0772 2.8058e+00 1.3218e+02    100.041  42.485139    6.17503    35.3003    35.3019    27.3632    1487.00    1486.66 0.0000e+00
       2424     41.000     8.9428     8.9429   3.739522   3.739684     2.6482      99.53     0.0796 2.6892e+00 1.3218e+02    100.952  42.485150    6.18383    35.3002    35.3019    27.3630    1487.02    1486.67 0.0000e+00
       2444     42.000     8.9423     8.9424   3.739530   3.739690     2.6483      98.86     0.0788 2.5678e+00 1.3218e+02    101.808  42.485160    6.17665    35.3003    35.3019    27.3631    1487.04    1486.68 0.0000e+00
       2463     43.000     8.9425     8.9428   3.739596   3.739778     2.6466      62.98     0.0830 2.4443e+00 1.3218e+02    102.565  42.485168    6.17466    35.3004    35.3020    27.3631    1487.06    1486.69 0.0000e+00
       2479     44.000     8.9428     8.9438   3.739670   3.739920     2.6475      70.40     0.0906 2.3192e+00 1.3218e+02    103.237  42.485176    6.19048    35.3004    35.3020    27.3631    1487.07    1486.69 0.0000e+00
       2494     45.000     8.9450     8.9455   3.739913   3.740114     2.6495      98.49     0.0877 2.1793e+00 1.3033e+02    103.887  42.485184    6.19492    35.3002    35.3019    27.3626    1487.10    1486.70 0.0000e+00
       2510     46.000     8.9430     8.9431   3.739775   3.739945     2.6495      98.86     0.0833 2.0395e+00 1.2270e+02    104.546  42.485191    6.18843    35.3003    35.3020    27.3630    1487.11    1486.71 0.0000e+00
       2528     47.000     8.9427     8.9426   3.739793   3.739937     2.6496      98.73     0.0788 1.9192e+00 1.2878e+02    105.294  42.485200    6.18934    35.3003    35.3019    27.3630    1487.12    1486.72 0.0000e+00
       2550     48.000     8.9421     8.9422   3.739782   3.739949     2.6496      98.04     0.0785 1.8238e+00 1.3172e+02    106.200  42.485211    6.19004    35.3003    35.3020    27.3631    1487.14    1486.73 0.0000e+00
       2576     49.000     8.9422     8.9423   3.739839   3.740001     2.6497      96.93     0.0773 1.7377e+00 1.2947e+02    107.281  42.485223    6.19073    35.3003    35.3019    27.3631    1487.15    1486.74 0.0000e+00
       2602     50.000     8.9428     8.9428   3.739935   3.740090     2.6495      95.65     0.0787 1.6543e+00 1.2910e+02    108.374  42.485236    6.18934    35.3003    35.3019    27.3630    1487.17    1486.75 0.0000e+00
       2627     51.000     8.9436     8.9434   3.740051   3.740194     2.6490      94.80     0.0762 1.5611e+00 1.3218e+02    109.406  42.485248    6.19048    35.3002    35.3019    27.3628    1487.19    1486.76 0.0000e+00
       2651     52.000     8.9425     8.9421   3.740003   3.740119     2.6491      69.80     0.0740 1.4677e+00 1.3218e+02    110.408  42.485259    6.18826    35.3003    35.3019    27.3631    1487.20    1486.76 0.0000e+00
       2673     53.000     8.9424     8.9424   3.740040   3.740188     2.6485      70.36     0.0748 1.3793e+00 1.3218e+02    111.343  42.485270    6.18993    35.3003    35.3019    27.3631    1487.22    1486.77 0.0000e+00
       2692     54.000     8.9421     8.9423   3.740075   3.740232     2.6484      91.88     0.0733 1.2954e+00 1.2773e+02    112.135  42.485279    6.18467    35.3005    35.3020    27.3633    1487.24    1486.78 0.0000e+00
       2709     55.000     8.9423     8.9426   3.740141   3.740315     2.6469      91.11     0.0714 1.2219e+00 1.3162e+02    112.818  42.485287    6.17675    35.3005    35.3020    27.3633    1487.25    1486.79 0.0000e+00
       2724     56.000     8.9420     8.9418   3.740157   3.740294     2.6454      90.28     0.0750 1.1504e+00 1.2710e+02    113.449  42.485295    6.17565    35.3005    35.3021    27.3633    1487.27    1486.80 0.0000e+00
       2739     57.000     8.9416     8.9415   3.740179   3.740310     2.6448      89.41     0.0793 1.0890e+00 1.3185e+02    114.102  42.485302    6.17910    35.3006    35.3021    27.3635    1487.28    1486.81 0.0000e+00
       2775     58.000     8.9416     8.9415   3.740209   3.740350     2.6442      91.54     0.0784 1.0486e+00 1.3197e+02    115.568  42.485319    6.18225    35.3005    35.3021    27.3633    1487.30    1486.82 0.0000e+00
       2824     59.000     8.9419     8.9418   3.740272   3.740420     2.6456      86.73     0.0768 1.0112e+00 1.3219e+02    117.607  42.485343    6.19418    35.3004    35.3020    27.3632    1487.32    1486.82 0.0000e+00
       2844     60.000     8.9416     8.9414   3.740312   3.740439     2.6461      86.43     0.0753 9.4595e-01 1.2974e+02    118.474  42.485353    6.18903    35.3006    35.3021    27.3634    1487.33    1486.83 0.0000e+00
       2861     61.000     8.9446     8.9440   3.740637   3.740717     2.6460      85.64     0.0765 8.8849e-01 1.3188e+02    119.171  42.485361    6.18577    35.3006    35.3020    27.3629    1487.36    1486.84 0.0000e+00
       2877     62.000     8.9453     8.9454   3.740724   3.740893     2.6453      84.95     0.0771 8.3137e-01 1.3217e+02    119.818  42.485368    6.18015    35.3003    35.3020    27.3626    1487.38    1486.85 0.0000e+00
       2892     63.000     8.9447     8.9447   3.740733   3.740873     2.6439      84.15     0.0780 7.7699e-01 1.3218e+02    120.444  42.485376    6.17623    35.3005    35.3020    27.3629    1487.39    1486.86 0.0000e+00
       2907     64.000     8.9449     8.9453   3.740793   3.740977     2.6430      83.41     0.0758 7.3914e-01 1.2760e+02    121.063  42.485383    6.17731    35.3005    35.3020    27.3628    1487.41    1486.87 0.0000e+00
       2921     65.000     8.9459     8.9456   3.740933   3.741048     2.6425      82.11     0.0741 7.0259e-01 1.2777e+02    121.684  42.485390    6.17576    35.3005    35.3020    27.3626    1487.43    1486.88 0.0000e+00
       2936     66.000     8.9452     8.9450   3.740916   3.741055     2.6416      80.87     0.0746 6.7126e-01 1.3396e+02    122.290  42.485397    6.16891    35.3005    35.3022    27.3628    1487.44    1486.88 0.0000e+00
       2953     67.000     8.9438     8.9439   3.740831   3.740980     2.6395      79.64     0.0753 6.3721e-01 1.3411e+02    123.019  42.485405    6.16703    35.3005    35.3020    27.3630    1487.46    1486.89 0.0000e+00
       2982     68.000     8.9446     8.9450   3.740949   3.741127     2.6395      78.08     0.0750 6.1566e-01 1.3297e+02    124.227  42.485419    6.18187    35.3005    35.3019    27.3629    1487.48    1486.90 0.0000e+00
       3011     69.000     8.9441     8.9443   3.740946   3.741118     2.6412      76.80     0.0721 5.9194e-01 1.2569e+02    125.412  42.485433    6.18729    35.3005    35.3021    27.3629    1487.49    1486.91 0.0000e+00
       3032     70.000     8.9448     8.9452   3.741059   3.741237     2.6421      75.81     0.0728 5.6131e-01 1.3206e+02    126.292  42.485443    6.18474    35.3005    35.3019    27.3628    1487.51    1486.92 0.0000e+00
       3049     71.000     8.9458     8.9457   3.741190   3.741337     2.6411      74.97     0.0746 5.3152e-01 1.3219e+02    127.004  42.485451    6.17801    35.3004    35.3020    27.3626    1487.53    1486.93 0.0000e+00
       3065     72.000     8.9468     8.9467   3.741288   3.741435     2.6406      74.13     0.0738 4.9695e-01 1.3218e+02    127.649  42.485459    6.17636    35.2999    35.3016    27.3621    1487.55    1486.94 0.0000e+00
       3080     73.000     8.9469     8.9468   3.741346   3.741489     2.6397      73.12     0.0721 4.6537e-01 1.3218e+02    128.278  42.485466    6.17407    35.3000    35.3016    27.3621    1487.57    1486.94 0.0000e+00
       3096     74.000     8.9469     8.9468   3.741396   3.741544     2.6390      72.06     0.0692 4.3889e-01 1.3056e+02    128.959  42.485474    6.17355    35.3000    35.3017    27.3621    1487.58    1486.95 0.0000e+00
       3116     75.000     8.9468     8.9467   3.741432   3.741577     2.6380      70.94     0.0689 4.1689e-01 1.3086e+02    129.803  42.485484    6.17346    35.3000    35.3016    27.3621    1487.60    1486.96 0.0000e+00
       3145     76.000     8.9464     8.9464   3.741456   3.741597     2.6380      69.89     0.0694 3.8825e-01 1.3259e+02    130.995  42.485498    6.17896    35.3002    35.3017    27.3623    1487.61    1486.97 0.0000e+00
