IBTS/IBTS_CruiseNotebook/Data/CTD/sta0011.cnv
* Sea-Bird SBE 9 Data File:
* FileName = C:\Seabird\CTDData\sta0011.hex
* Software Version Seasave V 7.21f
* Temperature SN = 2491
* Conductivity SN = 2694
* Number of Bytes Per Scan = 40
* Number of Voltage Words = 5
* Number of Scans Averaged by the Deck Unit = 1
* NMEA Latitude = 61 05.94 N
* NMEA Longitude = 002 11.17 E
* NMEA UTC (Time) = Feb 11 2020 02:37:24
* NMEA baud rate = 4800
** Ship: 10 F/F "G. O. Sars"
** Station: 0011
** Echodepth: 137
** Log: 7803.80
** Wind-Dir Force: 25 24
** Air-temp (dry): 4.6
** Weather Sky:
** Sea Ice:
# nquan = 20                                
# nvalues = 129                         
# units = specified
# name 0 = scan: Scan Count
# name 1 = prDM: Pressure, Digiquartz [db]
# name 2 = t068C: Temperature [ITS-68, deg C]
# name 3 = t168C: Temperature, 2 [ITS-68, deg C]
# name 4 = c0S/m: Conductivity [S/m]
# name 5 = c1S/m: Conductivity, 2 [S/m]
# name 6 = sbeox0V: Oxygen raw, SBE 43 [V]
# name 7 = altM: Altimeter [m]
# name 8 = flC: Fluorescence, Chelsea Aqua 3 Chl Con [ug/l]
# name 9 = par: PAR/Irradiance, Biospherical/Licor
# name 10 = spar: SPAR/Surface Irradiance
# name 11 = timeS: Time, Elapsed [seconds]
# name 12 = timeJ: Julian Days
# name 13 = sbeox0ML/L: Oxygen, SBE 43 [ml/l], WS = 2
# name 14 = sal00: Salinity, Practical [PSU]
# name 15 = sal11: Salinity, Practical, 2 [PSU]
# name 16 = sigma-t00: Density [sigma-t, Kg/m^3 ]
# name 17 = svCM: Sound Velocity [Chen-Millero, m/s]
# name 18 = avgsvCM: Average Sound Velocity [Chen-Millero, m/s], minP = 1, minS = 5
# name 19 = flag: flag
# span 0 =         43,       3821       
# span 1 =      5.000,    133.000       
# span 2 =     8.7331,     8.7568       
# span 3 =     8.7332,     8.7569       
# span 4 =   3.715002,   3.723448       
# span 5 =   3.715209,   3.723643       
# span 6 =     2.6230,     2.6623       
# span 7 =       4.75,      98.93       
# span 8 =     0.0549,     0.0712       
# span 9 = 5.1426e-02, 6.6859e-01       
# span 10 = -1.849e-02, 1.9612e+00      
# span 11 =      1.760,    159.166      
# span 12 =  42.109349,  42.111171      
# span 13 =    6.19174,    6.24048      
# span 14 =    35.2679,    35.2719      
# span 15 =    35.2699,    35.2736      
# span 16 =    27.3703,    27.3723      
# span 17 =    1485.62,    1487.82      
# span 18 =    1485.62,    1486.70      
# span 19 = 0.0000e+00, 0.0000e+00      
# interval = decibars: 1                
# start_time = Feb 11 2020 02:37:26 [System UTC, header]
# bad_flag = -9.990e-29
*END*
[from data line 73]
       2323     78.000     8.7528     8.7530   3.720565   3.720759     2.6376      59.63     0.0632 5.1466e-02 -9.990e-29     96.768  42.110449    6.20337    35.2717    35.2735    27.3710    1486.90    1486.23 0.0000e+00
       2351     79.000     8.7531     8.7532   3.720642   3.720815     2.6381      58.60     0.0642 5.1451e-02 -9.990e-29     97.937  42.110462    6.21342    35.2717    35.2734    27.3710    1486.91    1486.24 0.0000e+00
       2372     80.000     8.7533     8.7535   3.720708   3.720899     2.6386      57.76     0.0675 5.1434e-02 -9.990e-29     98.809  42.110472    6.21341    35.2717    35.2736    27.3709    1486.93    1486.25 0.0000e+00
       2389     81.000     8.7535     8.7537   3.720777   3.720951     2.6387      56.89     0.0672 5.1447e-02 -9.990e-29     99.500  42.110480    6.21417    35.2718    35.2734    27.3709    1486.95    1486.26 0.0000e+00
       2404     82.000     8.7536     8.7538   3.720826   3.721017     2.6389      56.10     0.0668 5.1437e-02 1.9438e+00    100.132  42.110488    6.21506    35.2717    35.2735    27.3709    1486.97    1486.27 0.0000e+00
       2419     83.000     8.7537     8.7539   3.720880   3.721071     2.6390      55.17     0.0679 5.1472e-02 1.9438e+00    100.766  42.110495    6.21165    35.2717    35.2735    27.3709    1486.98    1486.28 0.0000e+00
       2435     84.000     8.7539     8.7538   3.720936   3.721104     2.6382      54.07     0.0674 5.1513e-02 1.9438e+00    101.396  42.110502    6.20497    35.2716    35.2735    27.3708    1487.00    1486.29 0.0000e+00
       2451     85.000     8.7539     8.7539   3.720982   3.721157     2.6367      52.92     0.0645 5.1465e-02 1.9438e+00    102.085  42.110510    6.20117    35.2716    35.2735    27.3708    1487.02    1486.29 0.0000e+00
       2484     86.000     8.7539     8.7539   3.721017   3.721192     2.6350      51.40     0.0661 5.1471e-02 1.9438e+00    103.479  42.110526    6.20384    35.2715    35.2734    27.3707    1487.03    1486.30 0.0000e+00
       2513     87.000     8.7539     8.7540   3.721075   3.721263     2.6351      50.41     0.0666 5.1443e-02 -9.990e-29    104.657  42.110540    6.20691    35.2716    35.2735    27.3708    1487.05    1486.31 0.0000e+00
       2532     88.000     8.7542     8.7544   3.721173   3.721341     2.6349      49.73     0.0661 5.1434e-02 -9.990e-29    105.457  42.110549    6.20413    35.2719    35.2735    27.3709    1487.07    1486.32 0.0000e+00
       2549     89.000     8.7545     8.7547   3.721237   3.721418     2.6343      48.75     0.0605 5.1455e-02 -9.990e-29    106.162  42.110557    6.20036    35.2718    35.2735    27.3708    1487.08    1486.33 0.0000e+00
       2565     90.000     8.7546     8.7547   3.721285   3.721470     2.6334      47.80     0.0618 5.1482e-02 -9.990e-29    106.832  42.110565    6.19560    35.2717    35.2736    27.3707    1487.10    1486.34 0.0000e+00
       2581     91.000     8.7546     8.7547   3.721335   3.721508     2.6319      46.81     0.0650 5.1434e-02 -9.990e-29    107.509  42.110573    6.19305    35.2718    35.2735    27.3708    1487.12    1486.35 0.0000e+00
       2598     92.000     8.7546     8.7547   3.721388   3.721557     2.6313      45.83     0.0638 5.1458e-02 -9.990e-29    108.214  42.110581    6.19655    35.2718    35.2735    27.3708    1487.13    1486.35 0.0000e+00
       2616     93.000     8.7548     8.7550   3.721447   3.721630     2.6312      44.90     0.0603 5.1449e-02 -9.990e-29    108.972  42.110590    6.20094    35.2718    35.2735    27.3707    1487.15    1486.36 0.0000e+00
       2641     94.000     8.7545     8.7546   3.721460   3.721636     2.6314      43.83     0.0621 5.1471e-02 -9.990e-29    109.995  42.110602    6.20305    35.2717    35.2735    27.3707    1487.17    1486.37 0.0000e+00
       2698     95.000     8.7546     8.7548   3.721498   3.721695     2.6336      42.38     0.0696 5.1458e-02 -9.990e-29    112.395  42.110630    6.21633    35.2715    35.2734    27.3706    1487.18    1486.38 0.0000e+00
       2731     96.000     8.7549     8.7552   3.721583   3.721785     2.6356      41.68     0.0694 5.1495e-02 -9.990e-29    113.749  42.110645    6.22506    35.2717    35.2735    27.3706    1487.20    1486.39 0.0000e+00
       2749     97.000     8.7552     8.7554   3.721662   3.721857     2.6374      40.99     0.0712 5.1452e-02 -9.990e-29    114.506  42.110654    6.22910    35.2717    35.2736    27.3706    1487.22    1486.40 0.0000e+00
       2765     98.000     8.7554     8.7554   3.721712   3.721899     2.6379      40.03     0.0687 5.1436e-02 -9.990e-29    115.179  42.110662    6.22208    35.2716    35.2735    27.3705    1487.24    1486.41 0.0000e+00
       2781     99.000     8.7547     8.7549   3.721707   3.721902     2.6370      39.06     0.0670 5.1456e-02 -9.990e-29    115.825  42.110669    6.21145    35.2717    35.2736    27.3707    1487.25    1486.41 0.0000e+00
       2796    100.000     8.7547     8.7548   3.721746   3.721935     2.6351      38.28     0.0673 5.1466e-02 -9.990e-29    116.458  42.110677    6.20466    35.2717    35.2736    27.3707    1487.27    1486.42 0.0000e+00
       2811    101.000     8.7549     8.7550   3.721827   3.722004     2.6339      37.26     0.0703 5.1457e-02 -9.990e-29    117.091  42.110684    6.20543    35.2718    35.2736    27.3708    1487.28    1486.43 0.0000e+00
       2826    102.000     8.7553     8.7554   3.721905   3.722081     2.6329      36.24     0.0696 5.1476e-02 -9.990e-29    117.712  42.110691    6.20763    35.2718    35.2735    27.3707    1487.30    1486.44 0.0000e+00
       2841    103.000     8.7555     8.7556   3.721966   3.722147     2.6328      35.10     0.0692 5.1459e-02 -9.990e-29    118.322  42.110698    6.20719    35.2717    35.2736    27.3706    1487.32    1486.45 0.0000e+00
       2855    104.000     8.7552     8.7553   3.721984   3.722159     2.6319      34.05     0.0704 5.1457e-02 -9.990e-29    118.926  42.110705    6.20000    35.2717    35.2735    27.3706    1487.33    1486.46 0.0000e+00
       2872    105.000     8.7544     8.7544   3.721955   3.722124     2.6297      32.93     0.0689 5.1493e-02 -9.990e-29    119.644  42.110713    6.19174    35.2718    35.2735    27.3708    1487.35    1486.46 0.0000e+00
       2894    106.000     8.7545     8.7548   3.722014   3.722212     2.6277      31.93     0.0661 5.1461e-02 -9.990e-29    120.539  42.110724    6.19499    35.2718    35.2736    27.3708    1487.36    1486.47 0.0000e+00
       2913    107.000     8.7549     8.7551   3.722091   3.722273     2.6276      31.01     0.0677 5.1441e-02 -9.990e-29    121.319  42.110733    6.20103    35.2717    35.2735    27.3707    1487.38    1486.48 0.0000e+00
       2939    108.000     8.7550     8.7552   3.722136   3.722321     2.6276      29.88     0.0658 5.1477e-02 -9.990e-29    122.402  42.110745    6.20055    35.2716    35.2734    27.3706    1487.40    1486.49 0.0000e+00
       3000    109.000     8.7545     8.7547   3.722117   3.722313     2.6274      28.51     0.0656 5.1445e-02 -9.990e-29    124.974  42.110775    6.19949    35.2714    35.2733    27.3705    1487.41    1486.50 0.0000e+00
       3025    110.000     8.7545     8.7546   3.722190   3.722379     2.6265      27.95     0.0665 5.1456e-02 -9.990e-29    126.019  42.110787    6.20168    35.2717    35.2736    27.3707    1487.43    1486.51 0.0000e+00
       3043    111.000     8.7549     8.7551   3.722267   3.722460     2.6275      27.21     0.0656 5.1461e-02 -9.990e-29    126.749  42.110796    6.21023    35.2717    35.2735    27.3706    1487.45    1486.52 0.0000e+00
       3059    112.000     8.7544     8.7545   3.722275   3.722445     2.6284      26.48     0.0682 5.1466e-02 -9.990e-29    127.419  42.110803    6.21060    35.2718    35.2735    27.3708    1487.46    1486.52 0.0000e+00
       3075    113.000     8.7548     8.7550   3.722365   3.722537     2.6283      25.50     0.0676 5.1463e-02 -9.990e-29    128.066  42.110811    6.20729    35.2718    35.2735    27.3708    1487.48    1486.53 0.0000e+00
       3090    114.000     8.7548     8.7552   3.722402   3.722612     2.6283      24.51     0.0679 5.1476e-02 -9.990e-29    128.710  42.110818    6.20490    35.2717    35.2736    27.3707    1487.50    1486.54 0.0000e+00
       3105    115.000     8.7557     8.7559   3.722537   3.722706     2.6275      23.61     0.0663 5.1486e-02 -9.990e-29    129.345  42.110826    6.19934    35.2718    35.2734    27.3706    1487.52    1486.55 0.0000e+00
       3120    116.000     8.7561     8.7563   3.722621   3.722795     2.6263      22.17     0.0668 5.1456e-02 -9.990e-29    129.978  42.110833    6.19558    35.2718    35.2734    27.3705    1487.53    1486.56 0.0000e+00
       3136    117.000     8.7557     8.7558   3.722625   3.722804     2.6253      20.76     0.0684 5.1454e-02 -9.990e-29    130.607  42.110840    6.19740    35.2718    35.2736    27.3706    1487.55    1486.57 0.0000e+00
       3150    118.000     8.7558     8.7559   3.722682   3.722860     2.6252      19.84     0.0680 5.1439e-02 -9.990e-29    131.219  42.110847    6.19950    35.2718    35.2736    27.3706    1487.57    1486.57 0.0000e+00
       3165    119.000     8.7560     8.7562   3.722739   3.722933     2.6248      18.97     0.0659 5.1472e-02 -9.990e-29    131.839  42.110855    6.19747    35.2717    35.2736    27.3705    1487.58    1486.58 0.0000e+00
       3187    120.000     8.7553     8.7554   3.722707   3.722905     2.6238      17.80     0.0689 5.1475e-02 -9.990e-29    132.752  42.110865    6.19766    35.2716    35.2736    27.3705    1487.60    1486.59 0.0000e+00
       3216    121.000     8.7552     8.7553   3.722752   3.722938     2.6240      16.41     0.0684 5.1463e-02 -9.990e-29    133.967  42.110879    6.20240    35.2717    35.2735    27.3706    1487.61    1486.60 0.0000e+00
       3243    122.000     8.7553     8.7554   3.722794   3.722989     2.6241      15.44     0.0705 5.1454e-02 -9.990e-29    135.099  42.110892    6.20817    35.2715    35.2735    27.3705    1487.63    1486.61 0.0000e+00
       3264    123.000     8.7547     8.7552   3.722787   3.723028     2.6258      14.77     0.0693 5.1466e-02 -9.990e-29    135.942  42.110902    6.21746    35.2716    35.2736    27.3706    1487.64    1486.62 0.0000e+00
       3280    124.000     8.7551     8.7553   3.722878   3.723066     2.6268      13.99     0.0661 5.1447e-02 -9.990e-29    136.637  42.110910    6.21409    35.2717    35.2734    27.3706    1487.66    1486.63 0.0000e+00
       3296    125.000     8.7549     8.7553   3.722921   3.723116     2.6266      13.14     0.0673 5.1463e-02 1.9438e+00    137.274  42.110918    6.20271    35.2718    35.2735    27.3708    1487.68    1486.63 0.0000e+00
       3435    126.000     8.7556     8.7557   3.723006   3.723191     2.6238      11.88     0.0657 5.1491e-02 1.6384e+00    143.085  42.110985    6.19909    35.2716    35.2734    27.3704    1487.70    1486.64 0.0000e+00
       3547    127.000     8.7559     8.7559   3.723071   3.723255     2.6236      10.62     0.0649 5.1455e-02 -9.990e-29    147.762  42.111039    6.20460    35.2715    35.2734    27.3703    1487.71    1486.65 0.0000e+00
       3573    128.000     8.7562     8.7562   3.723164   3.723333     2.6236       9.83     0.0666 5.1438e-02 -9.990e-29    148.826  42.111051    6.20764    35.2717    35.2734    27.3704    1487.73    1486.66 0.0000e+00
       3592    129.000     8.7565     8.7565   3.723247   3.723407     2.6241       9.01     0.0675 5.1442e-02 -9.990e-29    149.635  42.111061    6.20953    35.2718    35.2735    27.3705    1487.75    1486.67 0.0000e+00
       3610    130.000     8.7567     8.7568   3.723307   3.723489     2.6241       8.11     0.0651 5.1426e-02 -9.990e-29    150.380  42.111069    6.20870    35.2717    35.2735    27.3704    1487.77    1486.68 0.0000e+00
       3658    131.000     8.7568     8.7569   3.723351   3.723532     2.6243       7.00     0.0648 5.1452e-02 -9.990e-29    152.356  42.111092    6.20850    35.2716    35.2734    27.3703    1487.78    1486.68 0.0000e+00
       3785    132.000     8.7568     8.7569   3.723409   3.723591     2.6243       5.87     0.0679 5.1480e-02 -9.990e-29    157.652  42.111153    6.20616    35.2717    35.2736    27.3704    1487.80    1486.69 0.0000e+00
       3821    133.000     8.7568     8.7569   3.723448   3.723643     2.6230       4.75     0.0669 5.1465e-02 -9.990e-29    159.166  42.111171    6.20391    35.2717    35.2736    27.3703    1487.82    1486.70 0.0000e+00
