IBTS/IBTS_CruiseNotebook/Data/CTD/sta0027.cnv
* Sea-Bird SBE 9 Data File:
* FileName = C:\Seabird\CTDData\sta0027.hex
* Software Version Seasave V 7.21f
* Temperature SN = 2491
* Conductivity SN = 2694
* Number of Bytes Per Scan = 40
* Number of Voltage Words = 5
* Number of Scans Averaged by the Deck Unit = 1
* NMEA Latitude = 61 05.71 N
* NMEA Longitude = 000 46.09 E
* NMEA UTC (Time) = Feb 13 2020 18:04:34
* NMEA baud rate = 4800
** Ship: 10 F/F "G. O. Sars"
** Station: 0027
** Echodepth: 155
** Log: 8221.75
** Wind-Dir Force: 00 08
** Air-temp (dry): 3.4
** Weather Sky:
** Sea Ice:
# nquan = 20                                
# nvalues = 141                         
# units = specified
# name 0 = scan: Scan Count
# name 1 = prDM: Pressure, Digiquartz [db]
# name 2 = t068C: Temperature [ITS-68, deg C]
# name 3 = t168C: Temperature, 2 [ITS-68, deg C]
# name 4 = c0S/m: Conductivity [S/m]
# name 5 = c1S/m: Conductivity, 2 [S/m]
# name 6 = sbeox0V: Oxygen raw, SBE 43 [V]
# name 7 = altM: Altimeter [m]
# name 8 = flC: Fluorescence, Chelsea Aqua 3 Chl Con [ug/l]
# name 9 = par: PAR/Irradiance, Biospherical/Licor
# name 10 = spar: SPAR/Surface Irradiance
# name 11 = timeS: Time, Elapsed [seconds]
# name 12 = timeJ: Julian Days
# name 13 = sbeox0ML/L: Oxygen, SBE 43 [ml/l], WS = 2
# name 14 = sal00: Salinity, Practical [PSU]
# name 15 = sal11: Salinity, Practical, 2 [PSU]
# name 16 = sigma-t00: Density [sigma-t, Kg/m^3 ]
# name 17 = svCM: Sound Velocity [Chen-Millero, m/s]
# name 18 = avgsvCM: Average Sound Velocity [Chen-Millero, m/s], minP = 1, minS = 5
# name 19 = flag: flag
# span 0 =        141,       3440       
# span 1 =      5.000,    145.000       
# span 2 =     8.9435,     8.9649       
# span 3 =     8.9424,     8.9648       
# span 4 =   3.738084,   3.746185       
# span 5 =   3.738104,   3.746333       
# span 6 =     2.6068,     2.6536       
# span 7 =      10.32,     105.67       
# span 8 =     0.0753,     0.0975       
# span 9 = 5.1418e-02, 9.6698e-01       
# span 10 = 1.9438e+00, 1.9438e+00      
# span 11 =      5.813,    143.288      
# span 12 =  44.753262,  44.754853      
# span 13 =    6.12703,    6.17431      
# span 14 =    35.2995,    35.3013      
# span 15 =    35.3011,    35.3027      
# span 16 =    27.3597,    27.3631      
# span 17 =    1486.45,    1488.79      
# span 18 =    1486.45,    1487.61      
# span 19 = 0.0000e+00, 0.0000e+00      
# interval = decibars: 1                
# start_time = Feb 13 2020 18:04:36 [System UTC, header]
# bad_flag = -9.990e-29
*END*
[from data line 73]
       2019     78.000     8.9639     8.9639   3.743288   3.743417     2.6260      77.47     0.0887 5.1452e-02 1.9438e+00     84.066  44.754167    6.13465    35.3011    35.3024    27.3602    1487.71    1487.05 0.0000e+00
       2049     79.000     8.9638     8.9638   3.743319   3.743452     2.6247      76.07     0.0845 5.1444e-02 1.9438e+00     85.325  44.754182    6.14128    35.3010    35.3024    27.3602    1487.73    1487.06 0.0000e+00
       2089     80.000     8.9640     8.9640   3.743364   3.743515     2.6270      74.75     0.0852 5.1473e-02 1.9438e+00     86.989  44.754201    6.15327    35.3008    35.3024    27.3600    1487.74    1487.07 0.0000e+00
       2117     81.000     8.9638     8.9636   3.743400   3.743522     2.6281      73.83     0.0885 5.1471e-02 1.9438e+00     88.147  44.754215    6.15210    35.3009    35.3024    27.3601    1487.76    1487.08 0.0000e+00
       2136     82.000     8.9638     8.9639   3.743454   3.743602     2.6277      73.03     0.0876 5.1458e-02 1.9438e+00     88.963  44.754224    6.14515    35.3010    35.3025    27.3602    1487.78    1487.09 0.0000e+00
       2153     83.000     8.9642     8.9642   3.743546   3.743680     2.6266      72.17     0.0910 5.1444e-02 1.9438e+00     89.669  44.754232    6.14423    35.3011    35.3025    27.3602    1487.80    1487.09 0.0000e+00
       2169     84.000     8.9644     8.9644   3.743605   3.743745     2.6265      71.31     0.0944 5.1437e-02 1.9438e+00     90.329  44.754240    6.14651    35.3010    35.3025    27.3601    1487.81    1487.10 0.0000e+00
       2184     85.000     8.9649     8.9648   3.743709   3.743829     2.6263      70.49     0.0926 5.1445e-02 1.9438e+00     90.978  44.754247    6.14378    35.3011    35.3025    27.3601    1487.83    1487.11 0.0000e+00
       2200     86.000     8.9627     8.9621   3.743497   3.743602     2.6252      69.47     0.0862 5.1457e-02 1.9438e+00     91.619  44.754255    6.14074    35.3006    35.3023    27.3601    1487.84    1487.12 0.0000e+00
       2215     87.000     8.9560     8.9564   3.742898   3.743061     2.6247      68.61     0.0824 5.1481e-02 1.9438e+00     92.268  44.754262    6.14540    35.3005    35.3018    27.3610    1487.83    1487.13 0.0000e+00
       2232     88.000     8.9568     8.9569   3.743012   3.743143     2.6251      67.54     0.0814 5.1443e-02 1.9438e+00     92.967  44.754270    6.14997    35.3004    35.3017    27.3609    1487.85    1487.14 0.0000e+00
       2252     89.000     8.9572     8.9569   3.743079   3.743178     2.6251      66.45     0.0844 5.1457e-02 1.9438e+00     93.779  44.754280    6.14926    35.3003    35.3016    27.3607    1487.87    1487.14 0.0000e+00
       2280     90.000     8.9570     8.9569   3.743091   3.743212     2.6245      65.19     0.0893 5.1450e-02 1.9438e+00     94.973  44.754294    6.14572    35.3001    35.3015    27.3606    1487.88    1487.15 0.0000e+00
       2321     91.000     8.9570     8.9571   3.743108   3.743276     2.6249      63.89     0.0905 5.1436e-02 1.9438e+00     96.687  44.754314    6.15481    35.2998    35.3015    27.3603    1487.90    1487.16 0.0000e+00
       2350     92.000     8.9576     8.9576   3.743232   3.743382     2.6257      62.99     0.0900 5.1462e-02 1.9438e+00     97.892  44.754327    6.15991    35.3000    35.3016    27.3604    1487.92    1487.17 0.0000e+00
       2371     93.000     8.9577     8.9576   3.743305   3.743436     2.6276      62.14     0.0918 5.1434e-02 1.9438e+00     98.735  44.754337    6.16021    35.3002    35.3017    27.3605    1487.93    1487.18 0.0000e+00
       2388     94.000     8.9575     8.9576   3.743333   3.743471     2.6260      61.26     0.0921 5.1470e-02 1.9438e+00     99.466  44.754346    6.14611    35.3002    35.3016    27.3606    1487.95    1487.19 0.0000e+00
       2406     95.000     8.9575     8.9575   3.743379   3.743503     2.6247      60.33     0.0929 5.1442e-02 1.9438e+00    100.188  44.754354    6.13976    35.3002    35.3015    27.3606    1487.97    1487.19 0.0000e+00
       2423     96.000     8.9569     8.9569   3.743364   3.743501     2.6224      59.35     0.0890 5.1452e-02 1.9438e+00    100.920  44.754362    6.13437    35.3002    35.3016    27.3607    1487.98    1487.20 0.0000e+00
       2441     97.000     8.9569     8.9569   3.743408   3.743549     2.6210      58.34     0.0879 5.1483e-02 1.9438e+00    101.650  44.754371    6.13665    35.3002    35.3017    27.3606    1488.00    1487.21 0.0000e+00
       2457     98.000     8.9572     8.9574   3.743492   3.743635     2.6206      57.56     0.0889 5.1455e-02 1.9438e+00    102.343  44.754379    6.13716    35.3003    35.3016    27.3607    1488.02    1487.22 0.0000e+00
       2473     99.000     8.9581     8.9584   3.743608   3.743769     2.6194      56.47     0.0884 5.1463e-02 1.9438e+00    103.010  44.754387    6.13291    35.3001    35.3015    27.3604    1488.03    1487.23 0.0000e+00
       2489    100.000     8.9586     8.9586   3.743697   3.743827     2.6185      55.48     0.0895 5.1428e-02 1.9438e+00    103.662  44.754394    6.13376    35.3001    35.3015    27.3603    1488.05    1487.23 0.0000e+00
       2505    101.000     8.9585     8.9584   3.743731   3.743852     2.6180      54.49     0.0889 5.1463e-02 1.9438e+00    104.313  44.754402    6.14020    35.3001    35.3014    27.3603    1488.07    1487.24 0.0000e+00
       2521    102.000     8.9584     8.9580   3.743764   3.743846     2.6192      53.48     0.0864 5.1426e-02 1.9438e+00    105.015  44.754410    6.14620    35.3000    35.3013    27.3603    1488.08    1487.25 0.0000e+00
       2544    103.000     8.9588     8.9586   3.743850   3.743961     2.6192      52.25     0.0928 5.1450e-02 1.9438e+00    105.961  44.754421    6.14384    35.3001    35.3014    27.3602    1488.10    1487.26 0.0000e+00
       2593    104.000     8.9584     8.9582   3.743834   3.743974     2.6207      50.82     0.0907 5.1445e-02 1.9438e+00    107.998  44.754444    6.15322    35.2998    35.3015    27.3601    1488.12    1487.27 0.0000e+00
       2634    105.000     8.9586     8.9585   3.743910   3.744051     2.6222      50.03     0.0946 5.1461e-02 1.9438e+00    109.712  44.754464    6.15797    35.2999    35.3015    27.3602    1488.13    1487.28 0.0000e+00
       2653    106.000     8.9607     8.9604   3.744176   3.744296     2.6231      49.28     0.0938 5.1425e-02 1.9438e+00    110.513  44.754473    6.15524    35.3002    35.3017    27.3600    1488.16    1487.28 0.0000e+00
       2670    107.000     8.9615     8.9614   3.744313   3.744443     2.6220      48.44     0.0926 5.1473e-02 1.9438e+00    111.199  44.754482    6.14464    35.3003    35.3018    27.3600    1488.18    1487.29 0.0000e+00
       2685    108.000     8.9614     8.9614   3.744352   3.744477     2.6204      47.54     0.0894 5.1457e-02 1.9438e+00    111.835  44.754489    6.14093    35.3004    35.3017    27.3601    1488.20    1487.30 0.0000e+00
       2700    109.000     8.9608     8.9616   3.744334   3.744536     2.6198      46.62     0.0889 5.1428e-02 1.9438e+00    112.461  44.754496    6.14431    35.3003    35.3016    27.3601    1488.21    1487.31 0.0000e+00
       2715    110.000     8.9628     8.9628   3.744602   3.744715     2.6192      45.63     0.0893 5.1466e-02 1.9438e+00    113.076  44.754503    6.14489    35.3006    35.3018    27.3601    1488.23    1487.32 0.0000e+00
       2729    111.000     8.9639     8.9629   3.744745   3.744777     2.6192      44.64     0.0899 5.1439e-02 1.9438e+00    113.687  44.754510    6.14363    35.3006    35.3019    27.3598    1488.25    1487.33 0.0000e+00
       2744    112.000     8.9625     8.9626   3.744653   3.744799     2.6183      43.67     0.0889 5.1466e-02 1.9438e+00    114.291  44.754517    6.13742    35.3005    35.3019    27.3600    1488.27    1487.33 0.0000e+00
       2758    113.000     8.9607     8.9613   3.744514   3.744710     2.6169      42.66     0.0867 5.1449e-02 1.9438e+00    114.896  44.754524    6.13403    35.3004    35.3018    27.3602    1488.27    1487.34 0.0000e+00
       2773    114.000     8.9582     8.9581   3.744299   3.744424     2.6157      41.67     0.0904 5.1472e-02 1.9438e+00    115.514  44.754531    6.13746    35.3001    35.3015    27.3604    1488.28    1487.35 0.0000e+00
       2790    115.000     8.9586     8.9583   3.744374   3.744479     2.6157      40.59     0.0932 5.1444e-02 1.9438e+00    116.202  44.754539    6.14447    35.3000    35.3014    27.3602    1488.30    1487.36 0.0000e+00
       2810    116.000     8.9587     8.9585   3.744409   3.744522     2.6165      39.43     0.0941 5.1464e-02 1.9438e+00    117.050  44.754549    6.14924    35.2998    35.3012    27.3601    1488.32    1487.37 0.0000e+00
       2859    117.000     8.9585     8.9585   3.744406   3.744558     2.6183      37.99     0.0905 5.1457e-02 -9.990e-29    119.073  44.754573    6.15476    35.2995    35.3011    27.3599    1488.33    1487.38 0.0000e+00
       2908    118.000     8.9583     8.9583   3.744439   3.744601     2.6192      37.09     0.0937 5.1454e-02 1.9438e+00    121.115  44.754596    6.15424    35.2996    35.3013    27.3599    1488.35    1487.38 0.0000e+00
       2926    119.000     8.9589     8.9590   3.744576   3.744707     2.6190      36.35     0.0929 5.1443e-02 1.9438e+00    121.883  44.754605    6.14779    35.2999    35.3012    27.3601    1488.37    1487.39 0.0000e+00
       2942    120.000     8.9602     8.9602   3.744742   3.744859     2.6172      35.53     0.0927 5.1457e-02 1.9438e+00    122.552  44.754613    6.13861    35.2999    35.3011    27.3599    1488.39    1487.40 0.0000e+00
       2957    121.000     8.9600     8.9602   3.744778   3.744920     2.6160      34.64     0.0926 5.1436e-02 1.9438e+00    123.186  44.754620    6.13836    35.3000    35.3013    27.3600    1488.40    1487.41 0.0000e+00
       2973    122.000     8.9605     8.9605   3.744867   3.745001     2.6150      33.69     0.0908 5.1437e-02 1.9438e+00    123.815  44.754628    6.13915    35.3000    35.3014    27.3599    1488.42    1487.42 0.0000e+00
       2987    123.000     8.9601     8.9600   3.744900   3.745025     2.6143      32.71     0.0890 5.1439e-02 1.9438e+00    124.432  44.754635    6.13914    35.3002    35.3016    27.3602    1488.44    1487.43 0.0000e+00
       3002    124.000     8.9596     8.9599   3.744909   3.745077     2.6139      31.73     0.0910 5.1457e-02 1.9438e+00    125.045  44.754642    6.13881    35.3003    35.3018    27.3603    1488.45    1487.43 0.0000e+00
       3017    125.000     8.9594     8.9598   3.744940   3.745105     2.6130      30.75     0.0927 5.1459e-02 1.9438e+00    125.652  44.754649    6.13660    35.3004    35.3017    27.3604    1488.47    1487.44 0.0000e+00
       3034    126.000     8.9593     8.9602   3.744974   3.745187     2.6125      29.65     0.0949 5.1484e-02 1.9438e+00    126.387  44.754657    6.13864    35.3004    35.3017    27.3604    1488.48    1487.45 0.0000e+00
       3055    127.000     8.9610     8.9610   3.745184   3.745323     2.6125      28.52     0.0968 5.1467e-02 1.9438e+00    127.268  44.754667    6.14582    35.3004    35.3019    27.3602    1488.51    1487.46 0.0000e+00
       3076    128.000     8.9610     8.9611   3.745234   3.745378     2.6135      27.48     0.0975 5.1440e-02 1.9438e+00    128.139  44.754677    6.14923    35.3004    35.3019    27.3602    1488.52    1487.47 0.0000e+00
       3098    129.000     8.9605     8.9605   3.745230   3.745359     2.6135      26.48     0.0951 5.1449e-02 1.9438e+00    129.033  44.754688    6.14518    35.3004    35.3018    27.3603    1488.54    1487.47 0.0000e+00
       3123    130.000     8.9592     8.9591   3.745133   3.745269     2.6133      25.42     0.0937 5.1463e-02 1.9438e+00    130.068  44.754700    6.14878    35.3002    35.3017    27.3603    1488.55    1487.48 0.0000e+00
       3148    131.000     8.9583     8.9581   3.745081   3.745223     2.6141      24.42     0.0938 5.1466e-02 1.9438e+00    131.119  44.754712    6.15349    35.3001    35.3018    27.3603    1488.56    1487.49 0.0000e+00
       3170    132.000     8.9585     8.9585   3.745163   3.745319     2.6144      23.50     0.0909 5.1466e-02 1.9438e+00    132.048  44.754723    6.15149    35.3003    35.3019    27.3605    1488.58    1487.50 0.0000e+00
       3190    133.000     8.9583     8.9582   3.745178   3.745323     2.6141      22.58     0.0894 5.1469e-02 1.9438e+00    132.887  44.754732    6.14812    35.3002    35.3018    27.3604    1488.59    1487.51 0.0000e+00
       3210    134.000     8.9581     8.9579   3.745210   3.745342     2.6132      21.61     0.0922 5.1466e-02 1.9438e+00    133.729  44.754742    6.14704    35.3002    35.3018    27.3605    1488.61    1487.52 0.0000e+00
       3233    135.000     8.9572     8.9571   3.745163   3.745302     2.6131      20.55     0.0921 5.1436e-02 1.9438e+00    134.687  44.754753    6.14934    35.3001    35.3017    27.3606    1488.62    1487.52 0.0000e+00
       3260    136.000     8.9570     8.9573   3.745194   3.745361     2.6129      19.47     0.0922 5.1445e-02 1.9438e+00    135.798  44.754766    6.14943    35.3002    35.3016    27.3606    1488.64    1487.53 0.0000e+00
       3285    137.000     8.9572     8.9569   3.745251   3.745368     2.6122      18.51     0.0950 5.1438e-02 1.9438e+00    136.839  44.754778    6.14340    35.3001    35.3016    27.3605    1488.66    1487.54 0.0000e+00
       3305    138.000     8.9567     8.9566   3.745277   3.745385     2.6109      17.61     0.0946 5.1458e-02 1.9438e+00    137.654  44.754788    6.14148    35.3004    35.3016    27.3608    1488.67    1487.55 0.0000e+00
       3321    139.000     8.9578     8.9571   3.745435   3.745485     2.6106      16.72     0.0959 5.1457e-02 1.9438e+00    138.342  44.754796    6.14507    35.3005    35.3017    27.3607    1488.69    1487.56 0.0000e+00
       3337    140.000     8.9616     8.9608   3.745823   3.745886     2.6106      15.81     0.0965 5.1454e-02 1.9438e+00    138.981  44.754803    6.14545    35.3003    35.3018    27.3600    1488.72    1487.57 0.0000e+00
       3352    141.000     8.9610     8.9604   3.745827   3.745892     2.6104      14.84     0.0954 5.1445e-02 1.9438e+00    139.627  44.754810    6.14304    35.3005    35.3017    27.3602    1488.74    1487.57 0.0000e+00
       3369    142.000     8.9632     8.9619   3.746072   3.746083     2.6095      13.82     0.0955 5.1452e-02 1.9438e+00    140.329  44.754819    6.14069    35.3004    35.3018    27.3598    1488.76    1487.58 0.0000e+00
       3387    143.000     8.9639     8.9642   3.746185   3.746333     2.6092      12.76     0.0933 5.1456e-02 1.9438e+00    141.084  44.754827    6.13804    35.3004    35.3016    27.3597    1488.78    1487.59 0.0000e+00
       3406    144.000     8.9611     8.9611   3.745914   3.746092     2.6075      11.71     0.0904 5.1439e-02 1.9438e+00    141.892  44.754837    6.13438    35.2998    35.3017    27.3597    1488.79    1487.60 0.0000e+00
       3440    145.000     8.9575     8.9584   3.745662   3.745887     2.6068      10.32     0.0924 5.1423e-02 1.9438e+00    143.288  44.754853    6.14284    35.3003    35.3018    27.3606    1488.79    1487.61 0.0000e+00
