IBTS/IBTS_CruiseNotebook/Data/CTD/sta0009.cnv
* Sea-Bird SBE 9 Data File:
* FileName = C:\Seabird\CTDData\sta0009.hex
* Software Version Seasave V 7.21f
* Temperature SN = 2491
* Conductivity SN = 2694
* Number of Bytes Per Scan = 40
* Number of Voltage Words = 5
* Number of Scans Averaged by the Deck Unit = 1
* NMEA Latitude = 61 23.97 N
* NMEA Longitude = 001 46.60 E
* NMEA UTC (Time) = Feb 10 2020 22:29:23
* NMEA baud rate = 4800
** Ship: 10 F/F "G. O. Sars"
** Station: 0009
** Echodepth: 154
** Log: 7777.6
** Wind-Dir Force: 25 29
** Air-temp (dry): 4.2
** Weather Sky:
** Sea Ice:
# nquan = 20                                
# nvalues = 140                         
# units = specified
# name 0 = scan: Scan Count
# name 1 = prDM: Pressure, Digiquartz [db]
# name 2 = t068C: Temperature [ITS-68, deg C]
# name 3 = t168C: Temperature, 2 [ITS-68, deg C]
# name 4 = c0S/m: Conductivity [S/m]
# name 5 = c1S/m: Conductivity, 2 [S/m]
# name 6 = sbeox0V: Oxygen raw, SBE 43 [V]
# name 7 = altM: Altimeter [m]
# name 8 = flC: Fluorescence, Chelsea Aqua 3 Chl Con [ug/l]
# name 9 = par: PAR/Irradiance, Biospherical/Licor
# name 10 = spar: SPAR/Surface Irradiance
# name 11 = timeS: Time, Elapsed [seconds]
# name 12 = timeJ: Julian Days
# name 13 = sbeox0ML/L: Oxygen, SBE 43 [ml/l], WS = 2
# name 14 = sal00: Salinity, Practical [PSU]
# name 15 = sal11: Salinity, Practical, 2 [PSU]
# name 16 = sigma-t00: Density [sigma-t, Kg/m^3 ]
# name 17 = svCM: Sound Velocity [Chen-Millero, m/s]
# name 18 = avgsvCM: Average Sound Velocity [Chen-Millero, m/s], minP = 1, minS = 5
# name 19 = flag: flag
# span 0 =         64,       5468       
# span 1 =      9.000,    148.000       
# span 2 =     8.8739,     8.8928       
# span 3 =     8.8741,     8.8929       
# span 4 =   3.730376,   3.738502       
# span 5 =   3.730615,   3.738703       
# span 6 =     2.6193,     2.6593       
# span 7 =       6.24,      99.65       
# span 8 =     0.0506,     0.0691       
# span 9 = 5.1417e-02, 2.9361e-01       
# span 10 = -1.091e-01, 2.0795e+00      
# span 11 =      2.629,    227.776      
# span 12 =  41.937125,  41.939731      
# span 13 =    6.16721,    6.20961      
# span 14 =    35.2873,    35.2888      
# span 15 =    35.2901,    35.2907      
# span 16 =    27.3618,    27.3647      
# span 17 =    1486.23,    1488.58      
# span 18 =    1486.23,    1487.34      
# span 19 = 0.0000e+00, 0.0000e+00      
# interval = decibars: 1                
# start_time = Feb 10 2020 22:29:25 [System UTC, header]
# bad_flag = -9.990e-29
*END*
[from data line 73]
       2396     82.000     8.8817     8.8817   3.734522   3.734691     2.6341      72.89     0.0643 5.1447e-02 -1.853e-18     99.793  41.938250    6.17703    35.2887    35.2904    27.3637    1487.46    1486.79 0.0000e+00
       2411     83.000     8.8822     8.8821   3.734610   3.734784     2.6340      71.86     0.0652 5.1418e-02 3.3092e-08    100.397  41.938257    6.18077    35.2886    35.2905    27.3636    1487.48    1486.79 0.0000e+00
       2538     84.000     8.8821     8.8821   3.734637   3.734826     2.6362      70.43     0.0640 5.1437e-02 3.4028e-01    105.700  41.938318    6.18821    35.2885    35.2905    27.3635    1487.49    1486.80 0.0000e+00
       2672     85.000     8.8819     8.8818   3.734664   3.734850     2.6375      69.28     0.0649 5.1459e-02 -6.092e-03    111.278  41.938383    6.19239    35.2885    35.2906    27.3636    1487.51    1486.81 0.0000e+00
       2686     86.000     8.8817     8.8818   3.734697   3.734900     2.6376      68.52     0.0644 5.1472e-02 2.6864e-07    111.890  41.938390    6.19291    35.2886    35.2906    27.3636    1487.53    1486.82 0.0000e+00
       2702     87.000     8.8822     8.8823   3.734790   3.734985     2.6373      67.65     0.0627 5.1437e-02 5.2553e-01    112.542  41.938397    6.19032    35.2886    35.2905    27.3636    1487.54    1486.83 0.0000e+00
       2717     88.000     8.8822     8.8821   3.734823   3.735005     2.6364      66.73     0.0617 5.1457e-02 1.1504e-01    113.179  41.938405    6.18872    35.2884    35.2905    27.3635    1487.56    1486.84 0.0000e+00
       2732     89.000     8.8819     8.8823   3.734861   3.735068     2.6363      65.80     0.0619 5.1457e-02 2.6209e-01    113.805  41.938412    6.19193    35.2887    35.2904    27.3637    1487.58    1486.84 0.0000e+00
       2747     90.000     8.8813     8.8816   3.734844   3.735048     2.6363      64.79     0.0590 5.1466e-02 3.8921e-01    114.419  41.938419    6.19385    35.2886    35.2904    27.3637    1487.59    1486.85 0.0000e+00
       2799     91.000     8.8810     8.8811   3.734835   3.735039     2.6362      63.20     0.0635 5.1463e-02 3.8876e-01    116.589  41.938444    6.19709    35.2883    35.2904    27.3636    1487.60    1486.86 0.0000e+00
       2857     92.000     8.8812     8.8813   3.734907   3.735106     2.6374      62.20     0.0686 5.1443e-02 -9.990e-29    118.981  41.938472    6.20294    35.2884    35.2904    27.3636    1487.62    1486.87 0.0000e+00
       2873     93.000     8.8815     8.8816   3.734991   3.735192     2.6375      61.49     0.0684 5.1470e-02 -9.990e-29    119.683  41.938480    6.19961    35.2885    35.2905    27.3636    1487.64    1486.88 0.0000e+00
       2889     94.000     8.8817     8.8818   3.735072   3.735250     2.6375      60.68     0.0665 5.1417e-02 -9.990e-29    120.345  41.938488    6.19705    35.2887    35.2905    27.3637    1487.66    1486.89 0.0000e+00
       2905     95.000     8.8855     8.8844   3.735475   3.735530     2.6366      59.78     0.0658 5.1454e-02 8.2049e-01    120.982  41.938495    6.19328    35.2887    35.2903    27.3631    1487.69    1486.89 0.0000e+00
       2919     96.000     8.8849     8.8853   3.735458   3.735688     2.6363      58.84     0.0629 5.1449e-02 1.9283e+00    121.600  41.938502    6.19124    35.2886    35.2906    27.3631    1487.70    1486.90 0.0000e+00
       2945     97.000     8.8872     8.8871   3.735721   3.735888     2.6347      57.67     0.0614 5.1454e-02 9.1410e-01    122.646  41.938514    6.18710    35.2886    35.2905    27.3628    1487.73    1486.91 0.0000e+00
       3137     98.000     8.8871     8.8865   3.735767   3.735877     2.6348      56.66     0.0662 5.1442e-02 -2.377e-02    130.657  41.938607    6.19754    35.2887    35.2905    27.3629    1487.74    1486.92 0.0000e+00
       3149     99.000     8.8889     8.8890   3.735983   3.736165     2.6346      55.81     0.0656 5.1445e-02 -1.249e-28    131.156  41.938613    6.19246    35.2887    35.2905    27.3626    1487.77    1486.93 0.0000e+00
       3165    100.000     8.8889     8.8890   3.736032   3.736209     2.6340      54.83     0.0645 5.1454e-02 1.5508e-38    131.817  41.938621    6.19132    35.2887    35.2905    27.3626    1487.78    1486.94 0.0000e+00
       3180    101.000     8.8889     8.8890   3.736071   3.736267     2.6340      53.85     0.0616 5.1485e-02 2.3545e-27    132.454  41.938628    6.19341    35.2887    35.2906    27.3626    1487.80    1486.94 0.0000e+00
       3195    102.000     8.8890     8.8891   3.736136   3.736310     2.6339      52.86     0.0599 5.1438e-02 3.4050e-16    133.081  41.938635    6.18842    35.2888    35.2905    27.3626    1487.82    1486.95 0.0000e+00
       3210    103.000     8.8893     8.8894   3.736205   3.736381     2.6324      51.86     0.0599 5.1466e-02 4.8254e-05    133.695  41.938642    6.17472    35.2887    35.2905    27.3625    1487.83    1486.96 0.0000e+00
       3225    104.000     8.8894     8.8895   3.736255   3.736448     2.6294      50.80     0.0620 5.1477e-02 1.4329e+00    134.351  41.938650    6.16721    35.2887    35.2906    27.3625    1487.85    1486.97 0.0000e+00
       3246    105.000     8.8894     8.8894   3.736299   3.736485     2.6282      49.59     0.0616 5.1470e-02 1.9329e+00    135.229  41.938660    6.18311    35.2887    35.2906    27.3625    1487.87    1486.98 0.0000e+00
       3363    106.000     8.8892     8.8894   3.736326   3.736530     2.6309      48.47     0.0648 5.1462e-02 2.0795e+00    140.078  41.938716    6.19544    35.2887    35.2906    27.3625    1487.88    1486.99 0.0000e+00
       3471    107.000     8.8895     8.8896   3.736402   3.736586     2.6304      47.77     0.0647 5.1469e-02 1.9004e+00    144.569  41.938768    6.18415    35.2887    35.2905    27.3625    1487.90    1487.00 0.0000e+00
       3487    108.000     8.8896     8.8897   3.736453   3.736646     2.6301      46.82     0.0660 5.1441e-02 1.3644e+00    145.253  41.938776    6.18738    35.2886    35.2906    27.3624    1487.92    1487.00 0.0000e+00
       3508    109.000     8.8897     8.8897   3.736495   3.736690     2.6301      45.74     0.0656 5.1442e-02 1.6160e+00    146.132  41.938786    6.19264    35.2885    35.2906    27.3623    1487.93    1487.01 0.0000e+00
       3589    110.000     8.8896     8.8896   3.736530   3.736728     2.6312      44.30     0.0634 5.1457e-02 4.0737e-01    149.516  41.938825    6.19577    35.2885    35.2906    27.3623    1487.95    1487.02 0.0000e+00
       3688    111.000     8.8899     8.8899   3.736590   3.736787     2.6306      43.26     0.0638 5.1453e-02 1.8826e+00    153.608  41.938873    6.18886    35.2883    35.2904    27.3621    1487.97    1487.03 0.0000e+00
       3714    112.000     8.8901     8.8903   3.736688   3.736896     2.6307      42.59     0.0668 5.1464e-02 1.2927e-01    154.715  41.938886    6.19267    35.2887    35.2907    27.3624    1487.98    1487.04 0.0000e+00
       3731    113.000     8.8902     8.8904   3.736738   3.736942     2.6302      41.81     0.0674 5.1436e-02 6.3995e-04    155.434  41.938894    6.18785    35.2886    35.2906    27.3623    1488.00    1487.05 0.0000e+00
       3748    114.000     8.8903     8.8904   3.736798   3.736990     2.6291      40.91     0.0664 5.1460e-02 2.0290e-07    156.108  41.938902    6.18634    35.2887    35.2906    27.3624    1488.02    1487.06 0.0000e+00
       3771    115.000     8.8901     8.8902   3.736818   3.737006     2.6290      39.70     0.0674 5.1453e-02 8.7553e-19    157.093  41.938913    6.19040    35.2886    35.2905    27.3623    1488.03    1487.06 0.0000e+00
       3854    116.000     8.8901     8.8901   3.736848   3.737054     2.6304      38.23     0.0660 5.1464e-02 2.8423e-02    160.538  41.938953    6.19519    35.2885    35.2906    27.3622    1488.05    1487.07 0.0000e+00
       3914    117.000     8.8901     8.8902   3.736900   3.737101     2.6300      37.30     0.0644 5.1443e-02 -1.022e-04    163.048  41.938982    6.19459    35.2885    35.2905    27.3623    1488.07    1487.08 0.0000e+00
       3959    118.000     8.8904     8.8905   3.736975   3.737169     2.6301      36.46     0.0644 5.1464e-02 6.7066e-13    164.901  41.939003    6.19614    35.2885    35.2905    27.3622    1488.08    1487.09 0.0000e+00
       3984    119.000     8.8907     8.8908   3.737050   3.737255     2.6292      35.67     0.0644 5.1466e-02 2.4566e-01    165.979  41.939016    6.18868    35.2886    35.2906    27.3622    1488.10    1487.10 0.0000e+00
       4043    120.000     8.8904     8.8905   3.737063   3.737268     2.6280      34.65     0.0645 5.1445e-02 -1.071e-02    168.409  41.939044    6.18852    35.2885    35.2906    27.3622    1488.12    1487.11 0.0000e+00
       4105    121.000     8.8904     8.8906   3.737115   3.737324     2.6279      33.87     0.0641 5.1461e-02 7.2635e-08    171.005  41.939074    6.19062    35.2886    35.2906    27.3622    1488.13    1487.11 0.0000e+00
       4121    122.000     8.8904     8.8906   3.737171   3.737367     2.6278      33.07     0.0644 5.1469e-02 7.1282e-01    171.668  41.939082    6.19214    35.2887    35.2905    27.3623    1488.15    1487.12 0.0000e+00
       4137    123.000     8.8905     8.8907   3.737233   3.737418     2.6276      32.19     0.0642 5.1476e-02 4.9897e-03    172.329  41.939089    6.19170    35.2888    35.2905    27.3624    1488.17    1487.13 0.0000e+00
       4162    124.000     8.8904     8.8906   3.737261   3.737447     2.6271      31.01     0.0632 5.1456e-02 4.2354e-08    173.364  41.939101    6.18886    35.2887    35.2904    27.3623    1488.18    1487.14 0.0000e+00
       4240    125.000     8.8905     8.8906   3.737291   3.737497     2.6244      29.35     0.0625 5.1476e-02 -1.468e-18    176.611  41.939139    6.18406    35.2884    35.2905    27.3621    1488.20    1487.15 0.0000e+00
       4258    126.000     8.8909     8.8910   3.737393   3.737578     2.6248      28.72     0.0588 5.1447e-02 0.0000e+00    177.372  41.939148    6.18604    35.2886    35.2905    27.3622    1488.22    1487.16 0.0000e+00
       4278    127.000     8.8910     8.8911   3.737451   3.737636     2.6241      27.80     0.0591 5.1468e-02 0.0000e+00    178.214  41.939158    6.18498    35.2886    35.2905    27.3622    1488.23    1487.17 0.0000e+00
       4324    128.000     8.8910     8.8912   3.737474   3.737682     2.6256      26.44     0.0620 5.1456e-02 0.0000e+00    180.122  41.939180    6.19313    35.2884    35.2904    27.3620    1488.25    1487.17 0.0000e+00
       4375    129.000     8.8911     8.8913   3.737538   3.737739     2.6253      25.53     0.0647 5.1463e-02 6.6489e-06    182.233  41.939204    6.18536    35.2885    35.2904    27.3621    1488.27    1487.18 0.0000e+00
       4452    130.000     8.8908     8.8911   3.737560   3.737768     2.6247      24.65     0.0682 5.1465e-02 1.9553e-01    185.470  41.939241    6.18793    35.2885    35.2904    27.3622    1488.28    1487.19 0.0000e+00
       4527    131.000     8.8909     8.8910   3.737623   3.737822     2.6254      23.94     0.0635 5.1474e-02 1.6371e-01    188.578  41.939278    6.18974    35.2886    35.2906    27.3622    1488.30    1487.20 0.0000e+00
       4544    132.000     8.8910     8.8912   3.737676   3.737878     2.6244      23.13     0.0616 5.1454e-02 -2.755e-04    189.272  41.939286    6.18398    35.2886    35.2905    27.3622    1488.32    1487.21 0.0000e+00
       4559    133.000     8.8912     8.8913   3.737742   3.737931     2.6234      22.24     0.0620 5.1457e-02 6.7252e-74    189.930  41.939293    6.18519    35.2886    35.2905    27.3622    1488.33    1487.22 0.0000e+00
       4575    134.000     8.8914     8.8915   3.737812   3.737996     2.6234      21.27     0.0632 5.1463e-02 4.9834e-62    190.568  41.939301    6.18896    35.2887    35.2905    27.3622    1488.35    1487.22 0.0000e+00
       4590    135.000     8.8916     8.8916   3.737875   3.738059     2.6236      20.29     0.0617 5.1470e-02 1.4752e-51    191.190  41.939308    6.18639    35.2887    35.2906    27.3621    1488.37    1487.23 0.0000e+00
       4604    136.000     8.8917     8.8917   3.737925   3.738114     2.6224      19.31     0.0621 5.1486e-02 2.0224e-40    191.805  41.939315    6.17935    35.2886    35.2906    27.3621    1488.38    1487.24 0.0000e+00
       4619    137.000     8.8916     8.8917   3.737951   3.738155     2.6213      18.29     0.0627 5.1470e-02 7.4039e-28    192.429  41.939322    6.17732    35.2885    35.2906    27.3620    1488.40    1487.25 0.0000e+00
       4644    138.000     8.8914     8.8915   3.737975   3.738175     2.6198      16.94     0.0619 5.1488e-02 4.8689e-05    193.452  41.939334    6.17586    35.2885    35.2905    27.3620    1488.42    1487.26 0.0000e+00
       4747    139.000     8.8915     8.8917   3.738023   3.738233     2.6209      15.58     0.0637 5.1480e-02 8.8968e-01    197.767  41.939384    6.18648    35.2884    35.2904    27.3619    1488.43    1487.27 0.0000e+00
       4851    140.000     8.8918     8.8919   3.738101   3.738302     2.6231      14.74     0.0666 5.1455e-02 -1.077e-02    202.085  41.939434    6.19434    35.2885    35.2905    27.3619    1488.45    1487.28 0.0000e+00
       4872    141.000     8.8920     8.8920   3.738162   3.738346     2.6235      13.93     0.0661 5.1493e-02 1.2521e-04    202.953  41.939444    6.19741    35.2884    35.2904    27.3619    1488.47    1487.28 0.0000e+00
       4894    142.000     8.8919     8.8919   3.738197   3.738389     2.6234      12.99     0.0651 5.1471e-02 3.4135e-25    203.895  41.939455    6.19320    35.2884    35.2904    27.3619    1488.48    1487.29 0.0000e+00
       4916    143.000     8.8923     8.8924   3.738284   3.738479     2.6227      12.01     0.0690 5.1446e-02 4.1780e-33    204.792  41.939465    6.18887    35.2885    35.2904    27.3618    1488.50    1487.30 0.0000e+00
       4934    144.000     8.8925     8.8927   3.738356   3.738552     2.6217      11.11     0.0691 5.1445e-02 4.1051e-21    205.525  41.939474    6.18799    35.2885    35.2904    27.3619    1488.52    1487.31 0.0000e+00
       4949    145.000     8.8926     8.8929   3.738416   3.738610     2.6214      10.22     0.0661 5.1476e-02 6.2472e-10    206.163  41.939481    6.19074    35.2886    35.2903    27.3619    1488.54    1487.32 0.0000e+00
       4964    146.000     8.8928     8.8929   3.738474   3.738662     2.6213       9.29     0.0636 5.1476e-02 1.8755e-01    206.779  41.939488    6.19216    35.2885    35.2904    27.3618    1488.55    1487.33 0.0000e+00
       5061    147.000     8.8927     8.8929   3.738502   3.738703     2.6210       8.14     0.0636 5.1464e-02 7.0731e-01    210.848  41.939535    6.19289    35.2884    35.2904    27.3618    1488.57    1487.33 0.0000e+00
       5468    148.000     8.8921     8.8923   3.738492   3.738669     2.6193       6.24     0.0619 5.1457e-02 -9.990e-29    227.776  41.939731    6.20042    35.2884    35.2901    27.3619    1488.58    1487.34 0.0000e+00
