IBTS/IBTS_CruiseNotebook/Data/CTD/sta0006.cnv
* Sea-Bird SBE 9 Data File:
* FileName = C:\Seabird\CTDData\sta0006.hex
* Software Version Seasave V 7.21f
* Temperature SN = 2491
* Conductivity SN = 2694
* Number of Bytes Per Scan = 40
* Number of Voltage Words = 5
* Number of Scans Averaged by the Deck Unit = 1
* NMEA Latitude = 61 04.43 N
* NMEA Longitude = 002 10.09 E
* NMEA UTC (Time) = Feb 10 2020 12:01:41
* NMEA baud rate = 4800
** Ship: 10 F/F "G. O. Sars"
** Station: 0006
** Echodepth: 137
** Log: 7716.73
** Wind-Dir Force: 25 26
** Air-temp (dry): 5.4
** Weather Sky:
** Sea Ice:
# nquan = 20                                
# nvalues = 125                         
# units = specified
# name 0 = scan: Scan Count
# name 1 = prDM: Pressure, Digiquartz [db]
# name 2 = t068C: Temperature [ITS-68, deg C]
# name 3 = t168C: Temperature, 2 [ITS-68, deg C]
# name 4 = c0S/m: Conductivity [S/m]
# name 5 = c1S/m: Conductivity, 2 [S/m]
# name 6 = sbeox0V: Oxygen raw, SBE 43 [V]
# name 7 = altM: Altimeter [m]
# name 8 = flC: Fluorescence, Chelsea Aqua 3 Chl Con [ug/l]
# name 9 = par: PAR/Irradiance, Biospherical/Licor
# name 10 = spar: SPAR/Surface Irradiance
# name 11 = timeS: Time, Elapsed [seconds]
# name 12 = timeJ: Julian Days
# name 13 = sbeox0ML/L: Oxygen, SBE 43 [ml/l], WS = 2
# name 14 = sal00: Salinity, Practical [PSU]
# name 15 = sal11: Salinity, Practical, 2 [PSU]
# name 16 = sigma-t00: Density [sigma-t, Kg/m^3 ]
# name 17 = svCM: Sound Velocity [Chen-Millero, m/s]
# name 18 = avgsvCM: Average Sound Velocity [Chen-Millero, m/s], minP = 1, minS = 5
# name 19 = flag: flag
# span 0 =         59,       4091       
# span 1 =      6.000,    130.000       
# span 2 =     8.7740,     8.7912       
# span 3 =     8.7739,     8.7905       
# span 4 =   3.719382,   3.726666       
# span 5 =   3.719661,   3.726859       
# span 6 =     2.6295,     2.6675       
# span 7 =     -14.33,     101.46       
# span 8 =     0.0476,     0.0676       
# span 9 = 1.2741e-01, 4.2898e+01       
# span 10 = 3.5001e+01, 3.5588e+02      
# span 11 =      2.405,    170.409      
# span 12 =  41.501232,  41.503176      
# span 13 =    6.18828,    6.25258      
# span 14 =    35.2723,    35.2740      
# span 15 =    35.2756,    35.2762      
# span 16 =    27.3664,    27.3693      
# span 17 =    1485.79,    1487.89      
# span 18 =    1485.79,    1486.81      
# span 19 = 0.0000e+00, 0.0000e+00      
# interval = decibars: 1                
# start_time = Feb 10 2020 12:01:44 [System UTC, header]
# bad_flag = -9.990e-29
*END*
         59      6.000     8.7746     8.7740   3.719382   3.719661     2.6560     -14.33     0.0647 4.2898e+01 2.9717e+02      2.405  41.501232    6.18828    35.2723    35.2758    27.3680    1485.79    1485.79 0.0000e+00
        138      7.000     8.7740     8.7742   3.719430   3.719738     2.6579      38.42     0.0650 3.4523e+01 3.0731e+02      5.692  41.501270    6.21154    35.2729    35.2760    27.3686    1485.81    1485.80 0.0000e+00
        752      8.000     8.7740     8.7739   3.719529   3.719763     2.6667     101.46     0.0664 3.4219e+01 3.2599e+02     31.302  41.501566    6.22770    35.2735    35.2760    27.3690    1485.83    1485.80 0.0000e+00
        886      9.000     8.7741     8.7743   3.719596   3.719852     2.6663      85.81     0.0647 3.2160e+01 3.3672e+02     36.883  41.501631    6.22684    35.2736    35.2761    27.3691    1485.84    1485.80 0.0000e+00
        902     10.000     8.7741     8.7744   3.719661   3.719908     2.6668      93.28     0.0636 2.8735e+01 3.3753e+02     37.551  41.501638    6.23623    35.2738    35.2761    27.3693    1485.86    1485.81 0.0000e+00
        918     11.000     8.7740     8.7742   3.719691   3.719943     2.6671      98.78     0.0668 2.6265e+01 3.3905e+02     38.199  41.501646    6.23373    35.2737    35.2762    27.3692    1485.88    1485.82 0.0000e+00
        934     12.000     8.7745     8.7746   3.719779   3.720009     2.6659      98.87     0.0676 2.4739e+01 3.3994e+02     38.869  41.501654    6.22523    35.2737    35.2760    27.3691    1485.89    1485.82 0.0000e+00
        963     13.000     8.7746     8.7744   3.719841   3.720045     2.6643      89.05     0.0648 2.4460e+01 2.6546e+02     40.062  41.501667    6.23031    35.2737    35.2761    27.3691    1485.91    1485.83 0.0000e+00
        991     14.000     8.7742     8.7743   3.719856   3.720089     2.6665      99.03     0.0654 2.3232e+01 3.2149e+02     41.229  41.501681    6.24495    35.2738    35.2762    27.3693    1485.93    1485.84 0.0000e+00
       1011     15.000     8.7751     8.7749   3.719991   3.720186     2.6671      98.86     0.0641 2.2098e+01 3.2573e+02     42.087  41.501691    6.23675    35.2739    35.2761    27.3691    1485.95    1485.84 0.0000e+00
       1028     16.000     8.7757     8.7762   3.720091   3.720349     2.6658      82.73     0.0617 2.1111e+01 3.2527e+02     42.810  41.501699    6.23217    35.2738    35.2761    27.3690    1485.96    1485.85 0.0000e+00
       1046     17.000     8.7762     8.7765   3.720178   3.720427     2.6660      90.36     0.0606 1.9840e+01 3.2383e+02     43.546  41.501708    6.23931    35.2738    35.2761    27.3689    1485.98    1485.86 0.0000e+00
       1070     18.000     8.7764     8.7767   3.720235   3.720475     2.6664      98.87     0.0631 1.8688e+01 3.2216e+02     44.542  41.501719    6.23897    35.2737    35.2759    27.3688    1486.00    1485.87 0.0000e+00
       1099     19.000     8.7762     8.7758   3.720276   3.720451     2.6652      87.54     0.0642 1.6870e+01 3.1785e+02     45.753  41.501733    6.23399    35.2738    35.2761    27.3690    1486.02    1485.87 0.0000e+00
       1128     20.000     8.7766     8.7767   3.720357   3.720578     2.6668      98.18     0.0623 1.7882e+01 3.1570e+02     46.956  41.501747    6.24810    35.2738    35.2760    27.3689    1486.03    1485.88 0.0000e+00
       1156     21.000     8.7767     8.7769   3.720416   3.720637     2.6668      98.69     0.0600 1.9509e+01 3.2363e+02     48.141  41.501761    6.23816    35.2739    35.2760    27.3689    1486.05    1485.89 0.0000e+00
       1189     22.000     8.7766     8.7767   3.720444   3.720665     2.6656      88.99     0.0649 1.8955e+01 3.3424e+02     49.484  41.501776    6.24171    35.2738    35.2760    27.3688    1486.07    1485.90 0.0000e+00
       1226     23.000     8.7767     8.7768   3.720484   3.720725     2.6656      98.63     0.0653 1.7401e+01 3.4247e+02     51.022  41.501794    6.23580    35.2736    35.2760    27.3687    1486.08    1485.91 0.0000e+00
       1259     24.000     8.7767     8.7767   3.720552   3.720764     2.6649      80.63     0.0648 1.6477e+01 3.3950e+02     52.398  41.501810    6.24834    35.2738    35.2761    27.3689    1486.10    1485.91 0.0000e+00
       1283     25.000     8.7760     8.7759   3.720530   3.720743     2.6674      99.10     0.0621 1.6518e+01 3.1599e+02     53.410  41.501822    6.25258    35.2738    35.2762    27.3690    1486.11    1485.92 0.0000e+00
       1302     26.000     8.7761     8.7759   3.720604   3.720788     2.6675      98.86     0.0633 1.6302e+01 2.9001e+02     54.193  41.501831    6.24111    35.2740    35.2762    27.3691    1486.13    1485.93 0.0000e+00
       1318     27.000     8.7759     8.7760   3.720618   3.720839     2.6653      79.96     0.0629 1.5839e+01 2.8992e+02     54.860  41.501839    6.23478    35.2739    35.2761    27.3690    1486.15    1485.94 0.0000e+00
       1333     28.000     8.7763     8.7767   3.720704   3.720933     2.6651      88.46     0.0639 1.5159e+01 2.9751e+02     55.490  41.501846    6.23934    35.2739    35.2759    27.3690    1486.16    1485.95 0.0000e+00
       1347     29.000     8.7765     8.7769   3.720762   3.721009     2.6647      98.79     0.0650 1.4231e+01 3.0382e+02     56.079  41.501853    6.23835    35.2738    35.2760    27.3689    1486.18    1485.95 0.0000e+00
       1361     30.000     8.7765     8.7766   3.720809   3.721031     2.6636      98.86     0.0626 1.3408e+01 3.0614e+02     56.679  41.501860    6.23280    35.2738    35.2761    27.3689    1486.20    1485.96 0.0000e+00
       1376     31.000     8.7773     8.7773   3.720917   3.721131     2.6629      98.86     0.0616 1.2810e+01 3.1537e+02     57.290  41.501867    6.22785    35.2737    35.2760    27.3687    1486.22    1485.97 0.0000e+00
       1391     32.000     8.7774     8.7774   3.720985   3.721198     2.6605      69.45     0.0591 1.2484e+01 3.1766e+02     57.905  41.501874    6.22789    35.2738    35.2761    27.3688    1486.23    1485.98 0.0000e+00
       1405     33.000     8.7777     8.7777   3.721063   3.721262     2.6614      87.52     0.0634 1.2180e+01 3.1927e+02     58.520  41.501881    6.23855    35.2739    35.2760    27.3687    1486.25    1485.99 0.0000e+00
       1420     34.000     8.7776     8.7779   3.721096   3.721329     2.6617      98.34     0.0632 1.1689e+01 3.2115e+02     59.137  41.501888    6.23649    35.2738    35.2760    27.3687    1486.27    1486.00 0.0000e+00
       1457     35.000     8.7774     8.7776   3.721125   3.721335     2.6593      82.29     0.0600 1.1425e+01 3.2959e+02     60.679  41.501906    6.23019    35.2739    35.2759    27.3688    1486.28    1486.00 0.0000e+00
       1487     36.000     8.7776     8.7778   3.721198   3.721420     2.6617      99.08     0.0651 1.1413e+01 3.2925e+02     61.908  41.501920    6.25034    35.2740    35.2761    27.3688    1486.30    1486.01 0.0000e+00
       1506     37.000     8.7772     8.7773   3.721207   3.721417     2.6620      98.85     0.0657 1.0740e+01 3.3245e+02     62.692  41.501929    6.24245    35.2740    35.2761    27.3689    1486.32    1486.02 0.0000e+00
       1528     38.000     8.7772     8.7770   3.721252   3.721438     2.6619      98.54     0.0653 9.8130e+00 3.4802e+02     63.626  41.501940    6.24150    35.2740    35.2761    27.3689    1486.33    1486.03 0.0000e+00
       1561     39.000     8.7783     8.7781   3.721379   3.721569     2.6621      97.56     0.0638 9.3503e+00 3.5588e+02     64.987  41.501956    6.24732    35.2737    35.2759    27.3685    1486.35    1486.04 0.0000e+00
       1594     40.000     8.7783     8.7786   3.721437   3.721654     2.6635      96.61     0.0630 9.0967e+00 3.4746e+02     66.386  41.501972    6.25099    35.2738    35.2758    27.3686    1486.37    1486.05 0.0000e+00
       1615     41.000     8.7791     8.7791   3.721548   3.721745     2.6636      95.86     0.0629 8.6733e+00 3.0917e+02     67.263  41.501982    6.24923    35.2737    35.2758    27.3684    1486.39    1486.05 0.0000e+00
       1632     42.000     8.7792     8.7792   3.721612   3.721800     2.6637      95.15     0.0637 8.1495e+00 3.1914e+02     67.954  41.501990    6.24696    35.2738    35.2758    27.3685    1486.41    1486.06 0.0000e+00
       1647     43.000     8.7789     8.7789   3.721639   3.721836     2.6629      94.47     0.0629 7.6395e+00 3.2295e+02     68.586  41.501997    6.24084    35.2739    35.2760    27.3686    1486.42    1486.07 0.0000e+00
       1662     44.000     8.7791     8.7792   3.721686   3.721903     2.6615      93.66     0.0612 7.1924e+00 3.2030e+02     69.191  41.502005    6.23595    35.2737    35.2759    27.3684    1486.44    1486.08 0.0000e+00
       1678     45.000     8.7791     8.7791   3.721727   3.721933     2.6603      92.56     0.0628 6.8224e+00 3.3490e+02     69.885  41.502013    6.23380    35.2737    35.2759    27.3684    1486.45    1486.09 0.0000e+00
       1706     46.000     8.7793     8.7792   3.721789   3.721995     2.6586      91.10     0.0627 6.6264e+00 3.3139e+02     71.028  41.502026    6.23440    35.2737    35.2759    27.3683    1486.47    1486.10 0.0000e+00
       1734     47.000     8.7799     8.7797   3.721904   3.722083     2.6586      90.06     0.0641 6.3816e+00 3.2390e+02     72.196  41.502039    6.24104    35.2738    35.2759    27.3683    1486.49    1486.10 0.0000e+00
       1751     48.000     8.7802     8.7802   3.721979   3.722172     2.6587      89.30     0.0631 6.1302e+00 3.2358e+02     72.921  41.502048    6.23826    35.2738    35.2758    27.3683    1486.51    1486.11 0.0000e+00
       1769     49.000     8.7800     8.7801   3.721997   3.722206     2.6578      88.36     0.0608 5.8243e+00 3.2804e+02     73.677  41.502056    6.23366    35.2737    35.2758    27.3682    1486.52    1486.12 0.0000e+00
       1796     50.000     8.7799     8.7799   3.722035   3.722249     2.6573      87.10     0.0581 5.5842e+00 3.3866e+02     74.772  41.502069    6.23885    35.2737    35.2760    27.3683    1486.54    1486.13 0.0000e+00
       1828     51.000     8.7808     8.7807   3.722157   3.722360     2.6581      85.85     0.0590 5.3560e+00 3.3769e+02     76.109  41.502085    6.24320    35.2736    35.2759    27.3681    1486.56    1486.14 0.0000e+00
       1852     52.000     8.7809     8.7808   3.722221   3.722425     2.6582      84.95     0.0583 5.0123e+00 3.4134e+02     77.131  41.502096    6.24211    35.2737    35.2760    27.3681    1486.58    1486.15 0.0000e+00
       1871     53.000     8.7806     8.7807   3.722243   3.722457     2.6582      84.06     0.0594 4.6833e+00 3.4525e+02     77.929  41.502106    6.24270    35.2738    35.2759    27.3682    1486.59    1486.15 0.0000e+00
       1889     54.000     8.7806     8.7808   3.722287   3.722504     2.6581      83.11     0.0602 4.4007e+00 3.4599e+02     78.649  41.502114    6.24177    35.2738    35.2759    27.3682    1486.61    1486.16 0.0000e+00
       1906     55.000     8.7809     8.7809   3.722356   3.722561     2.6576      82.06     0.0592 4.1560e+00 3.3620e+02     79.394  41.502123    6.23756    35.2737    35.2759    27.3681    1486.62    1486.17 0.0000e+00
       1928     56.000     8.7815     8.7814   3.722458   3.722652     2.6564      80.96     0.0591 3.9543e+00 3.0153e+02     80.294  41.502133    6.23426    35.2737    35.2759    27.3680    1486.64    1486.18 0.0000e+00
       1951     57.000     8.7819     8.7819   3.722540   3.722744     2.6558      79.90     0.0612 3.7639e+00 2.7967e+02     81.256  41.502144    6.23635    35.2737    35.2758    27.3679    1486.66    1486.19 0.0000e+00
       1970     58.000     8.7821     8.7822   3.722614   3.722818     2.6552      79.10     0.0595 3.5696e+00 2.8655e+02     82.061  41.502153    6.23409    35.2738    35.2758    27.3680    1486.68    1486.20 0.0000e+00
       1987     59.000     8.7822     8.7824   3.722668   3.722882     2.6547      78.28     0.0573 3.3811e+00 2.7383e+02     82.765  41.502162    6.23251    35.2738    35.2758    27.3679    1486.70    1486.20 0.0000e+00
       2003     60.000     8.7823     8.7823   3.722711   3.722918     2.6541      77.39     0.0578 3.2084e+00 3.1414e+02     83.412  41.502169    6.22852    35.2737    35.2758    27.3678    1486.71    1486.21 0.0000e+00
       2020     61.000     8.7820     8.7820   3.722735   3.722934     2.6525      76.47     0.0650 3.0556e+00 3.2507e+02     84.136  41.502177    6.22270    35.2737    35.2758    27.3679    1486.73    1486.22 0.0000e+00
       2069     62.000     8.7822     8.7820   3.722793   3.722974     2.6521      74.89     0.0648 2.9557e+00 3.2258e+02     86.180  41.502201    6.23886    35.2737    35.2758    27.3678    1486.74    1486.23 0.0000e+00
       2102     63.000     8.7819     8.7821   3.722827   3.723030     2.6544      74.07     0.0595 2.8251e+00 3.2431e+02     87.561  41.502217    6.24575    35.2738    35.2758    27.3680    1486.76    1486.24 0.0000e+00
       2119     64.000     8.7819     8.7821   3.722877   3.723072     2.6547      73.40     0.0584 2.6695e+00 3.2470e+02     88.260  41.502225    6.24279    35.2739    35.2757    27.3681    1486.78    1486.25 0.0000e+00
       2135     65.000     8.7831     8.7831   3.723031   3.723217     2.6547      72.59     0.0610 2.5044e+00 3.3231e+02     88.914  41.502233    6.23881    35.2738    35.2758    27.3678    1486.80    1486.26 0.0000e+00
       2150     66.000     8.7849     8.7849   3.723240   3.723455     2.6540      71.60     0.0616 2.3447e+00 2.9671e+02     89.544  41.502240    6.23237    35.2737    35.2760    27.3675    1486.82    1486.26 0.0000e+00
       2165     67.000     8.7846     8.7845   3.723265   3.723466     2.6526      70.76     0.0628 2.2103e+00 2.4497e+02     90.157  41.502247    6.22811    35.2738    35.2761    27.3676    1486.84    1486.27 0.0000e+00
       2181     68.000     8.7847     8.7846   3.723323   3.723516     2.6516      69.68     0.0608 2.1063e+00 2.1649e+02     90.827  41.502255    6.22852    35.2739    35.2760    27.3676    1486.85    1486.28 0.0000e+00
       2201     69.000     8.7844     8.7845   3.723333   3.723537     2.6508      68.45     0.0589 2.0496e+00 2.2161e+02     91.657  41.502265    6.22900    35.2738    35.2758    27.3676    1486.87    1486.29 0.0000e+00
       2218     70.000     8.7860     8.7865   3.723541   3.723781     2.6501      67.38     0.0585 1.9748e+00 2.6714e+02     92.374  41.502273    6.22759    35.2739    35.2759    27.3674    1486.89    1486.30 0.0000e+00
       2234     71.000     8.7879     8.7879   3.723750   3.723958     2.6498      66.52     0.0570 1.8993e+00 2.7963e+02     93.038  41.502281    6.22503    35.2737    35.2759    27.3670    1486.91    1486.31 0.0000e+00
       2252     72.000     8.7879     8.7879   3.723796   3.724001     2.6481      65.36     0.0531 1.8180e+00 2.7378e+02     93.805  41.502289    6.22007    35.2737    35.2759    27.3670    1486.93    1486.32 0.0000e+00
       2288     73.000     8.7877     8.7878   3.723817   3.724021     2.6473      63.81     0.0551 1.7622e+00 3.0575e+02     95.306  41.502307    6.22927    35.2737    35.2757    27.3670    1486.95    1486.32 0.0000e+00
       2319     74.000     8.7876     8.7878   3.723864   3.724086     2.6489      62.97     0.0562 1.6873e+00 3.0442e+02     96.571  41.502321    6.23805    35.2738    35.2759    27.3671    1486.96    1486.33 0.0000e+00
       2337     75.000     8.7864     8.7867   3.723795   3.724022     2.6496      62.23     0.0575 1.5948e+00 3.0362e+02     97.321  41.502330    6.23702    35.2738    35.2759    27.3673    1486.97    1486.34 0.0000e+00
       2353     76.000     8.7857     8.7860   3.723776   3.723988     2.6497      61.48     0.0590 1.5032e+00 3.0741e+02     98.011  41.502338    6.23043    35.2738    35.2757    27.3674    1486.99    1486.35 0.0000e+00
       2368     77.000     8.7857     8.7858   3.723833   3.724033     2.6483      60.56     0.0578 1.4164e+00 3.1581e+02     98.635  41.502345    6.22387    35.2739    35.2759    27.3675    1487.00    1486.36 0.0000e+00
