IBTS/IBTS_CruiseNotebook/Data/CTD/sta0018.cnv
* Sea-Bird SBE 9 Data File:
* FileName = C:\Seabird\CTDData\sta0018.hex
* Software Version Seasave V 7.21f
* Temperature SN = 2491
* Conductivity SN = 2694
* Number of Bytes Per Scan = 40
* Number of Voltage Words = 5
* Number of Scans Averaged by the Deck Unit = 1
* NMEA Latitude = 61 36.00 N
* NMEA Longitude = 000 12.88 W
* NMEA UTC (Time) = Feb 12 2020 02:38:00
* NMEA baud rate = 4800
** Ship: 10 F/F "G. O. Sars"
** Station: 0018
** Echodepth: 203
** Log: 7955.3
** Wind-Dir Force: 33 29
** Air-temp (dry): 4.0
** Weather Sky:
** Sea Ice:
# nquan = 20                                
# nvalues = 184                         
# units = specified
# name 0 = scan: Scan Count
# name 1 = prDM: Pressure, Digiquartz [db]
# name 2 = t068C: Temperature [ITS-68, deg C]
# name 3 = t168C: Temperature, 2 [ITS-68, deg C]
# name 4 = c0S/m: Conductivity [S/m]
# name 5 = c1S/m: Conductivity, 2 [S/m]
# name 6 = sbeox0V: Oxygen raw, SBE 43 [V]
# name 7 = altM: Altimeter [m]
# name 8 = flC: Fluorescence, Chelsea Aqua 3 Chl Con [ug/l]
# name 9 = par: PAR/Irradiance, Biospherical/Licor
# name 10 = spar: SPAR/Surface Irradiance
# name 11 = timeS: Time, Elapsed [seconds]
# name 12 = timeJ: Julian Days
# name 13 = sbeox0ML/L: Oxygen, SBE 43 [ml/l], WS = 2
# name 14 = sal00: Salinity, Practical [PSU]
# name 15 = sal11: Salinity, Practical, 2 [PSU]
# name 16 = sigma-t00: Density [sigma-t, Kg/m^3 ]
# name 17 = svCM: Sound Velocity [Chen-Millero, m/s]
# name 18 = avgsvCM: Average Sound Velocity [Chen-Millero, m/s], minP = 1, minS = 5
# name 19 = flag: flag
# span 0 =        372,       5226       
# span 1 =      8.000,    191.000       
# span 2 =     9.0570,     9.0881       
# span 3 =     9.0568,     9.0885       
# span 4 =   3.747753,   3.758663       
# span 5 =   3.747923,   3.758906       
# span 6 =     2.5790,     2.6361       
# span 7 =      12.95,     100.16       
# span 8 =     0.0541,     0.0658       
# span 9 = 5.1427e-02, 4.0178e-01       
# span 10 = 1.6053e+00, 1.9508e+00      
# span 11 =     15.475,    217.704      
# span 12 =  43.109924,  43.112265      
# span 13 =    6.06551,    6.11610      
# span 14 =    35.2862,    35.2896      
# span 15 =    35.2882,    35.2909      
# span 16 =    27.3296,    27.3354      
# span 17 =    1486.89,    1489.99      
# span 18 =    1486.89,    1488.40      
# span 19 = 0.0000e+00, 0.0000e+00      
# interval = decibars: 1                
# start_time = Feb 12 2020 02:38:02 [System UTC, header]
# bad_flag = -9.990e-29
*END*
[from data line 145]
       4258    153.000     9.0846     9.0851   3.756894   3.757078     2.5903      50.97     0.0582 5.1461e-02 -9.990e-29    177.391  43.111798    6.08420    35.2882    35.2897    27.3306    1489.37    1488.08 0.0000e+00
       4279    154.000     9.0854     9.0856   3.757045   3.757200     2.5911      50.06     0.0574 5.1442e-02 -9.990e-29    178.253  43.111808    6.08596    35.2885    35.2900    27.3307    1489.39    1488.09 0.0000e+00
       4295    155.000     9.0860     9.0863   3.757184   3.757346     2.5912      49.17     0.0563 5.1436e-02 -9.990e-29    178.935  43.111816    6.08293    35.2889    35.2903    27.3309    1489.41    1488.10 0.0000e+00
       4311    156.000     9.0860     9.0860   3.757232   3.757353     2.5908      48.28     0.0589 5.1466e-02 -9.990e-29    179.577  43.111824    6.08006    35.2889    35.2902    27.3310    1489.43    1488.11 0.0000e+00
       4327    157.000     9.0861     9.0861   3.757278   3.757407     2.5900      47.29     0.0581 5.1464e-02 -9.990e-29    180.249  43.111832    6.07851    35.2889    35.2902    27.3309    1489.45    1488.12 0.0000e+00
       4372    158.000     9.0859     9.0861   3.757277   3.757447     2.5897      45.73     0.0612 5.1461e-02 -9.990e-29    182.138  43.111853    6.08260    35.2886    35.2902    27.3307    1489.46    1488.12 0.0000e+00
       4415    159.000     9.0863     9.0865   3.757368   3.757544     2.5899      44.78     0.0628 5.1488e-02 -9.990e-29    183.932  43.111874    6.08418    35.2887    35.2903    27.3307    1489.48    1488.13 0.0000e+00
       4433    160.000     9.0862     9.0866   3.757402   3.757604     2.5899      44.03     0.0646 5.1454e-02 -9.990e-29    184.656  43.111883    6.08560    35.2886    35.2903    27.3307    1489.50    1488.14 0.0000e+00
       4448    161.000     9.0859     9.0862   3.757407   3.757573     2.5900      43.19     0.0658 5.1427e-02 -9.990e-29    185.298  43.111890    6.08691    35.2885    35.2899    27.3306    1489.51    1488.15 0.0000e+00
       4463    162.000     9.0861     9.0864   3.757479   3.757631     2.5903      42.29     0.0645 5.1447e-02 -9.990e-29    185.921  43.111897    6.08453    35.2886    35.2899    27.3307    1489.53    1488.16 0.0000e+00
       4478    163.000     9.0864     9.0871   3.757533   3.757741     2.5893      41.36     0.0653 5.1466e-02 -9.990e-29    186.545  43.111904    6.07921    35.2884    35.2899    27.3304    1489.54    1488.17 0.0000e+00
       4493    164.000     9.0875     9.0875   3.757724   3.757841     2.5887      40.37     0.0652 5.1437e-02 -9.990e-29    187.171  43.111912    6.07941    35.2888    35.2900    27.3306    1489.57    1488.18 0.0000e+00
       4508    165.000     9.0878     9.0881   3.757827   3.757988     2.5881      39.38     0.0609 5.1457e-02 -9.990e-29    187.800  43.111919    6.07929    35.2891    35.2905    27.3308    1489.58    1488.18 0.0000e+00
       4523    166.000     9.0878     9.0883   3.757892   3.758063     2.5877      38.40     0.0613 5.1437e-02 -9.990e-29    188.422  43.111926    6.07782    35.2893    35.2906    27.3310    1489.60    1488.19 0.0000e+00
       4539    167.000     9.0877     9.0879   3.757904   3.758059     2.5868      37.35     0.0629 5.1463e-02 -9.990e-29    189.089  43.111934    6.07526    35.2891    35.2905    27.3308    1489.62    1488.20 0.0000e+00
       4567    168.000     9.0875     9.0878   3.757915   3.758095     2.5859      36.03     0.0599 5.1454e-02 -9.990e-29    190.230  43.111947    6.07856    35.2889    35.2905    27.3307    1489.63    1488.21 0.0000e+00
       4591    169.000     9.0869     9.0872   3.757885   3.758057     2.5862      35.09     0.0589 5.1471e-02 -9.990e-29    191.243  43.111959    6.08357    35.2887    35.2902    27.3306    1489.65    1488.22 0.0000e+00
       4611    170.000     9.0863     9.0866   3.757826   3.757999     2.5867      34.20     0.0596 5.1483e-02 -9.990e-29    192.103  43.111969    6.08751    35.2882    35.2897    27.3303    1489.66    1488.23 0.0000e+00
       4633    171.000     9.0865     9.0868   3.757919   3.758096     2.5875      33.21     0.0598 5.1442e-02 -9.990e-29    193.019  43.111979    6.08672    35.2885    35.2901    27.3305    1489.68    1488.23 0.0000e+00
       4662    172.000     9.0872     9.0874   3.758037   3.758212     2.5866      32.07     0.0604 5.1440e-02 -9.990e-29    194.223  43.111993    6.08139    35.2886    35.2902    27.3305    1489.70    1488.24 0.0000e+00
       4696    173.000     9.0876     9.0878   3.758111   3.758307     2.5866      31.01     0.0605 5.1446e-02 -9.990e-29    195.610  43.112009    6.08675    35.2885    35.2903    27.3303    1489.71    1488.25 0.0000e+00
       4723    174.000     9.0871     9.0877   3.758120   3.758336     2.5865      30.10     0.0567 5.1448e-02 -9.990e-29    196.758  43.112023    6.08139    35.2886    35.2903    27.3305    1489.73    1488.26 0.0000e+00
       4745    175.000     9.0870     9.0876   3.758131   3.758351     2.5853      29.22     0.0590 5.1454e-02 -9.990e-29    197.660  43.112033    6.07798    35.2883    35.2901    27.3303    1489.74    1488.27 0.0000e+00
       4763    176.000     9.0881     9.0883   3.758322   3.758472     2.5849      28.35     0.0595 5.1473e-02 -9.990e-29    198.405  43.112042    6.07801    35.2888    35.2902    27.3305    1489.77    1488.28 0.0000e+00
       4779    177.000     9.0865     9.0873   3.758162   3.758409     2.5840      27.43     0.0591 5.1472e-02 -9.990e-29    199.068  43.112050    6.07685    35.2882    35.2900    27.3303    1489.78    1488.29 0.0000e+00
       4794    178.000     9.0874     9.0881   3.758320   3.758531     2.5838      26.48     0.0609 5.1457e-02 -9.990e-29    199.702  43.112057    6.07770    35.2885    35.2900    27.3304    1489.80    1488.29 0.0000e+00
       4809    179.000     9.0855     9.0861   3.758098   3.758332     2.5833      25.52     0.0627 5.1466e-02 -9.990e-29    200.330  43.112064    6.07810    35.2876    35.2894    27.3300    1489.80    1488.30 0.0000e+00
       4824    180.000     9.0860     9.0859   3.758230   3.758331     2.5831      24.53     0.0618 5.1447e-02 -9.990e-29    200.946  43.112071    6.07954    35.2880    35.2892    27.3302    1489.82    1488.31 0.0000e+00
       4838    181.000     9.0877     9.0875   3.758456   3.758576     2.5833      23.55     0.0625 5.1470e-02 -9.990e-29    201.559  43.112078    6.07996    35.2882    35.2897    27.3301    1489.85    1488.32 0.0000e+00
       4853    182.000     9.0879     9.0885   3.758529   3.758723     2.5827      22.58     0.0656 5.1476e-02 -9.990e-29    202.157  43.112085    6.07510    35.2883    35.2897    27.3301    1489.86    1488.33 0.0000e+00
       4879    183.000     9.0853     9.0859   3.758264   3.758467     2.5810      21.22     0.0639 5.1449e-02 -9.990e-29    203.240  43.112098    6.07058    35.2876    35.2892    27.3300    1489.87    1488.34 0.0000e+00
       4915    184.000     9.0844     9.0846   3.758179   3.758345     2.5804      20.03     0.0617 5.1453e-02 -9.990e-29    204.764  43.112115    6.08170    35.2871    35.2887    27.3298    1489.88    1488.34 0.0000e+00
       4938    185.000     9.0846     9.0849   3.758247   3.758428     2.5821      19.24     0.0633 5.1495e-02 -9.990e-29    205.722  43.112126    6.08837    35.2872    35.2888    27.3298    1489.90    1488.35 0.0000e+00
       4956    186.000     9.0855     9.0855   3.758388   3.758531     2.5826      18.42     0.0617 5.1478e-02 -9.990e-29    206.462  43.112135    6.08504    35.2873    35.2888    27.3297    1489.92    1488.36 0.0000e+00
       4972    187.000     9.0850     9.0851   3.758357   3.758532     2.5825      17.56     0.0624 5.1508e-02 -9.990e-29    207.126  43.112143    6.07749    35.2870    35.2887    27.3296    1489.93    1488.37 0.0000e+00
       4990    188.000     9.0859     9.0856   3.758536   3.758628     2.5805      16.57     0.0610 5.1457e-02 -9.990e-29    207.856  43.112151    6.06551    35.2875    35.2888    27.3298    1489.95    1488.38 0.0000e+00
       5042    189.000     9.0860     9.0862   3.758569   3.758756     2.5790      15.35     0.0581 5.1465e-02 -9.990e-29    210.022  43.112176    6.07434    35.2873    35.2890    27.3296    1489.97    1488.39 0.0000e+00
       5182    190.000     9.0863     9.0871   3.758663   3.758906     2.5812      14.17     0.0596 5.1469e-02 -9.990e-29    215.867  43.112244    6.08386    35.2875    35.2892    27.3298    1489.99    1488.40 0.0000e+00
       5226    191.000     9.0811     9.0860   3.758096   3.758841     2.5814      12.95     0.0629 5.1511e-02 -9.990e-29    217.704  43.112265    6.08347    35.2862    35.2892    27.3296    1489.98    1488.40 0.0000e+00
