IBTS/IBTS_CruiseNotebook/Data/CTD/sta0006.cnv
* Sea-Bird SBE 9 Data File:
* FileName = C:\Seabird\CTDData\sta0006.hex
* Software Version Seasave V 7.21f
* Temperature SN = 2491
* Conductivity SN = 2694
* Number of Bytes Per Scan = 40
* Number of Voltage Words = 5
* Number of Scans Averaged by the Deck Unit = 1
* NMEA Latitude = 61 04.43 N
* NMEA Longitude = 002 10.09 E
* NMEA UTC (Time) = Feb 10 2020 12:01:41
* NMEA baud rate = 4800
** Ship: 10 F/F "G. O. Sars"
** Station: 0006
** Echodepth: 137
** Log: 7716.73
** Wind-Dir Force: 25 26
** Air-temp (dry): 5.4
** Weather Sky:
** Sea Ice:
# nquan = 20                                
# nvalues = 125                         
# units = specified
# name 0 = scan: Scan Count
# name 1 = prDM: Pressure, Digiquartz [db]
# name 2 = t068C: Temperature [ITS-68, deg C]
# name 3 = t168C: Temperature, 2 [ITS-68, deg C]
# name 4 = c0S/m: Conductivity [S/m]
# name 5 = c1S/m: Conductivity, 2 [S/m]
# name 6 = sbeox0V: Oxygen raw, SBE 43 [V]
# name 7 = altM: Altimeter [m]
# name 8 = flC: Fluorescence, Chelsea Aqua 3 Chl Con [ug/l]
# name 9 = par: PAR/Irradiance, Biospherical/Licor
# name 10 = spar: SPAR/Surface Irradiance
# name 11 = timeS: Time, Elapsed [seconds]
# name 12 = timeJ: Julian Days
# name 13 = sbeox0ML/L: Oxygen, SBE 43 [ml/l], WS = 2
# name 14 = sal00: Salinity, Practical [PSU]
# name 15 = sal11: Salinity, Practical, 2 [PSU]
# name 16 = sigma-t00: Density [sigma-t, Kg/m^3 ]
# name 17 = svCM: Sound Velocity [Chen-Millero, m/s]
# name 18 = avgsvCM: Average Sound Velocity [Chen-Millero, m/s], minP = 1, minS = 5
# name 19 = flag: flag
# span 0 =         59,       4091       
# span 1 =      6.000,    130.000       
# span 2 =     8.7740,     8.7912       
# span 3 =     8.7739,     8.7905       
# span 4 =   3.719382,   3.726666       
# span 5 =   3.719661,   3.726859       
# span 6 =     2.6295,     2.6675       
# span 7 =     -14.33,     101.46       
# span 8 =     0.0476,     0.0676       
# span 9 = 1.2741e-01, 4.2898e+01       
# span 10 = 3.5001e+01, 3.5588e+02      
# span 11 =      2.405,    170.409      
# span 12 =  41.501232,  41.503176      
# span 13 =    6.18828,    6.25258      
# span 14 =    35.2723,    35.2740      
# span 15 =    35.2756,    35.2762      
# span 16 =    27.3664,    27.3693      
# span 17 =    1485.79,    1487.89      
# span 18 =    1485.79,    1486.81      
# span 19 = 0.0000e+00, 0.0000e+00      
# interval = decibars: 1                
# start_time = Feb 10 2020 12:01:44 [System UTC, header]
# bad_flag = -9.990e-29
*END*
[from data line 73]
       2466     79.000     8.7863     8.7863   3.723964   3.724160     2.6464      57.96     0.0541 1.3179e+00 3.3070e+02    102.699  41.502392    6.23311    35.2737    35.2758    27.3673    1487.04    1486.38 0.0000e+00
       2482     80.000     8.7861     8.7862   3.723991   3.724187     2.6472      57.36     0.0564 1.2511e+00 3.1100e+02    103.386  41.502400    6.23422    35.2737    35.2757    27.3673    1487.06    1486.38 0.0000e+00
       2498     81.000     8.7862     8.7863   3.724038   3.724255     2.6472      56.68     0.0535 1.1827e+00 2.7754e+02    104.047  41.502408    6.22998    35.2736    35.2758    27.3672    1487.07    1486.39 0.0000e+00
       2514     82.000     8.7863     8.7864   3.724113   3.724315     2.6464      55.73     0.0522 1.1132e+00 2.4798e+02    104.712  41.502416    6.22652    35.2739    35.2759    27.3674    1487.09    1486.40 0.0000e+00
       2530     83.000     8.7864     8.7864   3.724169   3.724367     2.6459      54.72     0.0538 1.0531e+00 2.6662e+02    105.361  41.502423    6.22752    35.2739    35.2760    27.3673    1487.11    1486.41 0.0000e+00
       2545     84.000     8.7865     8.7867   3.724222   3.724429     2.6459      53.87     0.0545 9.9734e-01 2.6401e+02    105.987  41.502430    6.22677    35.2738    35.2758    27.3673    1487.12    1486.42 0.0000e+00
       2559     85.000     8.7869     8.7869   3.724302   3.724499     2.6449      52.80     0.0524 9.4626e-01 2.6838e+02    106.593  41.502437    6.22105    35.2738    35.2759    27.3672    1487.14    1486.43 0.0000e+00
       2581     86.000     8.7868     8.7869   3.724341   3.724528     2.6434      51.53     0.0512 9.1274e-01 2.8174e+02    107.508  41.502448    6.21808    35.2738    35.2757    27.3673    1487.16    1486.43 0.0000e+00
       2621     87.000     8.7869     8.7868   3.724395   3.724578     2.6422      50.02     0.0489 8.9884e-01 3.1493e+02    109.147  41.502467    6.22495    35.2738    35.2759    27.3672    1487.17    1486.44 0.0000e+00
       2637     88.000     8.7868     8.7870   3.724437   3.724639     2.6425      49.41     0.0493 8.6401e-01 3.1869e+02    109.831  41.502475    6.22545    35.2739    35.2758    27.3673    1487.19    1486.45 0.0000e+00
       2652     89.000     8.7871     8.7872   3.724514   3.724689     2.6425      48.53     0.0519 8.2404e-01 3.1109e+02    110.468  41.502482    6.22511    35.2739    35.2757    27.3673    1487.21    1486.46 0.0000e+00
       2668     90.000     8.7872     8.7873   3.724561   3.724752     2.6425      47.74     0.0542 7.7837e-01 3.0028e+02    111.106  41.502490    6.22343    35.2738    35.2757    27.3672    1487.22    1486.47 0.0000e+00
       2688     91.000     8.7869     8.7871   3.724574   3.724777     2.6415      46.50     0.0552 7.3894e-01 2.7776e+02    111.970  41.502500    6.21598    35.2738    35.2757    27.3672    1487.24    1486.48 0.0000e+00
       2713     92.000     8.7874     8.7875   3.724667   3.724868     2.6397      45.34     0.0539 7.0881e-01 2.6192e+02    113.015  41.502512    6.21592    35.2738    35.2758    27.3671    1487.26    1486.49 0.0000e+00
       2730     93.000     8.7877     8.7877   3.724733   3.724953     2.6398      44.51     0.0521 6.7290e-01 2.7877e+02    113.723  41.502520    6.22466    35.2737    35.2760    27.3670    1487.28    1486.49 0.0000e+00
       2746     94.000     8.7879     8.7878   3.724805   3.724999     2.6410      43.60     0.0550 6.3460e-01 2.7822e+02    114.373  41.502527    6.23051    35.2738    35.2759    27.3670    1487.29    1486.50 0.0000e+00
       2761     95.000     8.7880     8.7881   3.724854   3.725068     2.6413      42.83     0.0579 6.0061e-01 2.8756e+02    114.990  41.502535    6.22850    35.2737    35.2759    27.3670    1487.31    1486.51 0.0000e+00
       2775     96.000     8.7879     8.7879   3.724895   3.725093     2.6414      41.85     0.0605 5.7404e-01 3.0625e+02    115.585  41.502541    6.22357    35.2738    35.2759    27.3670    1487.33    1486.52 0.0000e+00
       2790     97.000     8.7879     8.7880   3.724941   3.725147     2.6403      40.87     0.0566 5.4712e-01 3.1085e+02    116.217  41.502549    6.21679    35.2738    35.2758    27.3670    1487.34    1486.53 0.0000e+00
       2821     98.000     8.7877     8.7878   3.724970   3.725167     2.6392      39.35     0.0537 5.2874e-01 2.8994e+02    117.498  41.502564    6.22317    35.2738    35.2758    27.3671    1487.36    1486.54 0.0000e+00
       2852     99.000     8.7877     8.7877   3.725025   3.725221     2.6400      38.33     0.0549 5.0750e-01 2.7968e+02    118.785  41.502579    6.23044    35.2739    35.2760    27.3672    1487.37    1486.54 0.0000e+00
       2880    100.000     8.7877     8.7877   3.725071   3.725256     2.6410      37.31     0.0535 4.8040e-01 2.8060e+02    119.973  41.502592    6.22895    35.2739    35.2759    27.3672    1487.39    1486.55 0.0000e+00
       2915    101.000     8.7877     8.7878   3.725110   3.725313     2.6394      36.24     0.0535 4.5783e-01 2.9903e+02    121.422  41.502609    6.22023    35.2738    35.2759    27.3671    1487.41    1486.56 0.0000e+00
       2941    102.000     8.7881     8.7882   3.725188   3.725396     2.6390      35.41     0.0505 4.3561e-01 2.9453e+02    122.479  41.502621    6.22482    35.2738    35.2759    27.3670    1487.42    1486.57 0.0000e+00
       2958    103.000     8.7885     8.7886   3.725258   3.725455     2.6387      34.63     0.0503 4.1755e-01 2.9473e+02    123.217  41.502630    6.22610    35.2736    35.2756    27.3668    1487.44    1486.58 0.0000e+00
       2974    104.000     8.7885     8.7887   3.725324   3.725525     2.6394      33.82     0.0520 4.0047e-01 2.9171e+02    123.877  41.502637    6.23076    35.2738    35.2758    27.3670    1487.46    1486.59 0.0000e+00
       2989    105.000     8.7887     8.7887   3.725373   3.725573     2.6396      32.85     0.0529 3.7997e-01 3.2096e+02    124.499  41.502645    6.22963    35.2737    35.2758    27.3668    1487.48    1486.60 0.0000e+00
       3004    106.000     8.7886     8.7887   3.725416   3.725615     2.6395      31.99     0.0527 3.6371e-01 3.1363e+02    125.119  41.502652    6.22338    35.2738    35.2758    27.3669    1487.49    1486.60 0.0000e+00
       3019    107.000     8.7882     8.7883   3.725414   3.725640     2.6380      31.02     0.0512 3.4642e-01 3.1972e+02    125.734  41.502659    6.21491    35.2737    35.2759    27.3669    1487.51    1486.61 0.0000e+00
       3033    108.000     8.7881     8.7881   3.725455   3.725657     2.6366      29.97     0.0491 3.2918e-01 3.1534e+02    126.344  41.502666    6.21277    35.2737    35.2758    27.3669    1487.52    1486.62 0.0000e+00
       3048    109.000     8.7885     8.7885   3.725550   3.725737     2.6357      29.10     0.0509 3.2036e-01 3.0985e+02    126.957  41.502673    6.21473    35.2738    35.2758    27.3670    1487.54    1486.63 0.0000e+00
       3063    110.000     8.7882     8.7885   3.725555   3.725782     2.6351      28.03     0.0523 3.0405e-01 3.0718e+02    127.575  41.502680    6.21560    35.2737    35.2758    27.3669    1487.56    1486.64 0.0000e+00
       3104    111.000     8.7885     8.7883   3.725636   3.725805     2.6353      26.21     0.0530 2.9155e-01 2.9533e+02    129.291  41.502700    6.22875    35.2738    35.2758    27.3669    1487.57    1486.65 0.0000e+00
       3129    112.000     8.7885     8.7888   3.725677   3.725880     2.6373      25.43     0.0515 2.8117e-01 1.5129e+02    130.326  41.502712    6.23010    35.2737    35.2756    27.3669    1487.59    1486.65 0.0000e+00
       3146    113.000     8.7889     8.7893   3.725761   3.725985     2.6362      24.74     0.0476 2.6555e-01 5.9974e+01    131.025  41.502720    6.21807    35.2737    35.2757    27.3668    1487.61    1486.66 0.0000e+00
       3161    114.000     8.7885     8.7885   3.725774   3.725959     2.6351      23.82     0.0492 2.5283e-01 1.0508e+02    131.676  41.502728    6.21626    35.2738    35.2757    27.3669    1487.62    1486.67 0.0000e+00
       3177    115.000     8.7885     8.7888   3.725803   3.726026     2.6344      22.88     0.0523 2.3763e-01 1.3784e+02    132.314  41.502735    6.22067    35.2736    35.2757    27.3668    1487.64    1486.68 0.0000e+00
       3197    116.000     8.7886     8.7886   3.725866   3.726059     2.6349      21.79     0.0539 2.2997e-01 2.1099e+02    133.161  41.502745    6.22598    35.2737    35.2757    27.3669    1487.66    1486.69 0.0000e+00
       3229    117.000     8.7884     8.7885   3.725880   3.726088     2.6348      20.45     0.0520 2.1931e-01 2.6994e+02    134.496  41.502760    6.22296    35.2736    35.2757    27.3668    1487.67    1486.70 0.0000e+00
       3258    118.000     8.7887     8.7887   3.725957   3.726163     2.6343      19.50     0.0519 2.1201e-01 2.7826e+02    135.695  41.502774    6.22083    35.2736    35.2758    27.3668    1487.69    1486.71 0.0000e+00
       3276    119.000     8.7887     8.7889   3.725998   3.726219     2.6336      18.68     0.0528 2.0372e-01 2.9632e+02    136.478  41.502783    6.21277    35.2735    35.2757    27.3667    1487.71    1486.71 0.0000e+00
       3293    120.000     8.7886     8.7887   3.726034   3.726251     2.6315      17.90     0.0557 1.9528e-01 3.0839e+02    137.149  41.502791    6.20363    35.2735    35.2757    27.3667    1487.72    1486.72 0.0000e+00
       3308    121.000     8.7888     8.7889   3.726113   3.726313     2.6299      17.05     0.0553 1.8715e-01 3.1781e+02    137.780  41.502798    6.20519    35.2737    35.2757    27.3668    1487.74    1486.73 0.0000e+00
       3322    122.000     8.7888     8.7888   3.726164   3.726352     2.6295      16.06     0.0537 1.7781e-01 3.2363e+02    138.390  41.502805    6.21288    35.2738    35.2757    27.3669    1487.76    1486.74 0.0000e+00
       3337    123.000     8.7889     8.7889   3.726213   3.726408     2.6299      15.27     0.0531 1.6816e-01 3.2626e+02    139.001  41.502812    6.21851    35.2737    35.2758    27.3668    1487.77    1486.75 0.0000e+00
       3352    124.000     8.7889     8.7890   3.726253   3.726453     2.6302      14.21     0.0536 1.5972e-01 3.2912e+02    139.620  41.502820    6.22133    35.2736    35.2756    27.3668    1487.79    1486.76 0.0000e+00
       3371    125.000     8.7888     8.7888   3.726281   3.726480     2.6310      13.01     0.0531 1.5541e-01 3.3059e+02    140.430  41.502829    6.22287    35.2736    35.2757    27.3667    1487.81    1486.76 0.0000e+00
       3682    126.000     8.7886     8.7888   3.726317   3.726522     2.6333      11.25     0.0526 1.4634e-01 3.2523e+02    153.357  41.502979    6.22574    35.2736    35.2756    27.3668    1487.82    1486.77 0.0000e+00
       3907    127.000     8.7898     8.7895   3.726493   3.726644     2.6305      10.67     0.0547 1.4206e-01 2.2424e+02    162.736  41.503087    6.21853    35.2738    35.2757    27.3668    1487.84    1486.78 0.0000e+00
       3915    128.000     8.7912     8.7905   3.726666   3.726784     2.6305       9.75     0.0522 1.3841e-01 8.6161e+01    163.083  41.503091    6.21686    35.2738    35.2757    27.3665    1487.86    1486.79 0.0000e+00
       3931    129.000     8.7906     8.7904   3.726660   3.726826     2.6297       8.98     0.0517 1.3109e-01 3.5001e+01    163.744  41.503099    6.21111    35.2738    35.2758    27.3667    1487.88    1486.80 0.0000e+00
       4091    130.000     8.7904     8.7905   3.726652   3.726859     2.6299       7.11     0.0543 1.2741e-01 3.1244e+02    170.409  41.503176    6.22668    35.2735    35.2756    27.3664    1487.89    1486.81 0.0000e+00
