IBTS/IBTS_CruiseNotebook/Data/CTD/sta0036.cnv
* Sea-Bird SBE 9 Data File:
* FileName = C:\Seabird\CTDData\sta0036.hex
* Software Version Seasave V 7.21f
* Temperature SN = 2491
* Conductivity SN = 2694
* Number of Bytes Per Scan = 40
* Number of Voltage Words = 5
* Number of Scans Averaged by the Deck Unit = 1
* NMEA Latitude = 60 11.73 N
* NMEA Longitude = 000 22.99 W
* NMEA UTC (Time) = Feb 18 2020 04:21:48
* NMEA baud rate = 4800
** Ship: 10 F/F "G. O. Sars"
** Station: 0036
** Echodepth: 132
** Log: 8538.12
** Wind-Dir Force: 24 34
** Air-temp (dry): 6.8
** Weather Sky:
** Sea Ice:
# nquan = 20                                
# nvalues = 121                         
# units = specified
# name 0 = scan: Scan Count
# name 1 = prDM: Pressure, Digiquartz [db]
# name 2 = t068C: Temperature [ITS-68, deg C]
# name 3 = t168C: Temperature, 2 [ITS-68, deg C]
# name 4 = c0S/m: Conductivity [S/m]
# name 5 = c1S/m: Conductivity, 2 [S/m]
# name 6 = sbeox0V: Oxygen raw, SBE 43 [V]
# name 7 = altM: Altimeter [m]
# name 8 = flC: Fluorescence, Chelsea Aqua 3 Chl Con [ug/l]
# name 9 = par: PAR/Irradiance, Biospherical/Licor
# name 10 = spar: SPAR/Surface Irradiance
# name 11 = timeS: Time, Elapsed [seconds]
# name 12 = timeJ: Julian Days
# name 13 = sbeox0ML/L: Oxygen, SBE 43 [ml/l], WS = 2
# name 14 = sal00: Salinity, Practical [PSU]
# name 15 = sal11: Salinity, Practical, 2 [PSU]
# name 16 = sigma-t00: Density [sigma-t, Kg/m^3 ]
# name 17 = svCM: Sound Velocity [Chen-Millero, m/s]
# name 18 = avgsvCM: Average Sound Velocity [Chen-Millero, m/s], minP = 1, minS = 5
# name 19 = flag: flag
# span 0 =         67,       3971       
# span 1 =      3.000,    123.000       
# span 2 =     8.1669,     8.1753       
# span 3 =     8.1669,     8.1751       
# span 4 =   3.651088,   3.656961       
# span 5 =   3.651274,   3.657026       
# span 6 =     2.6096,     2.6456       
# span 7 =       1.30,      98.50       
# span 8 =     0.1165,     0.1388       
# span 9 = 5.1418e-02, 1.4944e+00       
# span 10 = 1.8090e+00, 1.9438e+00      
# span 11 =      2.738,    165.419      
# span 12 =  49.181872,  49.183755      
# span 13 =    6.23764,    6.27854      
# span 14 =    35.1503,    35.1521      
# span 15 =    35.1514,    35.1533      
# span 16 =    27.3657,    27.3682      
# span 17 =    1483.35,    1485.34      
# span 18 =    1483.35,    1484.31      
# span 19 = 0.0000e+00, 0.0000e+00      
# interval = decibars: 1                
# start_time = Feb 18 2020 04:21:51 [System UTC, header]
# bad_flag = -9.990e-29
*END*
[from data line 73]
       2624     76.000     8.1689     8.1689   3.654227   3.654335     2.6255      56.64     0.1305 5.1434e-02 1.9438e+00    109.288  49.183105    6.25427    35.1504    35.1516    27.3668    1484.54    1483.93 0.0000e+00
       2653     77.000     8.1692     8.1693   3.654302   3.654419     2.6239      55.76     0.1290 5.1448e-02 1.9438e+00    110.489  49.183119    6.25409    35.1504    35.1516    27.3667    1484.56    1483.93 0.0000e+00
       2674     78.000     8.1696     8.1699   3.654392   3.654524     2.6239      54.90     0.1286 5.1433e-02 1.9438e+00    111.385  49.183129    6.25415    35.1505    35.1516    27.3667    1484.57    1483.94 0.0000e+00
       2693     79.000     8.1698     8.1702   3.654483   3.654600     2.6229      54.05     0.1273 5.1426e-02 1.9438e+00    112.158  49.183138    6.25244    35.1508    35.1517    27.3669    1484.59    1483.95 0.0000e+00
       2710     80.000     8.1699     8.1701   3.654526   3.654643     2.6229      53.13     0.1276 5.1450e-02 1.9438e+00    112.891  49.183147    6.25490    35.1507    35.1517    27.3668    1484.61    1483.96 0.0000e+00
       2730     81.000     8.1700     8.1701   3.654579   3.654680     2.6226      52.11     0.1309 5.1439e-02 1.9438e+00    113.711  49.183156    6.25515    35.1507    35.1516    27.3668    1484.63    1483.97 0.0000e+00
       2757     82.000     8.1694     8.1696   3.654557   3.654674     2.6222      50.92     0.1304 5.1445e-02 1.9438e+00    114.835  49.183169    6.25279    35.1505    35.1516    27.3668    1484.64    1483.97 0.0000e+00
       2809     83.000     8.1695     8.1699   3.654594   3.654748     2.6225      49.55     0.1297 5.1427e-02 1.9438e+00    117.006  49.183195    6.26114    35.1503    35.1516    27.3666    1484.66    1483.98 0.0000e+00
       2839     84.000     8.1697     8.1700   3.654680   3.654810     2.6232      48.82     0.1326 5.1418e-02 1.9438e+00    118.242  49.183209    6.26097    35.1506    35.1517    27.3668    1484.67    1483.99 0.0000e+00
       2857     85.000     8.1706     8.1707   3.654830   3.654933     2.6229      48.04     0.1285 5.1436e-02 1.9438e+00    118.979  49.183217    6.25080    35.1508    35.1518    27.3668    1484.69    1484.00 0.0000e+00
       2872     86.000     8.1709     8.1710   3.654904   3.655002     2.6209      47.19     0.1284 5.1428e-02 1.9438e+00    119.631  49.183225    6.23920    35.1508    35.1517    27.3667    1484.71    1484.01 0.0000e+00
       2888     87.000     8.1709     8.1710   3.654944   3.655048     2.6190      46.29     0.1319 5.1427e-02 1.9438e+00    120.272  49.183232    6.23764    35.1507    35.1517    27.3667    1484.73    1484.02 0.0000e+00
       2920     88.000     8.1707     8.1708   3.654962   3.655067     2.6183      44.88     0.1318 5.1426e-02 1.9438e+00    121.645  49.183248    6.24765    35.1506    35.1517    27.3667    1484.74    1484.02 0.0000e+00
       2973     89.000     8.1708     8.1707   3.655002   3.655093     2.6190      43.67     0.1303 5.1438e-02 1.9438e+00    123.814  49.183273    6.25103    35.1505    35.1515    27.3665    1484.76    1484.03 0.0000e+00
       2995     90.000     8.1704     8.1705   3.655027   3.655132     2.6184      42.97     0.1288 5.1425e-02 1.9438e+00    124.749  49.183284    6.24740    35.1507    35.1517    27.3667    1484.77    1484.04 0.0000e+00
       3013     91.000     8.1708     8.1710   3.655115   3.655223     2.6180      42.15     0.1277 5.1418e-02 1.9438e+00    125.506  49.183293    6.24755    35.1507    35.1517    27.3667    1484.79    1484.05 0.0000e+00
       3031     92.000     8.1709     8.1709   3.655175   3.655263     2.6176      41.23     0.1310 5.1418e-02 1.9438e+00    126.247  49.183301    6.25003    35.1508    35.1517    27.3667    1484.81    1484.06 0.0000e+00
       3052     93.000     8.1711     8.1711   3.655230   3.655327     2.6179      40.18     0.1336 5.1430e-02 1.9438e+00    127.116  49.183312    6.25314    35.1507    35.1517    27.3666    1484.83    1484.07 0.0000e+00
       3077     94.000     8.1710     8.1710   3.655252   3.655361     2.6184      39.07     0.1286 5.1445e-02 1.9438e+00    128.154  49.183324    6.25814    35.1505    35.1517    27.3665    1484.84    1484.07 0.0000e+00
       3105     95.000     8.1710     8.1709   3.655305   3.655393     2.6188      37.99     0.1274 5.1448e-02 1.9438e+00    129.345  49.183337    6.25200    35.1506    35.1516    27.3666    1484.86    1484.08 0.0000e+00
       3132     96.000     8.1709     8.1708   3.655333   3.655427     2.6173      37.00     0.1320 5.1418e-02 1.9438e+00    130.473  49.183350    6.24646    35.1505    35.1516    27.3665    1484.88    1484.09 0.0000e+00
       3159     97.000     8.1712     8.1712   3.655409   3.655517     2.6167      36.02     0.1320 5.1445e-02 1.9438e+00    131.582  49.183363    6.24864    35.1505    35.1517    27.3665    1484.89    1484.10 0.0000e+00
       3186     98.000     8.1710     8.1711   3.655434   3.655543     2.6157      35.03     0.1296 5.1439e-02 1.9438e+00    132.718  49.183376    6.24575    35.1505    35.1516    27.3665    1484.91    1484.11 0.0000e+00
       3211     99.000     8.1710     8.1709   3.655486   3.655581     2.6156      34.09     0.1292 5.1424e-02 1.9438e+00    133.743  49.183388    6.24943    35.1506    35.1517    27.3666    1484.92    1484.12 0.0000e+00
       3232    100.000     8.1710     8.1710   3.655537   3.655634     2.6154      33.18     0.1301 5.1439e-02 1.9438e+00    134.633  49.183399    6.25059    35.1506    35.1517    27.3666    1484.94    1484.12 0.0000e+00
       3251    101.000     8.1704     8.1706   3.655526   3.655636     2.6157      32.25     0.1317 5.1442e-02 1.9438e+00    135.429  49.183408    6.25580    35.1506    35.1516    27.3667    1484.96    1484.13 0.0000e+00
       3270    102.000     8.1703     8.1704   3.655570   3.655663     2.6166      31.29     0.1328 5.1441e-02 1.9438e+00    136.212  49.183417    6.25692    35.1507    35.1516    27.3668    1484.97    1484.14 0.0000e+00
       3290    103.000     8.1704     8.1704   3.655609   3.655705     2.6161      30.26     0.1300 5.1431e-02 1.9438e+00    137.053  49.183427    6.24754    35.1505    35.1516    27.3666    1484.99    1484.15 0.0000e+00
       3312    104.000     8.1709     8.1709   3.655703   3.655798     2.6145      29.23     0.1253 5.1450e-02 1.9438e+00    137.952  49.183437    6.24732    35.1506    35.1516    27.3666    1485.01    1484.16 0.0000e+00
       3335    105.000     8.1715     8.1715   3.655798   3.655896     2.6151      28.20     0.1236 5.1431e-02 1.9438e+00    138.915  49.183448    6.25372    35.1505    35.1515    27.3664    1485.03    1484.16 0.0000e+00
       3358    106.000     8.1718     8.1717   3.655868   3.655968     2.6144      27.23     0.1303 5.1418e-02 1.9438e+00    139.867  49.183459    6.25039    35.1504    35.1516    27.3663    1485.04    1484.17 0.0000e+00
       3378    107.000     8.1719     8.1719   3.655930   3.656032     2.6149      26.29     0.1336 5.1432e-02 1.9438e+00    140.726  49.183469    6.25815    35.1505    35.1516    27.3664    1485.06    1484.18 0.0000e+00
       3398    108.000     8.1720     8.1720   3.655992   3.656087     2.6155      25.35     0.1355 5.1441e-02 1.9438e+00    141.522  49.183478    6.25809    35.1506    35.1516    27.3664    1485.08    1484.19 0.0000e+00
       3418    109.000     8.1721     8.1721   3.656042   3.656139     2.6154      24.35     0.1364 5.1425e-02 1.9438e+00    142.376  49.183488    6.25746    35.1505    35.1516    27.3664    1485.09    1484.20 0.0000e+00
       3445    110.000     8.1721     8.1722   3.656072   3.656187     2.6155      23.20     0.1353 5.1436e-02 1.9438e+00    143.504  49.183501    6.25455    35.1504    35.1515    27.3662    1485.11    1484.21 0.0000e+00
       3478    111.000     8.1719     8.1719   3.656091   3.656210     2.6134      22.11     0.1357 5.1442e-02 1.9438e+00    144.854  49.183517    6.24584    35.1503    35.1516    27.3662    1485.13    1484.21 0.0000e+00
       3504    112.000     8.1721     8.1721   3.656166   3.656275     2.6130      21.21     0.1270 5.1423e-02 1.9438e+00    145.977  49.183530    6.25116    35.1504    35.1516    27.3663    1485.14    1484.22 0.0000e+00
       3526    113.000     8.1723     8.1723   3.656239   3.656348     2.6126      20.31     0.1281 5.1440e-02 1.9438e+00    146.880  49.183540    6.24560    35.1505    35.1517    27.3663    1485.16    1484.23 0.0000e+00
       3545    114.000     8.1726     8.1729   3.656336   3.656452     2.6112      19.40     0.1292 5.1441e-02 1.9438e+00    147.664  49.183549    6.24457    35.1508    35.1517    27.3665    1485.18    1484.24 0.0000e+00
       3563    115.000     8.1731     8.1732   3.656425   3.656532     2.6114      18.45     0.1295 5.1434e-02 1.9438e+00    148.418  49.183558    6.25069    35.1507    35.1518    27.3664    1485.20    1484.25 0.0000e+00
       3582    116.000     8.1732     8.1733   3.656462   3.656586     2.6114      17.43     0.1296 5.1426e-02 1.9438e+00    149.198  49.183567    6.25091    35.1505    35.1518    27.3662    1485.21    1484.26 0.0000e+00
       3602    117.000     8.1732     8.1733   3.656519   3.656624     2.6114      16.37     0.1275 5.1425e-02 1.9438e+00    150.059  49.183577    6.25161    35.1506    35.1517    27.3663    1485.23    1484.26 0.0000e+00
       3625    118.000     8.1734     8.1734   3.656572   3.656674     2.6117      15.29     0.1262 5.1436e-02 1.9438e+00    151.007  49.183588    6.25748    35.1505    35.1516    27.3662    1485.25    1484.27 0.0000e+00
       3648    119.000     8.1735     8.1735   3.656626   3.656727     2.6129      14.29     0.1263 5.1444e-02 1.9438e+00    151.960  49.183599    6.25944    35.1505    35.1516    27.3661    1485.26    1484.28 0.0000e+00
       3670    120.000     8.1736     8.1736   3.656673   3.656789     2.6122      13.30     0.1280 5.1425e-02 1.9438e+00    152.868  49.183610    6.25279    35.1504    35.1517    27.3661    1485.28    1484.29 0.0000e+00
       3692    121.000     8.1742     8.1745   3.656779   3.656901     2.6123      12.31     0.1260 5.1454e-02 1.9438e+00    153.800  49.183620    6.26106    35.1505    35.1515    27.3660    1485.30    1484.30 0.0000e+00
       3726    122.000     8.1750     8.1751   3.656885   3.657007     2.6130      11.15     0.1299 5.1430e-02 1.9438e+00    155.220  49.183637    6.26071    35.1503    35.1515    27.3658    1485.32    1484.31 0.0000e+00
       3971    123.000     8.1753     8.1749   3.656961   3.657026     2.6096       9.82     0.1253 5.1455e-02 1.9438e+00    165.419  49.183755    6.25580    35.1504    35.1514    27.3657    1485.34    1484.31 0.0000e+00
