IBTS/IBTS_CruiseNotebook/Data/CTD/sta0019.cnv
* Sea-Bird SBE 9 Data File:
* FileName = C:\Seabird\CTDData\sta0019.hex
* Software Version Seasave V 7.21f
* Temperature SN = 2491
* Conductivity SN = 2694
* Number of Bytes Per Scan = 40
* Number of Voltage Words = 5
* Number of Scans Averaged by the Deck Unit = 1
* NMEA Latitude = 61 36.15 N
* NMEA Longitude = 000 39.89 W
* NMEA UTC (Time) = Feb 12 2020 05:10:03
* NMEA baud rate = 4800
** Ship: 10 F/F "G. O. Sars"
** Station: 0019
** Echodepth: 199
** Log: 7968.46
** Wind-Dir Force: 32 27
** Air-temp (dry): 3.1
** Weather Sky:
** Sea Ice:
# nquan = 20                                
# nvalues = 187                         
# units = specified
# name 0 = scan: Scan Count
# name 1 = prDM: Pressure, Digiquartz [db]
# name 2 = t068C: Temperature [ITS-68, deg C]
# name 3 = t168C: Temperature, 2 [ITS-68, deg C]
# name 4 = c0S/m: Conductivity [S/m]
# name 5 = c1S/m: Conductivity, 2 [S/m]
# name 6 = sbeox0V: Oxygen raw, SBE 43 [V]
# name 7 = altM: Altimeter [m]
# name 8 = flC: Fluorescence, Chelsea Aqua 3 Chl Con [ug/l]
# name 9 = par: PAR/Irradiance, Biospherical/Licor
# name 10 = spar: SPAR/Surface Irradiance
# name 11 = timeS: Time, Elapsed [seconds]
# name 12 = timeJ: Julian Days
# name 13 = sbeox0ML/L: Oxygen, SBE 43 [ml/l], WS = 2
# name 14 = sal00: Salinity, Practical [PSU]
# name 15 = sal11: Salinity, Practical, 2 [PSU]
# name 16 = sigma-t00: Density [sigma-t, Kg/m^3 ]
# name 17 = svCM: Sound Velocity [Chen-Millero, m/s]
# name 18 = avgsvCM: Average Sound Velocity [Chen-Millero, m/s], minP = 1, minS = 5
# name 19 = flag: flag
# span 0 =        120,       5235       
# span 1 =      4.000,    190.000       
# span 2 =     9.0992,     9.1248       
# span 3 =     9.0993,     9.1250       
# span 4 =   3.751227,   3.761896       
# span 5 =   3.751430,   3.762095       
# span 6 =     2.5741,     2.6289       
# span 7 =       9.81,     100.25       
# span 8 =     0.0401,     0.0548       
# span 9 = 5.1425e-02, 6.0076e-01       
# span 10 = 1.9438e+00, 1.9438e+00      
# span 11 =      4.955,    218.094      
# span 12 =  43.215393,  43.217860      
# span 13 =    6.03718,    6.10262      
# span 14 =    35.2819,    35.2835      
# span 15 =    35.2842,    35.2853      
# span 16 =    27.3200,    27.3243      
# span 17 =    1487.01,    1490.12      
# span 18 =    1487.01,    1488.53      
# span 19 = 0.0000e+00, 0.0000e+00      
# interval = decibars: 1                
# start_time = Feb 12 2020 05:10:05 [System UTC, header]
# bad_flag = -9.990e-29
*END*
[from data line 73]
       2466     77.000     9.1167     9.1168   3.755971   3.756155     2.6112      72.07     0.0515 5.1466e-02 -9.990e-29    102.722  43.216524    6.07613    35.2830    35.2848    27.3213    1488.23    1487.58 0.0000e+00
       2481     78.000     9.1167     9.1169   3.756030   3.756197     2.6117      98.90     0.0497 5.1486e-02 -9.990e-29    103.334  43.216532    6.07934    35.2831    35.2847    27.3214    1488.25    1487.59 0.0000e+00
       2501     79.000     9.1166     9.1168   3.756054   3.756222     2.6108      98.86     0.0477 5.1479e-02 -9.990e-29    104.166  43.216541    6.07345    35.2830    35.2846    27.3213    1488.27    1487.60 0.0000e+00
       2532     80.000     9.1167     9.1167   3.756106   3.756277     2.6098      51.82     0.0488 5.1476e-02 -9.990e-29    105.446  43.216556    6.08606    35.2830    35.2848    27.3213    1488.28    1487.61 0.0000e+00
       2552     81.000     9.1171     9.1170   3.756185   3.756341     2.6135      99.40     0.0509 5.1458e-02 -9.990e-29    106.282  43.216566    6.10262    35.2829    35.2847    27.3212    1488.30    1487.62 0.0000e+00
       2568     82.000     9.1174     9.1174   3.756268   3.756418     2.6145      98.86     0.0492 5.1445e-02 -9.990e-29    106.967  43.216574    6.09403    35.2830    35.2846    27.3212    1488.32    1487.62 0.0000e+00
       2584     83.000     9.1177     9.1178   3.756339   3.756497     2.6147      98.72     0.0482 5.1475e-02 -9.990e-29    107.608  43.216581    6.08337    35.2830    35.2845    27.3211    1488.34    1487.63 0.0000e+00
       2599     84.000     9.1176     9.1178   3.756384   3.756550     2.6115      32.64     0.0490 5.1446e-02 -9.990e-29    108.249  43.216589    6.07766    35.2831    35.2846    27.3212    1488.35    1487.64 0.0000e+00
       2616     85.000     9.1176     9.1176   3.756420   3.756584     2.6127      93.94     0.0506 5.1458e-02 -9.990e-29    108.963  43.216597    6.09145    35.2830    35.2847    27.3211    1488.37    1487.65 0.0000e+00
       2637     86.000     9.1178     9.1178   3.756482   3.756655     2.6129      98.83     0.0521 5.1484e-02 -9.990e-29    109.846  43.216607    6.08698    35.2829    35.2848    27.3211    1488.39    1487.66 0.0000e+00
       2666     87.000     9.1178     9.1180   3.756524   3.756700     2.6109      62.57     0.0451 5.1452e-02 -9.990e-29    111.034  43.216621    6.08046    35.2829    35.2846    27.3211    1488.40    1487.67 0.0000e+00
       2704     88.000     9.1180     9.1182   3.756561   3.756753     2.6123      99.90     0.0451 5.1482e-02 -9.990e-29    112.625  43.216639    6.09517    35.2826    35.2844    27.3208    1488.42    1487.68 0.0000e+00
       2735     89.000     9.1181     9.1182   3.756631   3.756814     2.6122      61.93     0.0492 5.1451e-02 -9.990e-29    113.925  43.216654    6.08828    35.2828    35.2846    27.3209    1488.44    1487.68 0.0000e+00
       2758     90.000     9.1182     9.1184   3.756690   3.756886     2.6128      78.96     0.0513 5.1448e-02 -9.990e-29    114.854  43.216665    6.09644    35.2828    35.2847    27.3209    1488.45    1487.69 0.0000e+00
       2775     91.000     9.1183     9.1184   3.756763   3.756929     2.6129      99.40     0.0480 5.1443e-02 -9.990e-29    115.603  43.216674    6.09030    35.2830    35.2846    27.3211    1488.47    1487.70 0.0000e+00
       2792     92.000     9.1187     9.1190   3.756857   3.757033     2.6119      98.87     0.0449 5.1454e-02 -9.990e-29    116.281  43.216682    6.08175    35.2831    35.2847    27.3211    1488.49    1487.71 0.0000e+00
       2808     93.000     9.1190     9.1191   3.756915   3.757090     2.6102      54.95     0.0480 5.1478e-02 1.9438e+00    116.958  43.216689    6.07748    35.2830    35.2847    27.3209    1488.51    1487.72 0.0000e+00
       2826     94.000     9.1190     9.1190   3.756970   3.757129     2.6094      64.50     0.0481 5.1441e-02 1.9438e+00    117.700  43.216698    6.08190    35.2831    35.2847    27.3210    1488.52    1487.73 0.0000e+00
       2846     95.000     9.1190     9.1190   3.757018   3.757184     2.6087      99.13     0.0475 5.1473e-02 1.9438e+00    118.548  43.216708    6.07540    35.2831    35.2848    27.3210    1488.54    1487.74 0.0000e+00
       2866     96.000     9.1193     9.1194   3.757095   3.757259     2.6068      98.86     0.0486 5.1449e-02 1.9438e+00    119.366  43.216717    6.06604    35.2831    35.2847    27.3210    1488.56    1487.74 0.0000e+00
       2884     97.000     9.1196     9.1196   3.757169   3.757336     2.6040      37.63     0.0486 5.1442e-02 1.9438e+00    120.141  43.216726    6.06687    35.2831    35.2849    27.3209    1488.57    1487.75 0.0000e+00
       2904     98.000     9.1197     9.1197   3.757222   3.757387     2.6053      87.19     0.0481 5.1464e-02 1.9438e+00    120.962  43.216736    6.08255    35.2831    35.2848    27.3209    1488.59    1487.76 0.0000e+00
       2930     99.000     9.1189     9.1189   3.757194   3.757346     2.6059      98.66     0.0489 5.1460e-02 -9.990e-29    122.062  43.216748    6.07701    35.2831    35.2847    27.3210    1488.60    1487.77 0.0000e+00
       2964    100.000     9.1186     9.1188   3.757185   3.757380     2.6046      56.56     0.0527 5.1476e-02 -9.990e-29    123.453  43.216764    6.07849    35.2828    35.2847    27.3209    1488.62    1487.78 0.0000e+00
       2992    101.000     9.1189     9.1191   3.757257   3.757461     2.6058      99.48     0.0507 5.1481e-02 -9.990e-29    124.607  43.216778    6.08226    35.2828    35.2848    27.3208    1488.64    1487.79 0.0000e+00
       3012    102.000     9.1192     9.1193   3.757346   3.757532     2.6057      98.04     0.0501 5.1456e-02 -9.990e-29    125.466  43.216788    6.07959    35.2830    35.2848    27.3209    1488.65    1487.80 0.0000e+00
       3030    103.000     9.1194     9.1195   3.757424   3.757592     2.6053      97.27     0.0478 5.1500e-02 -9.990e-29    126.194  43.216796    6.07458    35.2831    35.2848    27.3210    1488.67    1487.80 0.0000e+00
       3045    104.000     9.1196     9.1197   3.757489   3.757658     2.6040      96.19     0.0478 5.1446e-02 -9.990e-29    126.842  43.216804    6.07041    35.2831    35.2848    27.3209    1488.69    1487.81 0.0000e+00
       3060    105.000     9.1199     9.1199   3.757573   3.757718     2.6034      95.49     0.0472 5.1476e-02 -9.990e-29    127.463  43.216811    6.07180    35.2832    35.2847    27.3210    1488.71    1487.82 0.0000e+00
       3075    106.000     9.1201     9.1203   3.757642   3.757815     2.6030      94.53     0.0473 5.1447e-02 -9.990e-29    128.075  43.216818    6.07273    35.2833    35.2849    27.3210    1488.72    1487.83 0.0000e+00
       3089    107.000     9.1209     9.1211   3.757766   3.757928     2.6024      93.34     0.0459 5.1439e-02 -9.990e-29    128.685  43.216825    6.07340    35.2833    35.2848    27.3209    1488.74    1487.84 0.0000e+00
       3104    108.000     9.1212     9.1216   3.757836   3.758027     2.6023      92.50     0.0419 5.1447e-02 -9.990e-29    129.295  43.216832    6.07512    35.2833    35.2849    27.3208    1488.76    1487.85 0.0000e+00
       3119    109.000     9.1215     9.1215   3.757908   3.758063     2.6024      91.37     0.0430 5.1470e-02 -9.990e-29    129.897  43.216839    6.07318    35.2832    35.2849    27.3207    1488.78    1487.86 0.0000e+00
       3147    110.000     9.1211     9.1208   3.757908   3.758028     2.6018      90.19     0.0448 5.1457e-02 -9.990e-29    131.081  43.216853    6.07296    35.2832    35.2847    27.3207    1488.79    1487.86 0.0000e+00
       3224    111.000     9.1202     9.1202   3.757824   3.758026     2.6021      88.83     0.0490 5.1437e-02 -9.990e-29    134.297  43.216890    6.07659    35.2827    35.2848    27.3205    1488.81    1487.87 0.0000e+00
       3248    112.000     9.1205     9.1206   3.757922   3.758098     2.6015      88.18     0.0500 5.1499e-02 -9.990e-29    135.300  43.216902    6.07135    35.2829    35.2847    27.3206    1488.82    1487.88 0.0000e+00
       3268    113.000     9.1208     9.1208   3.758004   3.758173     2.6001      87.35     0.0483 5.1463e-02 -9.990e-29    136.137  43.216911    6.06551    35.2830    35.2848    27.3207    1488.84    1487.89 0.0000e+00
       3286    114.000     9.1215     9.1216   3.758131   3.758294     2.5993      86.45     0.0479 5.1452e-02 -9.990e-29    136.869  43.216920    6.06674    35.2832    35.2848    27.3207    1488.86    1487.90 0.0000e+00
       3302    115.000     9.1219     9.1220   3.758223   3.758380     2.5986      85.51     0.0481 5.1445e-02 -9.990e-29    137.554  43.216928    6.06701    35.2833    35.2848    27.3207    1488.88    1487.91 0.0000e+00
       3318    116.000     9.1222     9.1222   3.758291   3.758447     2.5983      84.65     0.0493 5.1466e-02 -9.990e-29    138.200  43.216935    6.06588    35.2832    35.2849    27.3206    1488.90    1487.91 0.0000e+00
       3333    117.000     9.1216     9.1218   3.758276   3.758464     2.5976      83.42     0.0475 5.1476e-02 -9.990e-29    138.828  43.216942    6.06199    35.2832    35.2849    27.3206    1488.91    1487.92 0.0000e+00
       3348    118.000     9.1210     9.1212   3.758280   3.758439     2.5964      82.22     0.0503 5.1491e-02 -9.990e-29    139.440  43.216950    6.06023    35.2833    35.2848    27.3209    1488.92    1487.93 0.0000e+00
       3362    119.000     9.1215     9.1214   3.758363   3.758505     2.5960      81.33     0.0496 5.1505e-02 -9.990e-29    140.039  43.216957    6.06364    35.2832    35.2848    27.3207    1488.94    1487.94 0.0000e+00
       3376    120.000     9.1219     9.1222   3.758443   3.758625     2.5960      80.32     0.0490 5.1471e-02 -9.990e-29    140.632  43.216963    6.06564    35.2832    35.2848    27.3206    1488.96    1487.95 0.0000e+00
       3390    121.000     9.1221     9.1223   3.758501   3.758670     2.5958      79.53     0.0488 5.1439e-02 -9.990e-29    141.216  43.216970    6.06284    35.2831    35.2847    27.3205    1488.98    1487.96 0.0000e+00
       3405    122.000     9.1220     9.1219   3.758544   3.758693     2.5950      78.46     0.0479 5.1479e-02 1.9438e+00    141.823  43.216977    6.05700    35.2832    35.2849    27.3206    1488.99    1487.97 0.0000e+00
       3548    123.000     9.1222     9.1224   3.758602   3.758769     2.5958      75.19     0.0519 5.1448e-02 1.9438e+00    147.783  43.217046    6.05722    35.2831    35.2847    27.3205    1489.01    1487.97 0.0000e+00
       3590    124.000     9.1223     9.1224   3.758645   3.758813     2.5943      76.25     0.0517 5.1472e-02 -9.990e-29    149.531  43.217066    6.05339    35.2830    35.2847    27.3204    1489.03    1487.98 0.0000e+00
       3605    125.000     9.1219     9.1220   3.758651   3.758824     2.5932      75.38     0.0501 5.1446e-02 -9.990e-29    150.167  43.217074    6.05276    35.2830    35.2847    27.3205    1489.04    1487.99 0.0000e+00
       3626    126.000     9.1217     9.1218   3.758667   3.758844     2.5916      74.29     0.0472 5.1466e-02 -9.990e-29    151.056  43.217084    6.05241    35.2829    35.2846    27.3204    1489.06    1488.00 0.0000e+00
       3655    127.000     9.1218     9.1219   3.758726   3.758891     2.5913      73.08     0.0503 5.1462e-02 -9.990e-29    152.237  43.217098    6.06330    35.2829    35.2846    27.3204    1489.08    1488.01 0.0000e+00
       3677    128.000     9.1223     9.1226   3.758809   3.759012     2.5927      72.03     0.0501 5.1495e-02 -9.990e-29    153.150  43.217108    6.07083    35.2828    35.2847    27.3203    1489.09    1488.02 0.0000e+00
       3694    129.000     9.1223     9.1223   3.758878   3.759026     2.5937      71.06     0.0520 5.1425e-02 -9.990e-29    153.892  43.217117    6.07266    35.2831    35.2846    27.3205    1489.11    1488.02 0.0000e+00
       3710    130.000     9.1217     9.1208   3.758856   3.758943     2.5944      70.15     0.0525 5.1477e-02 -9.990e-29    154.554  43.217124    6.06997    35.2830    35.2848    27.3205    1489.12    1488.03 0.0000e+00
       3725    131.000     9.1217     9.1215   3.758916   3.759051     2.5937      69.37     0.0522 5.1466e-02 -9.990e-29    155.179  43.217132    6.06277    35.2831    35.2847    27.3206    1489.14    1488.04 0.0000e+00
       3740    132.000     9.1217     9.1214   3.758954   3.759074     2.5927      68.27     0.0514 5.1447e-02 -9.990e-29    155.786  43.217139    6.05905    35.2830    35.2846    27.3205    1489.16    1488.05 0.0000e+00
       3754    133.000     9.1196     9.1193   3.758796   3.758930     2.5920      67.18     0.0500 5.1469e-02 -9.990e-29    156.383  43.217146    6.05983    35.2830    35.2847    27.3208    1489.17    1488.06 0.0000e+00
       3768    134.000     9.1196     9.1198   3.758852   3.759026     2.5914      66.14     0.0485 5.1449e-02 -9.990e-29    156.978  43.217152    6.05686    35.2831    35.2847    27.3209    1489.18    1488.07 0.0000e+00
       3783    135.000     9.1209     9.1210   3.759017   3.759181     2.5905      65.10     0.0485 5.1480e-02 -9.990e-29    157.569  43.217159    6.04915    35.2831    35.2847    27.3207    1489.20    1488.08 0.0000e+00
       3797    136.000     9.1196     9.1194   3.758928   3.759064     2.5879      64.08     0.0497 5.1438e-02 -9.990e-29    158.163  43.217166    6.04457    35.2829    35.2846    27.3208    1489.22    1488.08 0.0000e+00
       3812    137.000     9.1183     9.1184   3.758844   3.759020     2.5874      63.08     0.0477 5.1456e-02 -9.990e-29    158.775  43.217173    6.05474    35.2829    35.2846    27.3209    1489.23    1488.09 0.0000e+00
       3830    138.000     9.1180     9.1183   3.758848   3.759036     2.5882      61.96     0.0495 5.1458e-02 -9.990e-29    159.550  43.217182    6.06242    35.2827    35.2844    27.3209    1489.24    1488.10 0.0000e+00
       3856    139.000     9.1191     9.1190   3.759004   3.759151     2.5886      60.76     0.0489 5.1455e-02 -9.990e-29    160.625  43.217195    6.06355    35.2828    35.2844    27.3208    1489.26    1488.11 0.0000e+00
       3938    140.000     9.1201     9.1200   3.759106   3.759280     2.5907      59.53     0.0469 5.1474e-02 1.9438e+00    164.031  43.217234    6.06880    35.2824    35.2843    27.3203    1489.28    1488.12 0.0000e+00
       3983    141.000     9.1206     9.1206   3.759224   3.759396     2.5903      58.96     0.0457 5.1473e-02 1.9438e+00    165.915  43.217256    6.06333    35.2827    35.2845    27.3204    1489.30    1488.13 0.0000e+00
       4001    142.000     9.1206     9.1207   3.759284   3.759452     2.5900      58.15     0.0456 5.1427e-02 1.9438e+00    166.657  43.217265    6.06211    35.2828    35.2845    27.3205    1489.32    1488.13 0.0000e+00
       4017    143.000     9.1207     9.1209   3.759345   3.759510     2.5891      57.26     0.0444 5.1447e-02 -9.990e-29    167.337  43.217272    6.05802    35.2829    35.2844    27.3206    1489.33    1488.14 0.0000e+00
       4033    144.000     9.1210     9.1212   3.759422   3.759581     2.5882      56.37     0.0452 5.1482e-02 -9.990e-29    167.981  43.217280    6.05438    35.2829    35.2844    27.3205    1489.35    1488.15 0.0000e+00
       4048    145.000     9.1212     9.1214   3.759486   3.759655     2.5869      55.42     0.0449 5.1438e-02 -9.990e-29    168.618  43.217287    6.04989    35.2829    35.2845    27.3205    1489.37    1488.16 0.0000e+00
       4063    146.000     9.1212     9.1214   3.759533   3.759689     2.5857      54.36     0.0441 5.1466e-02 -9.990e-29    169.252  43.217295    6.04967    35.2829    35.2844    27.3205    1489.39    1488.17 0.0000e+00
       4078    147.000     9.1215     9.1216   3.759600   3.759765     2.5850      53.32     0.0465 5.1447e-02 -9.990e-29    169.882  43.217302    6.05286    35.2829    35.2845    27.3204    1489.40    1488.18 0.0000e+00
