IBTS/IBTS_CruiseNotebook/Data/CTD/sta0023.cnv
* Sea-Bird SBE 9 Data File:
* FileName = C:\Seabird\CTDData\sta0023.hex
* Software Version Seasave V 7.21f
* Temperature SN = 2491
* Conductivity SN = 2694
* Number of Bytes Per Scan = 40
* Number of Voltage Words = 5
* Number of Scans Averaged by the Deck Unit = 1
* NMEA Latitude = 61 38.09 N
* NMEA Longitude = 000 48.80 E
* NMEA UTC (Time) = Feb 13 2020 04:24:21
* NMEA baud rate = 4800
** Ship: 10 F/F "G. O. Sars"
** Station: 0023
** Echodepth: 204
** Log: 8122.61
** Wind-Dir Force: 33 07
** Air-temp (dry): 2.3
** Weather Sky:
** Sea Ice:
# nquan = 20                                
# nvalues = 196                         
# units = specified
# name 0 = scan: Scan Count
# name 1 = prDM: Pressure, Digiquartz [db]
# name 2 = t068C: Temperature [ITS-68, deg C]
# name 3 = t168C: Temperature, 2 [ITS-68, deg C]
# name 4 = c0S/m: Conductivity [S/m]
# name 5 = c1S/m: Conductivity, 2 [S/m]
# name 6 = sbeox0V: Oxygen raw, SBE 43 [V]
# name 7 = altM: Altimeter [m]
# name 8 = flC: Fluorescence, Chelsea Aqua 3 Chl Con [ug/l]
# name 9 = par: PAR/Irradiance, Biospherical/Licor
# name 10 = spar: SPAR/Surface Irradiance
# name 11 = timeS: Time, Elapsed [seconds]
# name 12 = timeJ: Julian Days
# name 13 = sbeox0ML/L: Oxygen, SBE 43 [ml/l], WS = 2
# name 14 = sal00: Salinity, Practical [PSU]
# name 15 = sal11: Salinity, Practical, 2 [PSU]
# name 16 = sigma-t00: Density [sigma-t, Kg/m^3 ]
# name 17 = svCM: Sound Velocity [Chen-Millero, m/s]
# name 18 = avgsvCM: Average Sound Velocity [Chen-Millero, m/s], minP = 1, minS = 5
# name 19 = flag: flag
# span 0 =        -53,       5434       
# span 1 =      3.000,    198.000       
# span 2 =     8.9365,     8.9670       
# span 3 =     8.9363,     8.9671       
# span 4 =   3.737966,   3.746077       
# span 5 =   3.738226,   3.746217       
# span 6 =     2.5939,     2.6518       
# span 7 =       9.05,     102.36       
# span 8 =     0.0495,     0.0692       
# span 9 = 5.1437e-02, 1.9684e+00       
# span 10 = 2.1026e-02, 2.0072e+00      
# span 11 =     -2.237,    226.358      
# span 12 =  44.183574,  44.186219      
# span 13 =    6.12742,    6.17036      
# span 14 =    35.2888,    35.2908      
# span 15 =    35.2903,    35.2923      
# span 16 =    27.3513,    27.3550      
# span 17 =    1486.43,    1489.57      
# span 18 =    1486.43,    1488.03      
# span 19 = 0.0000e+00, 0.0000e+00      
# interval = decibars: 1                
# start_time = Feb 13 2020 04:24:23 [System UTC, header]
# bad_flag = -9.990e-29
*END*
        -53      3.000     8.9552     8.9557   3.737977   3.738226     2.6477      91.84     0.0593 1.9684e+00 -9.990e-29     -2.237  44.183574    6.14658    35.2900    35.2921    27.3529    1486.43    1486.43 0.0000e+00
        371      4.000     8.9547     8.9555   3.737966   3.738240     2.6487      92.04     0.0522 1.1571e+00 -9.990e-29     15.428  44.183778    6.15389    35.2899    35.2920    27.3529    1486.45    1486.44 0.0000e+00
        396      5.000     8.9560     8.9564   3.738153   3.738378     2.6476      73.98     0.0541 8.6667e-01 1.9437e+00     16.450  44.183790    6.14772    35.2901    35.2920    27.3529    1486.47    1486.44 0.0000e+00
        427      6.000     8.9559     8.9562   3.738174   3.738399     2.6492      98.77     0.0569 7.4370e-01 5.6946e-01     17.745  44.183805    6.15895    35.2899    35.2920    27.3528    1486.48    1486.45 0.0000e+00
        458      7.000     8.9561     8.9564   3.738253   3.738475     2.6495      86.10     0.0569 6.0967e-01 2.0072e+00     19.036  44.183820    6.15785    35.2901    35.2921    27.3529    1486.50    1486.46 0.0000e+00
        483      8.000     8.9572     8.9573   3.738411   3.738599     2.6511      81.89     0.0565 4.4098e-01 1.7322e+00     20.102  44.183832    6.16901    35.2902    35.2920    27.3527    1486.52    1486.47 0.0000e+00
        511      9.000     8.9572     8.9572   3.738448   3.738625     2.6518      99.08     0.0559 3.5881e-01 2.1394e-01     21.265  44.183846    6.16021    35.2901    35.2919    27.3527    1486.54    1486.47 0.0000e+00
        536     10.000     8.9571     8.9572   3.738501   3.738669     2.6503      75.47     0.0558 3.0713e-01 -9.990e-29     22.286  44.183857    6.15692    35.2902    35.2919    27.3528    1486.55    1486.48 0.0000e+00
        556     11.000     8.9565     8.9566   3.738493   3.738685     2.6512      85.29     0.0587 2.0984e-01 -9.990e-29     23.111  44.183867    6.16909    35.2903    35.2922    27.3529    1486.57    1486.49 0.0000e+00
        574     12.000     8.9555     8.9561   3.738443   3.738673     2.6514      71.79     0.0550 1.9189e-01 -9.990e-29     23.869  44.183876    6.15901    35.2902    35.2921    27.3531    1486.58    1486.50 0.0000e+00
        593     13.000     8.9553     8.9552   3.738478   3.738624     2.6495      45.87     0.0549 1.5321e-01 1.6053e+00     24.662  44.183885    6.14994    35.2903    35.2920    27.3532    1486.60    1486.50 0.0000e+00
        614     14.000     8.9554     8.9559   3.738532   3.738748     2.6473      57.19     0.0527 1.2053e-01 9.6479e-01     25.529  44.183895    6.14926    35.2903    35.2921    27.3532    1486.61    1486.51 0.0000e+00
        636     15.000     8.9562     8.9561   3.738656   3.738812     2.6480      98.91     0.0533 1.0106e-01 1.2153e+00     26.478  44.183906    6.15799    35.2903    35.2921    27.3531    1486.63    1486.52 0.0000e+00
        662     16.000     8.9567     8.9573   3.738741   3.738966     2.6477      98.86     0.0540 1.1543e-01 1.2953e+00     27.543  44.183918    6.15741    35.2903    35.2920    27.3529    1486.65    1486.53 0.0000e+00
        688     17.000     8.9552     8.9558   3.738648   3.738869     2.6478      68.35     0.0565 8.6328e-02 1.7174e+00     28.643  44.183931    6.16439    35.2903    35.2920    27.3532    1486.66    1486.54 0.0000e+00
        711     18.000     8.9549     8.9551   3.738672   3.738857     2.6496      99.44     0.0553 7.9274e-02 -9.990e-29     29.602  44.183942    6.16866    35.2904    35.2921    27.3533    1486.68    1486.54 0.0000e+00
        731     19.000     8.9549     8.9548   3.738717   3.738890     2.6493      98.86     0.0525 5.4206e-02 -9.990e-29     30.418  44.183952    6.15820    35.2903    35.2923    27.3533    1486.69    1486.55 0.0000e+00
        749     20.000     8.9552     8.9554   3.738801   3.738972     2.6476      77.74     0.0538 5.4570e-02 -9.990e-29     31.161  44.183960    6.15001    35.2905    35.2921    27.3533    1486.71    1486.56 0.0000e+00
        765     21.000     8.9580     8.9574   3.739105   3.739216     2.6461      61.01     0.0557 5.3620e-02 -9.990e-29     31.842  44.183968    6.15715    35.2904    35.2921    27.3528    1486.74    1486.57 0.0000e+00
        781     22.000     8.9559     8.9564   3.738976   3.739172     2.6482      98.10     0.0563 5.2983e-02 -9.990e-29     32.487  44.183976    6.16090    35.2906    35.2922    27.3533    1486.75    1486.58 0.0000e+00
        796     23.000     8.9572     8.9574   3.739143   3.739297     2.6457      42.05     0.0542 5.1673e-02 -9.990e-29     33.114  44.183983    6.14623    35.2906    35.2920    27.3531    1486.77    1486.59 0.0000e+00
        812     24.000     8.9580     8.9569   3.739247   3.739315     2.6448      62.04     0.0514 5.1976e-02 -9.990e-29     33.808  44.183991    6.14856    35.2904    35.2922    27.3528    1486.79    1486.59 0.0000e+00
        832     25.000     8.9558     8.9562   3.739089   3.739272     2.6438      55.96     0.0495 5.1476e-02 -9.990e-29     34.626  44.184000    6.15921    35.2905    35.2920    27.3532    1486.80    1486.60 0.0000e+00
        856     26.000     8.9553     8.9554   3.739080   3.739243     2.6469      97.53     0.0512 5.1463e-02 -9.990e-29     35.615  44.184012    6.17036    35.2904    35.2920    27.3532    1486.81    1486.61 0.0000e+00
        885     27.000     8.9546     8.9545   3.739059   3.739208     2.6459      88.14     0.0587 5.1474e-02 -9.990e-29     36.823  44.184026    6.15411    35.2904    35.2921    27.3533    1486.83    1486.62 0.0000e+00
        916     28.000     8.9539     8.9540   3.739049   3.739216     2.6459      74.43     0.0556 5.1461e-02 -9.990e-29     38.126  44.184041    6.16432    35.2905    35.2922    27.3535    1486.84    1486.63 0.0000e+00
        943     29.000     8.9550     8.9549   3.739214   3.739345     2.6436      41.67     0.0518 5.1476e-02 -9.990e-29     39.255  44.184054    6.14320    35.2907    35.2921    27.3535    1486.86    1486.63 0.0000e+00
        966     30.000     8.9563     8.9571   3.739374   3.739587     2.6427      70.11     0.0519 5.1487e-02 -9.990e-29     40.201  44.184065    6.14828    35.2906    35.2920    27.3532    1486.88    1486.64 0.0000e+00
        986     31.000     8.9599     8.9585   3.739736   3.739770     2.6416      73.87     0.0517 5.1479e-02 -9.990e-29     41.037  44.184075    6.14862    35.2903    35.2921    27.3524    1486.91    1486.65 0.0000e+00
       1005     32.000     8.9560     8.9560   3.739437   3.739586     2.6411      79.02     0.0543 5.1456e-02 1.5270e+00     41.832  44.184084    6.14256    35.2906    35.2921    27.3533    1486.91    1486.66 0.0000e+00
       1024     33.000     8.9558     8.9562   3.739456   3.739652     2.6391      41.38     0.0534 5.1491e-02 1.0783e+00     42.607  44.184093    6.14142    35.2905    35.2921    27.3532    1486.93    1486.67 0.0000e+00
       1041     34.000     8.9554     8.9558   3.739471   3.739660     2.6394      55.50     0.0530 5.1458e-02 1.6160e+00     43.349  44.184101    6.15070    35.2906    35.2921    27.3533    1486.94    1486.68 0.0000e+00
       1058     35.000     8.9569     8.9566   3.739646   3.739785     2.6402      75.77     0.0514 5.1445e-02 6.1879e-01     44.055  44.184109    6.15530    35.2904    35.2922    27.3530    1486.97    1486.68 0.0000e+00
       1074     36.000     8.9573     8.9567   3.739742   3.739836     2.6411      99.04     0.0511 5.1466e-02 1.9543e+00     44.713  44.184117    6.15215    35.2906    35.2921    27.3530    1486.98    1486.69 0.0000e+00
       1089     37.000     8.9575     8.9566   3.739800   3.739881     2.6389      16.82     0.0502 5.1457e-02 1.9438e+00     45.344  44.184124    6.14471    35.2905    35.2922    27.3530    1487.00    1486.70 0.0000e+00
       1105     38.000     8.9563     8.9563   3.739745   3.739893     2.6402      79.56     0.0518 5.1482e-02 1.7686e+00     45.981  44.184132    6.14903    35.2906    35.2922    27.3532    1487.01    1486.71 0.0000e+00
       1122     39.000     8.9582     8.9585   3.739963   3.740144     2.6381      42.40     0.0519 5.1490e-02 -9.990e-29     46.726  44.184140    6.14777    35.2905    35.2921    27.3529    1487.04    1486.72 0.0000e+00
       1146     40.000     8.9607     8.9610   3.740244   3.740413     2.6391      76.30     0.0548 5.1491e-02 -9.990e-29     47.715  44.184152    6.14917    35.2905    35.2920    27.3525    1487.06    1486.73 0.0000e+00
       1183     41.000     8.9595     8.9596   3.740169   3.740336     2.6392      56.90     0.0573 5.1456e-02 -9.990e-29     49.234  44.184169    6.15727    35.2904    35.2921    27.3526    1487.07    1486.73 0.0000e+00
       1230     42.000     8.9607     8.9606   3.740345   3.740461     2.6420     102.36     0.0603 5.1462e-02 -9.990e-29     51.227  44.184192    6.16329    35.2906    35.2919    27.3525    1487.09    1486.74 0.0000e+00
       1257     43.000     8.9597     8.9598   3.740279   3.740457     2.6403      57.36     0.0553 5.1452e-02 -9.990e-29     52.325  44.184205    6.14878    35.2904    35.2922    27.3526    1487.11    1486.75 0.0000e+00
       1275     44.000     8.9582     8.9588   3.740187   3.740408     2.6401      74.17     0.0552 5.1473e-02 -9.990e-29     53.072  44.184214    6.15917    35.2905    35.2922    27.3528    1487.12    1486.76 0.0000e+00
       1290     45.000     8.9594     8.9595   3.740362   3.740527     2.6410      99.34     0.0563 5.1466e-02 -9.990e-29     53.721  44.184221    6.15642    35.2907    35.2923    27.3528    1487.14    1486.77 0.0000e+00
       1305     46.000     8.9591     8.9594   3.740383   3.740559     2.6384      13.21     0.0578 5.1457e-02 1.1922e+00     54.339  44.184228    6.14430    35.2907    35.2922    27.3529    1487.15    1486.78 0.0000e+00
       1320     47.000     8.9630     8.9622   3.740797   3.740851     2.6382      14.03     0.0591 5.1459e-02 1.9515e+00     54.944  44.184236    6.15151    35.2907    35.2920    27.3522    1487.19    1486.79 0.0000e+00
       1334     48.000     8.9648     8.9644   3.740997   3.741098     2.6381      31.39     0.0568 5.1437e-02 1.8047e+00     55.546  44.184242    6.15349    35.2905    35.2920    27.3518    1487.21    1486.79 0.0000e+00
       1349     49.000     8.9641     8.9642   3.740975   3.741138     2.6390      74.91     0.0600 5.1460e-02 5.5371e-01     56.151  44.184250    6.15102    35.2905    35.2921    27.3519    1487.22    1486.80 0.0000e+00
       1363     50.000     8.9630     8.9634   3.740933   3.741114     2.6359      35.66     0.0593 5.1496e-02 1.9507e+00     56.753  44.184256    6.14087    35.2907    35.2922    27.3522    1487.23    1486.81 0.0000e+00
       1378     51.000     8.9646     8.9645   3.741114   3.741258     2.6367      95.64     0.0602 5.1479e-02 1.2935e+00     57.382  44.184264    6.13770    35.2905    35.2921    27.3518    1487.26    1486.82 0.0000e+00
       1403     52.000     8.9613     8.9628   3.740849   3.741131     2.6316      43.81     0.0571 5.1475e-02 1.1798e+00     58.437  44.184276    6.13057    35.2905    35.2920    27.3524    1487.26    1486.83 0.0000e+00
       1441     53.000     8.9646     8.9649   3.741188   3.741367     2.6336      64.17     0.0593 5.1469e-02 1.8035e+00     59.993  44.184294    6.15438    35.2903    35.2919    27.3517    1487.29    1486.84 0.0000e+00
       1474     54.000     8.9638     8.9640   3.741178   3.741352     2.6371      89.28     0.0595 5.1494e-02 1.4668e+00     61.378  44.184310    6.16089    35.2905    35.2922    27.3520    1487.30    1486.85 0.0000e+00
       1495     55.000     8.9635     8.9622   3.741195   3.741232     2.6350      33.51     0.0605 5.1455e-02 1.5357e+00     62.268  44.184320    6.14343    35.2905    35.2922    27.3520    1487.32    1486.85 0.0000e+00
       1513     56.000     8.9616     8.9606   3.741075   3.741123     2.6353      62.18     0.0618 5.1495e-02 1.9443e+00     63.001  44.184329    6.15402    35.2907    35.2922    27.3524    1487.33    1486.86 0.0000e+00
       1529     57.000     8.9611     8.9594   3.741067   3.741069     2.6358      98.85     0.0606 5.1445e-02 1.9438e+00     63.687  44.184337    6.14536    35.2906    35.2923    27.3525    1487.34    1486.87 0.0000e+00
       1546     58.000     8.9617     8.9617   3.741159   3.741302     2.6323      19.30     0.0587 5.1482e-02 1.9438e+00     64.388  44.184345    6.13605    35.2905    35.2920    27.3523    1487.36    1486.88 0.0000e+00
       1564     59.000     8.9592     8.9590   3.740979   3.741113     2.6329      77.82     0.0581 5.1472e-02 1.9438e+00     65.146  44.184353    6.14377    35.2906    35.2922    27.3528    1487.37    1486.89 0.0000e+00
       1584     60.000     8.9586     8.9601   3.740990   3.741266     2.6308      66.50     0.0560 5.1483e-02 1.9438e+00     65.957  44.184363    6.13273    35.2908    35.2922    27.3531    1487.38    1486.90 0.0000e+00
       1605     61.000     8.9642     8.9650   3.741547   3.741746     2.6304      48.43     0.0569 5.1460e-02 1.9431e+00     66.816  44.184373    6.15277    35.2906    35.2919    27.3520    1487.42    1486.90 0.0000e+00
       1627     62.000     8.9661     8.9665   3.741770   3.741934     2.6333      79.63     0.0576 5.1466e-02 -9.990e-29     67.759  44.184384    6.15315    35.2906    35.2919    27.3517    1487.44    1486.91 0.0000e+00
       1652     63.000     8.9662     8.9663   3.741812   3.741963     2.6322      52.33     0.0580 5.1463e-02 -9.990e-29     68.800  44.184396    6.14601    35.2905    35.2920    27.3515    1487.46    1486.92 0.0000e+00
       1678     64.000     8.9659     8.9661   3.741845   3.741995     2.6322      46.84     0.0597 5.1459e-02 -9.990e-29     69.884  44.184408    6.15550    35.2906    35.2920    27.3517    1487.48    1486.93 0.0000e+00
       1700     65.000     8.9657     8.9660   3.741855   3.742001     2.6339      87.30     0.0606 5.1472e-02 -9.990e-29     70.806  44.184419    6.15311    35.2905    35.2917    27.3516    1487.49    1486.94 0.0000e+00
       1718     66.000     8.9659     8.9671   3.741935   3.742175     2.6322      43.10     0.0592 5.1450e-02 -9.990e-29     71.558  44.184428    6.14767    35.2906    35.2920    27.3517    1487.51    1486.95 0.0000e+00
       1735     67.000     8.9670     8.9670   3.742071   3.742211     2.6329      50.83     0.0590 5.1485e-02 -9.990e-29     72.236  44.184436    6.15344    35.2905    35.2920    27.3514    1487.53    1486.96 0.0000e+00
       1750     68.000     8.9664     8.9663   3.742044   3.742200     2.6319      41.49     0.0578 5.1476e-02 -9.990e-29     72.861  44.184443    6.14959    35.2903    35.2921    27.3514    1487.54    1486.97 0.0000e+00
       1765     69.000     8.9646     8.9648   3.741919   3.742094     2.6327      96.64     0.0579 5.1481e-02 -9.990e-29     73.496  44.184450    6.14364    35.2903    35.2920    27.3517    1487.55    1486.97 0.0000e+00
       1788     70.000     8.9646     8.9649   3.741964   3.742131     2.6284      63.57     0.0580 5.1477e-02 7.2942e-01     74.463  44.184461    6.12890    35.2903    35.2918    27.3517    1487.57    1486.98 0.0000e+00
       1841     71.000     8.9661     8.9662   3.742165   3.742313     2.6289      69.58     0.0558 5.1481e-02 1.9052e+00     76.655  44.184487    6.15600    35.2904    35.2919    27.3515    1487.59    1486.99 0.0000e+00
       1868     72.000     8.9647     8.9649   3.742062   3.742233     2.6312      56.69     0.0570 5.1471e-02 1.9475e+00     77.792  44.184500    6.15737    35.2903    35.2919    27.3516    1487.60    1487.00 0.0000e+00
       1885     73.000     8.9644     8.9640   3.742102   3.742187     2.6305      18.22     0.0575 5.1491e-02 8.4078e-01     78.487  44.184508    6.15037    35.2905    35.2918    27.3519    1487.62    1487.01 0.0000e+00
       1901     74.000     8.9645     8.9645   3.742156   3.742290     2.6306      78.90     0.0585 5.1472e-02 1.7033e+00     79.149  44.184516    6.14811    35.2905    35.2919    27.3518    1487.64    1487.02 0.0000e+00
