IBTS/IBTS_CruiseNotebook/Data/CTD/sta0019.cnv
* Sea-Bird SBE 9 Data File:
* FileName = C:\Seabird\CTDData\sta0019.hex
* Software Version Seasave V 7.21f
* Temperature SN = 2491
* Conductivity SN = 2694
* Number of Bytes Per Scan = 40
* Number of Voltage Words = 5
* Number of Scans Averaged by the Deck Unit = 1
* NMEA Latitude = 61 36.15 N
* NMEA Longitude = 000 39.89 W
* NMEA UTC (Time) = Feb 12 2020 05:10:03
* NMEA baud rate = 4800
** Ship: 10 F/F "G. O. Sars"
** Station: 0019
** Echodepth: 199
** Log: 7968.46
** Wind-Dir Force: 32 27
** Air-temp (dry): 3.1
** Weather Sky:
** Sea Ice:
# nquan = 20                                
# nvalues = 187                         
# units = specified
# name 0 = scan: Scan Count
# name 1 = prDM: Pressure, Digiquartz [db]
# name 2 = t068C: Temperature [ITS-68, deg C]
# name 3 = t168C: Temperature, 2 [ITS-68, deg C]
# name 4 = c0S/m: Conductivity [S/m]
# name 5 = c1S/m: Conductivity, 2 [S/m]
# name 6 = sbeox0V: Oxygen raw, SBE 43 [V]
# name 7 = altM: Altimeter [m]
# name 8 = flC: Fluorescence, Chelsea Aqua 3 Chl Con [ug/l]
# name 9 = par: PAR/Irradiance, Biospherical/Licor
# name 10 = spar: SPAR/Surface Irradiance
# name 11 = timeS: Time, Elapsed [seconds]
# name 12 = timeJ: Julian Days
# name 13 = sbeox0ML/L: Oxygen, SBE 43 [ml/l], WS = 2
# name 14 = sal00: Salinity, Practical [PSU]
# name 15 = sal11: Salinity, Practical, 2 [PSU]
# name 16 = sigma-t00: Density [sigma-t, Kg/m^3 ]
# name 17 = svCM: Sound Velocity [Chen-Millero, m/s]
# name 18 = avgsvCM: Average Sound Velocity [Chen-Millero, m/s], minP = 1, minS = 5
# name 19 = flag: flag
# span 0 =        120,       5235       
# span 1 =      4.000,    190.000       
# span 2 =     9.0992,     9.1248       
# span 3 =     9.0993,     9.1250       
# span 4 =   3.751227,   3.761896       
# span 5 =   3.751430,   3.762095       
# span 6 =     2.5741,     2.6289       
# span 7 =       9.81,     100.25       
# span 8 =     0.0401,     0.0548       
# span 9 = 5.1425e-02, 6.0076e-01       
# span 10 = 1.9438e+00, 1.9438e+00      
# span 11 =      4.955,    218.094      
# span 12 =  43.215393,  43.217860      
# span 13 =    6.03718,    6.10262      
# span 14 =    35.2819,    35.2835      
# span 15 =    35.2842,    35.2853      
# span 16 =    27.3200,    27.3243      
# span 17 =    1487.01,    1490.12      
# span 18 =    1487.01,    1488.53      
# span 19 = 0.0000e+00, 0.0000e+00      
# interval = decibars: 1                
# start_time = Feb 12 2020 05:10:05 [System UTC, header]
# bad_flag = -9.990e-29
*END*
        120      4.000     9.1107     9.1113   3.751958   3.752237     2.6219      90.32     0.0401 6.0076e-01 -9.990e-29      4.955  43.215393    6.05925    35.2819    35.2842    27.3214    1487.01    1487.01 0.0000e+00
        150      5.000     9.1086     9.1090   3.751822   3.752090     2.6226      99.01     0.0407 5.4970e-01 -9.990e-29      6.225  43.215408    6.05176    35.2821    35.2845    27.3219    1487.02    1487.01 0.0000e+00
        179      6.000     9.1019     9.1020   3.751257   3.751485     2.6194      96.86     0.0436 4.6641e-01 -9.990e-29      7.412  43.215421    6.03718    35.2823    35.2846    27.3232    1487.01    1487.01 0.0000e+00
        446      7.000     9.1028     9.1025   3.751424   3.751590     2.6225      91.50     0.0430 4.6628e-01 1.9438e+00     18.536  43.215550    6.06276    35.2827    35.2847    27.3233    1487.03    1487.01 0.0000e+00
        685      8.000     9.1032     9.1048   3.751519   3.751867     2.6255      91.72     0.0427 3.4513e-01 -9.990e-29     28.506  43.215666    6.05807    35.2828    35.2849    27.3233    1487.05    1487.02 0.0000e+00
        738      9.000     9.1027     9.1039   3.751519   3.751811     2.6218      73.78     0.0425 2.6640e-01 -9.990e-29     30.696  43.215691    6.05750    35.2828    35.2847    27.3234    1487.06    1487.02 0.0000e+00
        788     10.000     9.0992     9.0993   3.751227   3.751430     2.6245      79.61     0.0427 1.9346e-01 -9.990e-29     32.778  43.215715    6.07161    35.2827    35.2848    27.3240    1487.07    1487.03 0.0000e+00
        829     11.000     9.1003     9.1004   3.751395   3.751600     2.6257      90.97     0.0435 1.3101e-01 -9.990e-29     34.519  43.215735    6.07455    35.2829    35.2850    27.3239    1487.09    1487.03 0.0000e+00
        856     12.000     9.1023     9.1022   3.751640   3.751816     2.6261      98.86     0.0457 1.2047e-01 -9.990e-29     35.645  43.215748    6.07176    35.2830    35.2850    27.3237    1487.11    1487.04 0.0000e+00
        888     13.000     9.1026     9.1027   3.751706   3.751906     2.6253      88.26     0.0440 1.0405e-01 -9.990e-29     36.958  43.215763    6.06916    35.2830    35.2849    27.3236    1487.13    1487.05 0.0000e+00
        960     14.000     9.1032     9.1027   3.751811   3.751948     2.6274      93.51     0.0426 8.6360e-02 -9.990e-29     39.972  43.215798    6.08133    35.2830    35.2849    27.3235    1487.15    1487.05 0.0000e+00
       1001     15.000     9.1025     9.1027   3.751803   3.752000     2.6289      98.81     0.0420 7.8085e-02 -9.990e-29     41.671  43.215818    6.08206    35.2831    35.2850    27.3237    1487.16    1487.06 0.0000e+00
       1056     16.000     9.1013     9.1012   3.751719   3.751895     2.6278      96.58     0.0424 6.8826e-02 -9.990e-29     43.941  43.215844    6.07449    35.2829    35.2849    27.3238    1487.17    1487.07 0.0000e+00
       1106     17.000     9.1001     9.1003   3.751673   3.751862     2.6250      87.19     0.0425 5.7400e-02 -9.990e-29     46.048  43.215869    6.06515    35.2832    35.2849    27.3241    1487.19    1487.08 0.0000e+00
       1134     18.000     9.1027     9.1035   3.751962   3.752213     2.6265      97.87     0.0409 5.1921e-02 -9.990e-29     47.208  43.215882    6.08388    35.2831    35.2850    27.3237    1487.21    1487.08 0.0000e+00
       1161     19.000     9.1017     9.1009   3.751913   3.752018     2.6260      65.40     0.0421 5.1476e-02 -9.990e-29     48.337  43.215895    6.07457    35.2831    35.2850    27.3239    1487.22    1487.09 0.0000e+00
       1190     20.000     9.1009     9.1004   3.751903   3.752019     2.6252      83.67     0.0419 5.1474e-02 -9.990e-29     49.560  43.215909    6.07716    35.2833    35.2851    27.3241    1487.24    1487.10 0.0000e+00
       1218     21.000     9.1011     9.1009   3.751954   3.752126     2.6253      79.23     0.0426 5.1457e-02 -9.990e-29     50.693  43.215922    6.07014    35.2832    35.2852    27.3240    1487.26    1487.11 0.0000e+00
       1237     22.000     9.1006     9.1007   3.751966   3.752144     2.6243      76.59     0.0439 5.1442e-02 -9.990e-29     51.494  43.215932    6.07133    35.2833    35.2851    27.3242    1487.27    1487.11 0.0000e+00
       1253     23.000     9.1003     9.1006   3.751985   3.752186     2.6233      71.88     0.0429 5.1454e-02 -9.990e-29     52.187  43.215940    6.07469    35.2834    35.2852    27.3243    1487.29    1487.12 0.0000e+00
       1269     24.000     9.1026     9.1037   3.752259   3.752509     2.6247      93.43     0.0431 5.1481e-02 -9.990e-29     52.851  43.215947    6.07879    35.2835    35.2850    27.3240    1487.31    1487.13 0.0000e+00
       1285     25.000     9.1051     9.1055   3.752515   3.752737     2.6246      95.19     0.0452 5.1457e-02 -9.990e-29     53.496  43.215955    6.06807    35.2832    35.2851    27.3233    1487.34    1487.14 0.0000e+00
       1302     26.000     9.1064     9.1068   3.752691   3.752893     2.6218      66.11     0.0449 5.1472e-02 -9.990e-29     54.205  43.215963    6.06350    35.2833    35.2850    27.3232    1487.36    1487.15 0.0000e+00
       1335     27.000     9.1058     9.1059   3.752653   3.752851     2.6224      87.82     0.0432 5.1459e-02 -9.990e-29     55.580  43.215979    6.07619    35.2830    35.2850    27.3231    1487.37    1487.15 0.0000e+00
       1371     28.000     9.1050     9.1050   3.752643   3.752811     2.6226      70.68     0.0417 5.1476e-02 -9.990e-29     57.071  43.215996    6.07614    35.2832    35.2849    27.3234    1487.39    1487.16 0.0000e+00
       1393     29.000     9.1059     9.1054   3.752782   3.752897     2.6243      79.17     0.0434 5.1450e-02 -9.990e-29     58.001  43.216007    6.08763    35.2833    35.2850    27.3233    1487.40    1487.17 0.0000e+00
       1410     30.000     9.1057     9.1052   3.752811   3.752933     2.6250      83.66     0.0417 5.1504e-02 -9.990e-29     58.724  43.216015    6.08533    35.2833    35.2851    27.3233    1487.42    1487.18 0.0000e+00
       1426     31.000     9.1057     9.1059   3.752855   3.753033     2.6250      98.85     0.0428 5.1472e-02 -9.990e-29     59.395  43.216023    6.08180    35.2833    35.2849    27.3233    1487.44    1487.19 0.0000e+00
       1442     32.000     9.1068     9.1068   3.753015   3.753167     2.6244      98.86     0.0429 5.1464e-02 -9.990e-29     60.047  43.216031    6.07725    35.2834    35.2850    27.3232    1487.46    1487.20 0.0000e+00
       1465     33.000     9.1093     9.1091   3.753261   3.753412     2.6235      84.60     0.0450 5.1476e-02 -9.990e-29     61.000  43.216042    6.08177    35.2830    35.2848    27.3225    1487.48    1487.20 0.0000e+00
       1508     34.000     9.1086     9.1077   3.753249   3.753327     2.6269     100.01     0.0440 5.1469e-02 -9.990e-29     62.803  43.216063    6.09832    35.2831    35.2848    27.3227    1487.50    1487.21 0.0000e+00
       1539     35.000     9.1087     9.1074   3.753312   3.753359     2.6266      73.29     0.0442 5.1455e-02 -9.990e-29     64.091  43.216077    6.08894    35.2832    35.2850    27.3227    1487.51    1487.22 0.0000e+00
       1558     36.000     9.1073     9.1063   3.753227   3.753306     2.6274      92.54     0.0440 5.1474e-02 -9.990e-29     64.894  43.216087    6.09800    35.2832    35.2850    27.3230    1487.53    1487.23 0.0000e+00
       1575     37.000     9.1010     9.1020   3.752701   3.752958     2.6276      98.81     0.0434 5.1463e-02 -9.990e-29     65.598  43.216095    6.09596    35.2834    35.2851    27.3242    1487.52    1487.24 0.0000e+00
       1591     38.000     9.1031     9.1032   3.752954   3.753104     2.6271      98.86     0.0470 5.1427e-02 -9.990e-29     66.270  43.216103    6.08787    35.2835    35.2850    27.3239    1487.54    1487.25 0.0000e+00
       1607     39.000     9.1063     9.1065   3.753297   3.753460     2.6259      79.88     0.0469 5.1467e-02 -9.990e-29     66.927  43.216110    6.08157    35.2835    35.2850    27.3234    1487.57    1487.25 0.0000e+00
       1623     40.000     9.1079     9.1079   3.753474   3.753640     2.6241      71.56     0.0470 5.1463e-02 -9.990e-29     67.568  43.216118    6.08057    35.2833    35.2850    27.3229    1487.59    1487.26 0.0000e+00
       1638     41.000     9.1086     9.1085   3.753581   3.753734     2.6241      98.01     0.0486 5.1477e-02 -9.990e-29     68.228  43.216125    6.08327    35.2832    35.2849    27.3228    1487.61    1487.27 0.0000e+00
       1661     42.000     9.1088     9.1089   3.753653   3.753814     2.6228      98.86     0.0448 5.1469e-02 -9.990e-29     69.157  43.216136    6.07964    35.2833    35.2849    27.3228    1487.63    1487.28 0.0000e+00
       1698     43.000     9.1110     9.1111   3.753894   3.754053     2.6229      79.20     0.0445 5.1458e-02 -9.990e-29     70.695  43.216154    6.09222    35.2832    35.2847    27.3224    1487.65    1487.29 0.0000e+00
       1729     44.000     9.1120     9.1122   3.754027   3.754213     2.6236      66.02     0.0486 5.1443e-02 -9.990e-29     72.001  43.216169    6.08850    35.2831    35.2848    27.3221    1487.67    1487.30 0.0000e+00
       1749     45.000     9.1116     9.1117   3.754034   3.754216     2.6248      86.68     0.0475 5.1444e-02 -9.990e-29     72.815  43.216179    6.09927    35.2831    35.2849    27.3222    1487.69    1487.31 0.0000e+00
       1765     46.000     9.1107     9.1106   3.753996   3.754168     2.6252      99.22     0.0457 5.1455e-02 -9.990e-29     73.499  43.216186    6.09286    35.2831    35.2850    27.3223    1487.70    1487.31 0.0000e+00
       1781     47.000     9.1114     9.1114   3.754114   3.754270     2.6240      98.86     0.0434 5.1452e-02 -9.990e-29     74.163  43.216194    6.08186    35.2831    35.2848    27.3223    1487.72    1487.32 0.0000e+00
       1812     48.000     9.1118     9.1117   3.754177   3.754331     2.6222      82.74     0.0459 5.1451e-02 -9.990e-29     75.438  43.216209    6.08700    35.2829    35.2846    27.3220    1487.74    1487.33 0.0000e+00
       1856     49.000     9.1118     9.1119   3.754234   3.754417     2.6238     100.25     0.0487 5.1469e-02 -9.990e-29     77.296  43.216230    6.09944    35.2830    35.2849    27.3221    1487.76    1487.34 0.0000e+00
       1877     50.000     9.1121     9.1122   3.754303   3.754483     2.6249      98.87     0.0458 5.1474e-02 -9.990e-29     78.154  43.216240    6.10153    35.2830    35.2848    27.3221    1487.77    1487.35 0.0000e+00
       1894     51.000     9.1123     9.1127   3.754366   3.754572     2.6253      98.87     0.0438 5.1445e-02 -9.990e-29     78.865  43.216249    6.09683    35.2830    35.2847    27.3220    1487.79    1487.36 0.0000e+00
       1910     52.000     9.1124     9.1122   3.754438   3.754581     2.6246      98.86     0.0454 5.1454e-02 -9.990e-29     79.528  43.216256    6.08800    35.2832    35.2849    27.3221    1487.81    1487.37 0.0000e+00
       1925     53.000     9.1131     9.1130   3.754551   3.754694     2.6227      98.86     0.0466 5.1481e-02 -9.990e-29     80.179  43.216264    6.07694    35.2832    35.2848    27.3220    1487.83    1487.37 0.0000e+00
       1941     54.000     9.1131     9.1136   3.754592   3.754797     2.6204      82.50     0.0451 5.1457e-02 -9.990e-29     80.825  43.216271    6.07338    35.2831    35.2848    27.3220    1487.84    1487.38 0.0000e+00
       1956     55.000     9.1124     9.1136   3.754585   3.754841     2.6186      55.24     0.0443 5.1476e-02 -9.990e-29     81.461  43.216278    6.08154    35.2833    35.2848    27.3222    1487.86    1487.39 0.0000e+00
       1971     56.000     9.1136     9.1144   3.754729   3.754961     2.6205      98.57     0.0458 5.1481e-02 -9.990e-29     82.100  43.216286    6.09410    35.2831    35.2847    27.3219    1487.88    1487.40 0.0000e+00
       2010     57.000     9.1143     9.1144   3.754819   3.754996     2.6191      88.31     0.0447 5.1481e-02 -9.990e-29     83.726  43.216305    6.08673    35.2829    35.2846    27.3216    1487.90    1487.41 0.0000e+00
       2068     58.000     9.1147     9.1146   3.754913   3.755071     2.6206      75.83     0.0461 5.1452e-02 -9.990e-29     86.121  43.216332    6.09308    35.2830    35.2847    27.3216    1487.91    1487.42 0.0000e+00
       2093     59.000     9.1147     9.1148   3.754961   3.755141     2.6202      62.92     0.0425 5.1474e-02 -9.990e-29     87.146  43.216344    6.08860    35.2830    35.2848    27.3216    1487.93    1487.43 0.0000e+00
       2111     60.000     9.1150     9.1150   3.755033   3.755201     2.6205      93.65     0.0435 5.1463e-02 -9.990e-29     87.909  43.216353    6.09132    35.2830    35.2847    27.3216    1487.95    1487.44 0.0000e+00
       2127     61.000     9.1154     9.1154   3.755136   3.755284     2.6201      98.97     0.0452 5.1500e-02 -9.990e-29     88.575  43.216361    6.08529    35.2832    35.2847    27.3217    1487.97    1487.44 0.0000e+00
       2142     62.000     9.1154     9.1158   3.755182   3.755373     2.6187      98.87     0.0486 5.1466e-02 -9.990e-29     89.219  43.216368    6.07395    35.2832    35.2848    27.3217    1487.98    1487.45 0.0000e+00
       2157     63.000     9.1154     9.1157   3.755227   3.755399     2.6167      82.03     0.0489 5.1457e-02 -9.990e-29     89.842  43.216375    6.06860    35.2832    35.2847    27.3217    1488.00    1487.46 0.0000e+00
       2172     64.000     9.1157     9.1159   3.755306   3.755461     2.6146      54.37     0.0474 5.1476e-02 -9.990e-29     90.467  43.216383    6.07279    35.2832    35.2847    27.3217    1488.02    1487.47 0.0000e+00
       2187     65.000     9.1160     9.1161   3.755375   3.755550     2.6156      98.74     0.0484 5.1476e-02 -9.990e-29     91.082  43.216390    6.08163    35.2832    35.2849    27.3216    1488.03    1487.48 0.0000e+00
       2202     66.000     9.1155     9.1155   3.755373   3.755538     2.6150      98.86     0.0461 5.1449e-02 1.9438e+00     91.692  43.216397    6.07630    35.2832    35.2849    27.3216    1488.05    1487.49 0.0000e+00
       2216     67.000     9.1157     9.1159   3.755450   3.755614     2.6143      98.87     0.0451 5.1428e-02 1.9438e+00     92.292  43.216404    6.06966    35.2833    35.2848    27.3217    1488.07    1487.50 0.0000e+00
       2230     68.000     9.1161     9.1161   3.755513   3.755655     2.6131      70.94     0.0442 5.1490e-02 1.9438e+00     92.892  43.216411    6.06774    35.2831    35.2846    27.3215    1488.08    1487.50 0.0000e+00
       2252     69.000     9.1157     9.1158   3.755512   3.755675     2.6123      74.79     0.0444 5.1488e-02 1.9438e+00     93.774  43.216421    6.07479    35.2830    35.2846    27.3215    1488.10    1487.51 0.0000e+00
       2347     70.000     9.1157     9.1158   3.755546   3.755719     2.6162      98.82     0.0521 5.1463e-02 -9.990e-29     97.729  43.216467    6.09456    35.2829    35.2846    27.3214    1488.11    1487.52 0.0000e+00
       2371     71.000     9.1162     9.1162   3.755646   3.755819     2.6172      82.35     0.0509 5.1464e-02 -9.990e-29     98.767  43.216479    6.08920    35.2829    35.2848    27.3213    1488.13    1487.53 0.0000e+00
       2389     72.000     9.1163     9.1165   3.755700   3.755883     2.6162      53.05     0.0493 5.1478e-02 -9.990e-29     99.497  43.216487    6.09170    35.2829    35.2847    27.3213    1488.15    1487.54 0.0000e+00
       2405     73.000     9.1165     9.1166   3.755756   3.755933     2.6180      97.87     0.0459 5.1446e-02 -9.990e-29    100.173  43.216495    6.09677    35.2828    35.2846    27.3212    1488.17    1487.55 0.0000e+00
       2421     74.000     9.1166     9.1167   3.755825   3.756000     2.6171      98.86     0.0432 5.1437e-02 -9.990e-29    100.826  43.216503    6.08127    35.2830    35.2847    27.3213    1488.18    1487.56 0.0000e+00
       2436     75.000     9.1165     9.1165   3.755863   3.756027     2.6151      98.86     0.0466 5.1457e-02 -9.990e-29    101.471  43.216510    6.06659    35.2830    35.2847    27.3213    1488.20    1487.56 0.0000e+00
