IBTS/IBTS_CruiseNotebook/Data/CTD/sta0024.cnv
* Sea-Bird SBE 9 Data File:
* FileName = C:\Seabird\CTDData\sta0024.hex
* Software Version Seasave V 7.21f
* Temperature SN = 2491
* Conductivity SN = 2694
* Number of Bytes Per Scan = 40
* Number of Voltage Words = 5
* Number of Scans Averaged by the Deck Unit = 1
* NMEA Latitude = 61 43.43 N
* NMEA Longitude = 001 16.13 E
* NMEA UTC (Time) = Feb 13 2020 06:56:10
* NMEA baud rate = 4800
** Ship: 10 F/F "G. O. Sars"
** Station: 0024
** Echodepth: 182
** Log: 8140.59
** Wind-Dir Force: 08 03
** Air-temp (dry): 2.7
** Weather Sky:
** Sea Ice:
# nquan = 20                                
# nvalues = 169                         
# units = specified
# name 0 = scan: Scan Count
# name 1 = prDM: Pressure, Digiquartz [db]
# name 2 = t068C: Temperature [ITS-68, deg C]
# name 3 = t168C: Temperature, 2 [ITS-68, deg C]
# name 4 = c0S/m: Conductivity [S/m]
# name 5 = c1S/m: Conductivity, 2 [S/m]
# name 6 = sbeox0V: Oxygen raw, SBE 43 [V]
# name 7 = altM: Altimeter [m]
# name 8 = flC: Fluorescence, Chelsea Aqua 3 Chl Con [ug/l]
# name 9 = par: PAR/Irradiance, Biospherical/Licor
# name 10 = spar: SPAR/Surface Irradiance
# name 11 = timeS: Time, Elapsed [seconds]
# name 12 = timeJ: Julian Days
# name 13 = sbeox0ML/L: Oxygen, SBE 43 [ml/l], WS = 2
# name 14 = sal00: Salinity, Practical [PSU]
# name 15 = sal11: Salinity, Practical, 2 [PSU]
# name 16 = sigma-t00: Density [sigma-t, Kg/m^3 ]
# name 17 = svCM: Sound Velocity [Chen-Millero, m/s]
# name 18 = avgsvCM: Average Sound Velocity [Chen-Millero, m/s], minP = 1, minS = 5
# name 19 = flag: flag
# span 0 =        208,       4551       
# span 1 =      5.000,    173.000       
# span 2 =     8.8485,     8.8711       
# span 3 =     8.8488,     8.8710       
# span 4 =   3.726562,   3.735824       
# span 5 =   3.726780,   3.735962       
# span 6 =     2.5904,     2.6431       
# span 7 =      10.54,      99.67       
# span 8 =     0.0425,     0.0591       
# span 9 = 5.1425e-02, 8.0694e-01       
# span 10 = 2.5237e-02, 1.9651e+00      
# span 11 =      8.629,    189.592      
# span 12 =  44.289128,  44.291222      
# span 13 =    6.10781,    6.16921      
# span 14 =    35.2749,    35.2757      
# span 15 =    35.2766,    35.2771      
# span 16 =    27.3550,    27.3583      
# span 17 =    1486.05,    1488.88      
# span 18 =    1486.05,    1487.46      
# span 19 = 0.0000e+00, 0.0000e+00      
# interval = decibars: 1                
# start_time = Feb 13 2020 06:56:12 [System UTC, header]
# bad_flag = -9.990e-29
*END*
        208      5.000     8.8485     8.8488   3.726562   3.726780     2.6381      92.72     0.0499 8.0694e-01 1.9438e+00      8.629  44.289128    6.13216    35.2750    35.2770    27.3583    1486.05    1486.05 0.0000e+00
        556      6.000     8.8504     8.8505   3.726781   3.726971     2.6409      83.56     0.0462 7.0600e-01 1.9438e+00     23.133  44.289296    6.14761    35.2749    35.2768    27.3579    1486.08    1486.06 0.0000e+00
        598      7.000     8.8508     8.8510   3.726869   3.727066     2.6392      80.57     0.0470 5.5268e-01 1.9438e+00     24.877  44.289316    6.13307    35.2749    35.2768    27.3579    1486.10    1486.06 0.0000e+00
        633      8.000     8.8522     8.8526   3.727056   3.727261     2.6392      70.93     0.0461 4.4588e-01 3.7941e-01     26.332  44.289333    6.15199    35.2750    35.2768    27.3577    1486.12    1486.07 0.0000e+00
        671      9.000     8.8545     8.8539   3.727315   3.727420     2.6411      78.60     0.0460 3.3874e-01 1.7438e+00     27.905  44.289351    6.14804    35.2750    35.2767    27.3573    1486.14    1486.08 0.0000e+00
        705     10.000     8.8571     8.8562   3.727612   3.727705     2.6415      73.84     0.0492 2.3912e-01 1.7560e+00     29.324  44.289367    6.15558    35.2750    35.2769    27.3570    1486.17    1486.09 0.0000e+00
        733     11.000     8.8521     8.8519   3.727203   3.727356     2.6422      99.67     0.0485 2.3805e-01 -9.990e-29     30.495  44.289381    6.14697    35.2752    35.2770    27.3579    1486.17    1486.09 0.0000e+00
        756     12.000     8.8517     8.8510   3.727232   3.727310     2.6396      39.56     0.0493 1.6770e-01 -9.990e-29     31.451  44.289392    6.14035    35.2754    35.2770    27.3582    1486.18    1486.10 0.0000e+00
        776     13.000     8.8526     8.8529   3.727351   3.727530     2.6406      83.40     0.0477 1.5772e-01 -9.990e-29     32.305  44.289402    6.15712    35.2753    35.2769    27.3579    1486.20    1486.11 0.0000e+00
        796     14.000     8.8530     8.8529   3.727442   3.727582     2.6414      98.88     0.0444 1.1840e-01 2.5237e-02     33.126  44.289411    6.15770    35.2754    35.2770    27.3579    1486.22    1486.12 0.0000e+00
        815     15.000     8.8546     8.8548   3.727645   3.727790     2.6421      98.01     0.0465 1.0565e-01 1.3497e+00     33.929  44.289420    6.15189    35.2755    35.2768    27.3577    1486.24    1486.13 0.0000e+00
        834     16.000     8.8553     8.8553   3.727741   3.727883     2.6399      10.87     0.0483 1.0938e-01 1.9510e+00     34.697  44.289429    6.15056    35.2753    35.2768    27.3575    1486.26    1486.13 0.0000e+00
        851     17.000     8.8533     8.8526   3.727623   3.727689     2.6423      98.66     0.0480 8.1735e-02 1.9438e+00     35.414  44.289438    6.16493    35.2756    35.2769    27.3580    1486.27    1486.14 0.0000e+00
        868     18.000     8.8529     8.8530   3.727641   3.727776     2.6423      98.86     0.0475 7.9580e-02 1.9438e+00     36.108  44.289446    6.15828    35.2757    35.2770    27.3581    1486.28    1486.15 0.0000e+00
        885     19.000     8.8597     8.8598   3.728304   3.728439     2.6417      98.87     0.0488 6.8549e-02 8.5299e-01     36.853  44.289454    6.15331    35.2754    35.2767    27.3568    1486.33    1486.16 0.0000e+00
        905     20.000     8.8607     8.8601   3.728441   3.728512     2.6411      98.86     0.0487 6.8230e-02 1.7836e+00     37.674  44.289464    6.15422    35.2754    35.2767    27.3567    1486.35    1486.17 0.0000e+00
        925     21.000     8.8593     8.8592   3.728355   3.728488     2.6411      98.86     0.0497 7.0143e-02 -9.990e-29     38.492  44.289473    6.15661    35.2754    35.2769    27.3569    1486.36    1486.18 0.0000e+00
        944     22.000     8.8589     8.8586   3.728367   3.728472     2.6410      98.87     0.0525 5.8156e-02 -9.990e-29     39.302  44.289483    6.15620    35.2754    35.2768    27.3570    1486.37    1486.19 0.0000e+00
        966     23.000     8.8585     8.8582   3.728377   3.728484     2.6405      98.86     0.0484 5.3339e-02 -9.990e-29     40.212  44.289493    6.15438    35.2754    35.2769    27.3571    1486.39    1486.19 0.0000e+00
       1000     24.000     8.8575     8.8573   3.728328   3.728436     2.6406      98.87     0.0425 5.1604e-02 -9.990e-29     41.634  44.289510    6.16091    35.2754    35.2768    27.3572    1486.40    1486.20 0.0000e+00
       1042     25.000     8.8579     8.8587   3.728411   3.728612     2.6423      98.86     0.0454 5.1452e-02 -9.990e-29     43.380  44.289530    6.16921    35.2754    35.2767    27.3571    1486.42    1486.21 0.0000e+00
       1066     26.000     8.8602     8.8603   3.728666   3.728812     2.6431      98.86     0.0472 5.1454e-02 -9.990e-29     44.372  44.289541    6.16628    35.2753    35.2768    27.3567    1486.44    1486.22 0.0000e+00
       1084     27.000     8.8590     8.8598   3.728621   3.728830     2.6424      98.87     0.0501 5.1463e-02 -9.990e-29     45.116  44.289550    6.16150    35.2756    35.2770    27.3571    1486.46    1486.23 0.0000e+00
       1100     28.000     8.8588     8.8591   3.728647   3.728814     2.6420      98.87     0.0476 5.1436e-02 1.0322e-01     45.779  44.289558    6.15894    35.2756    35.2770    27.3571    1486.47    1486.24 0.0000e+00
       1115     29.000     8.8593     8.8593   3.728739   3.728871     2.6409      98.86     0.0468 5.1466e-02 1.6828e+00     46.417  44.289565    6.15549    35.2756    35.2769    27.3570    1486.49    1486.25 0.0000e+00
       1130     30.000     8.8601     8.8605   3.728862   3.729014     2.6400      98.87     0.0483 5.1486e-02 6.5717e-01     47.041  44.289572    6.15482    35.2756    35.2768    27.3569    1486.51    1486.26 0.0000e+00
       1145     31.000     8.8607     8.8604   3.728955   3.729062     2.6396      98.86     0.0502 5.1491e-02 1.8102e+00     47.653  44.289579    6.15382    35.2755    35.2769    27.3567    1486.53    1486.26 0.0000e+00
       1161     32.000     8.8598     8.8595   3.728911   3.729024     2.6384      98.86     0.0497 5.1461e-02 1.9341e+00     48.327  44.289587    6.15092    35.2754    35.2769    27.3568    1486.54    1486.27 0.0000e+00
       1184     33.000     8.8596     8.8590   3.728943   3.729017     2.6375      98.87     0.0493 5.1491e-02 1.6778e+00     49.273  44.289598    6.15373    35.2755    35.2768    27.3569    1486.56    1486.28 0.0000e+00
       1205     34.000     8.8587     8.8585   3.728910   3.729014     2.6374      98.86     0.0493 5.1487e-02 1.2140e+00     50.151  44.289608    6.15646    35.2755    35.2768    27.3571    1486.57    1486.29 0.0000e+00
       1222     35.000     8.8576     8.8575   3.728857   3.728974     2.6374      98.86     0.0496 5.1490e-02 1.9320e+00     50.883  44.289617    6.15758    35.2756    35.2769    27.3573    1486.58    1486.30 0.0000e+00
       1243     36.000     8.8601     8.8601   3.729128   3.729271     2.6374      98.86     0.0468 5.1466e-02 1.1401e+00     51.738  44.289627    6.15787    35.2755    35.2770    27.3568    1486.61    1486.31 0.0000e+00
       1285     37.000     8.8600     8.8609   3.729161   3.729357     2.6368      98.86     0.0496 5.1475e-02 1.3994e+00     53.498  44.289647    6.15620    35.2754    35.2766    27.3568    1486.62    1486.32 0.0000e+00
       1325     38.000     8.8614     8.8611   3.729350   3.729462     2.6373      98.86     0.0483 5.1468e-02 -9.990e-29     55.175  44.289666    6.16385    35.2756    35.2770    27.3567    1486.64    1486.32 0.0000e+00
       1344     39.000     8.8605     8.8602   3.729305   3.729420     2.6382      98.87     0.0466 5.1461e-02 -9.990e-29     55.946  44.289675    6.16139    35.2755    35.2770    27.3568    1486.66    1486.33 0.0000e+00
       1360     40.000     8.8605     8.8604   3.729355   3.729478     2.6372      98.86     0.0449 5.1447e-02 -9.990e-29     56.625  44.289683    6.15052    35.2755    35.2769    27.3568    1486.67    1486.34 0.0000e+00
       1375     41.000     8.8598     8.8602   3.729342   3.729513     2.6354      98.86     0.0442 5.1447e-02 -9.990e-29     57.265  44.289690    6.14553    35.2756    35.2770    27.3570    1486.69    1486.35 0.0000e+00
       1390     42.000     8.8637     8.8645   3.729744   3.729933     2.6345      98.86     0.0436 5.1472e-02 -9.990e-29     57.893  44.289698    6.14711    35.2755    35.2767    27.3563    1486.72    1486.36 0.0000e+00
       1405     43.000     8.8641     8.8642   3.729827   3.729968     2.6338      98.87     0.0453 5.1429e-02 1.7713e+00     58.516  44.289705    6.14938    35.2755    35.2769    27.3562    1486.74    1486.37 0.0000e+00
       1420     44.000     8.8651     8.8656   3.729967   3.730133     2.6336      98.86     0.0461 5.1457e-02 3.6468e-01     59.139  44.289712    6.15176    35.2755    35.2767    27.3560    1486.76    1486.38 0.0000e+00
       1435     45.000     8.8662     8.8662   3.730100   3.730246     2.6337      98.87     0.0474 5.1476e-02 2.5875e-01     59.759  44.289719    6.14815    35.2753    35.2768    27.3557    1486.78    1486.38 0.0000e+00
       1454     46.000     8.8660     8.8661   3.730130   3.730271     2.6319      98.87     0.0508 5.1464e-02 1.3139e+00     60.526  44.289728    6.13876    35.2753    35.2767    27.3558    1486.79    1486.39 0.0000e+00
       1490     47.000     8.8659     8.8659   3.730167   3.730297     2.6312      98.86     0.0516 5.1473e-02 1.9651e+00     62.035  44.289746    6.15396    35.2753    35.2767    27.3558    1486.81    1486.40 0.0000e+00
       1525     48.000     8.8660     8.8661   3.730222   3.730362     2.6327      98.86     0.0510 5.1456e-02 -9.990e-29     63.490  44.289763    6.15361    35.2753    35.2767    27.3558    1486.83    1486.41 0.0000e+00
       1552     49.000     8.8660     8.8659   3.730263   3.730403     2.6325      98.86     0.0499 5.1460e-02 -9.990e-29     64.607  44.289776    6.15158    35.2753    35.2769    27.3558    1486.84    1486.42 0.0000e+00
       1572     50.000     8.8655     8.8649   3.730283   3.730349     2.6321      98.86     0.0461 5.1464e-02 -9.990e-29     65.475  44.289786    6.15160    35.2755    35.2768    27.3560    1486.86    1486.43 0.0000e+00
       1590     51.000     8.8657     8.8658   3.730351   3.730480     2.6322      98.87     0.0471 5.1463e-02 -9.990e-29     66.192  44.289794    6.15291    35.2756    35.2768    27.3560    1486.87    1486.44 0.0000e+00
       1605     52.000     8.8657     8.8659   3.730393   3.730532     2.6316      98.86     0.0470 5.1466e-02 9.7190e-01     66.840  44.289801    6.15223    35.2755    35.2768    27.3560    1486.89    1486.45 0.0000e+00
       1620     53.000     8.8656     8.8658   3.730437   3.730576     2.6322      98.87     0.0489 5.1476e-02 1.3568e-01     67.460  44.289809    6.15312    35.2756    35.2769    27.3561    1486.91    1486.46 0.0000e+00
       1635     54.000     8.8663     8.8662   3.730540   3.730664     2.6312      98.86     0.0520 5.1457e-02 1.9072e+00     68.074  44.289816    6.14629    35.2755    35.2769    27.3559    1486.93    1486.46 0.0000e+00
       1649     55.000     8.8665     8.8665   3.730603   3.730743     2.6301      98.86     0.0528 5.1470e-02 1.3931e+00     68.682  44.289823    6.14262    35.2755    35.2770    27.3558    1486.94    1486.47 0.0000e+00
       1664     56.000     8.8666     8.8666   3.730653   3.730788     2.6291      98.86     0.0528 5.1495e-02 1.0392e+00     69.288  44.289830    6.14378    35.2754    35.2769    27.3558    1486.96    1486.48 0.0000e+00
       1681     57.000     8.8665     8.8665   3.730685   3.730822     2.6290      98.86     0.0511 5.1471e-02 1.8261e+00     70.005  44.289838    6.14796    35.2754    35.2768    27.3557    1486.98    1486.49 0.0000e+00
       1715     58.000     8.8664     8.8665   3.730722   3.730858     2.6285      98.87     0.0486 5.1482e-02 1.4327e+00     71.435  44.289855    6.15037    35.2754    35.2767    27.3558    1486.99    1486.50 0.0000e+00
       1751     59.000     8.8667     8.8666   3.730795   3.730926     2.6309      98.86     0.0475 5.1460e-02 1.1375e+00     72.904  44.289872    6.16434    35.2754    35.2769    27.3557    1487.01    1486.51 0.0000e+00
       1773     60.000     8.8665     8.8667   3.730823   3.730973     2.6310      98.87     0.0452 5.1488e-02 1.8593e+00     73.854  44.289883    6.15257    35.2754    35.2768    27.3557    1487.03    1486.52 0.0000e+00
       1793     61.000     8.8646     8.8645   3.730695   3.730816     2.6297      98.86     0.0486 5.1456e-02 4.5213e-01     74.674  44.289892    6.14787    35.2755    35.2768    27.3561    1487.03    1486.52 0.0000e+00
       1813     62.000     8.8640     8.8642   3.730686   3.730836     2.6287      98.86     0.0500 5.1474e-02 -9.990e-29     75.519  44.289902    6.14759    35.2755    35.2769    27.3562    1487.05    1486.53 0.0000e+00
       1836     63.000     8.8634     8.8633   3.730662   3.730786     2.6279      98.87     0.0539 5.1497e-02 -9.990e-29     76.440  44.289913    6.14926    35.2753    35.2767    27.3562    1487.06    1486.54 0.0000e+00
       1859     64.000     8.8630     8.8631   3.730675   3.730813     2.6281      98.86     0.0552 5.1457e-02 -9.990e-29     77.402  44.289924    6.15522    35.2754    35.2767    27.3563    1487.08    1486.55 0.0000e+00
       1879     65.000     8.8629     8.8630   3.730715   3.730844     2.6285      98.87     0.0536 5.1450e-02 -9.990e-29     78.257  44.289933    6.15380    35.2754    35.2767    27.3564    1487.09    1486.56 0.0000e+00
       1897     66.000     8.8629     8.8631   3.730774   3.730911     2.6280      98.86     0.0548 5.1483e-02 1.9437e+00     79.000  44.289942    6.14750    35.2756    35.2768    27.3565    1487.11    1486.57 0.0000e+00
       1913     67.000     8.8625     8.8626   3.730777   3.730908     2.6267      98.87     0.0561 5.1457e-02 1.1714e+00     79.662  44.289950    6.14502    35.2755    35.2768    27.3565    1487.13    1486.57 0.0000e+00
       1928     68.000     8.8629     8.8631   3.730857   3.730997     2.6263      98.86     0.0563 5.1476e-02 1.2952e+00     80.288  44.289957    6.14584    35.2755    35.2768    27.3564    1487.14    1486.58 0.0000e+00
       1943     69.000     8.8630     8.8631   3.730912   3.731048     2.6256      98.86     0.0557 5.1476e-02 1.8841e+00     80.903  44.289964    6.14421    35.2755    35.2768    27.3564    1487.16    1486.59 0.0000e+00
       1957     70.000     8.8632     8.8632   3.730985   3.731113     2.6251      98.86     0.0546 5.1467e-02 3.6319e-01     81.520  44.289971    6.14346    35.2756    35.2769    27.3564    1487.18    1486.60 0.0000e+00
       1977     71.000     8.8631     8.8630   3.731007   3.731117     2.6242      98.86     0.0514 5.1459e-02 1.8431e+00     82.324  44.289981    6.14518    35.2754    35.2767    27.3563    1487.19    1486.61 0.0000e+00
       2016     72.000     8.8628     8.8629   3.731020   3.731159     2.6258      98.87     0.0508 5.1459e-02 1.5557e+00     83.958  44.290000    6.15867    35.2754    35.2767    27.3563    1487.21    1486.62 0.0000e+00
       2069     73.000     8.8626     8.8626   3.731036   3.731171     2.6271      98.86     0.0525 5.1467e-02 1.3848e+00     86.147  44.290025    6.15491    35.2753    35.2767    27.3563    1487.22    1486.62 0.0000e+00
       2096     74.000     8.8629     8.8629   3.731115   3.731251     2.6265      98.86     0.0498 5.1459e-02 1.9645e+00     87.297  44.290038    6.15271    35.2753    35.2767    27.3563    1487.24    1486.63 0.0000e+00
       2114     75.000     8.8630     8.8632   3.731191   3.731328     2.6258      98.87     0.0509 5.1492e-02 1.9356e+00     88.047  44.290047    6.14637    35.2755    35.2768    27.3564    1487.26    1486.64 0.0000e+00
       2130     76.000     8.8633     8.8633   3.731256   3.731397     2.6243      98.86     0.0516 5.1463e-02 5.9140e-01     88.700  44.290054    6.14051    35.2754    35.2769    27.3563    1487.28    1486.65 0.0000e+00
